examples/flatland/Outputs/centerIgnit/b_RAWS/clockwise/1hr/flatland_centerIgnit_counterClockwise1hr_RAWS/flatland_centerIgnit_counterClockwise1hr_RAWS_ArrivalTime.asc
NCOLS 100
NROWS 100
XLLCORNER 20000.000000
YLLCORNER 20000.000000
CELLSIZE 30.000000
NODATA_VALUE -9999.0
[rows 28 to 55 of 100, columns 0 to 62 of 100]
-9999.0 -9999.0 -9999.0 -9999.0 -9999.0 -9999.0 -9999.0 -9999.0 -9999.0 -9999.0 -9999.0 -9999.0 -9999.0 -9999.0 -9999.0 -9999.0 -9999.0 -9999.0 -9999.0 -9999.0 -9999.0 -9999.0 -9999.0 -9999.0 00416.701 00404.829 00393.635 00382.643 00372.068 00360.689 00345.744 00332.992 00320.610 00308.655 00295.819 00280.777 00268.627 00256.891 00245.856 00236.382 00227.791 00219.806 00213.226 00207.558 00202.270 00201.986 00205.044 00208.906 00213.577 00220.144 00226.756 00235.802 00243.980 00251.452 00258.746 00267.188 00275.668 00284.198 00293.254 00301.859 00309.079 00315.923 00323.642
-9999.0 -9999.0 -9999.0 -9999.0 -9999.0 -9999.0 -9999.0 -9999.0 -9999.0 -9999.0 -9999.0 -9999.0 -9999.0 -9999.0 -9999.0 -9999.0 -9999.0 -9999.0 -9999.0 -9999.0 -9999.0 -9999.0 -9999.0 -9999.0 00408.756 00396.960 00385.371 00374.452 00362.859 00348.089 00332.638 00319.260 00306.523 00291.872 00276.650 00261.739 00248.509 00236.850 00225.697 00214.711 00206.181 00197.783 00190.914 00184.857 00179.516 00178.730 00181.823 00185.979 00191.253 00197.718 00205.394 00214.420 00223.870 00234.300 00244.824 00253.710 00262.345 00271.279 00280.362 00289.578 00299.040 00307.544 00315.529
-9999.0 -9999.0 -9999.0 -9999.0 -9999.0 -9999.0 -9999.0 -9999.0 -9999.0 -9999.0 -9999.0 -9999.0 -9999.0 -9999.0 -9999.0 -9999.0 -9999.0 -9999.0 -9999.0 -9999.0 -9999.0 -9999.0 -9999.0 00412.876 00400.944 00389.152 00377.543 00365.730 00351.454 00335.521 00320.098 00305.223 00289.799 00273.467 00257.787 00243.067 00229.126 00217.200 00205.880 00194.978 00184.895 00177.576 00171.823 00167.150 00162.752 00158.678 00161.878 00165.449 00170.265 00176.046 00184.485 00193.564 00203.297 00215.162 00227.105 00239.820 00249.565 00258.628 00267.867 00278.048 00288.299 00298.620 00307.227
-9999.0 -9999.0 -9999.0 -9999.0 -9999.0 -9999.0 -9999.0 -9999.0 -9999.0 -9999.0 -9999.0 -9999.0 -9999.0 -9999.0 -9999.0 -9999.0 -9999.0 -9999.0 -9999.0 -9999.0 -9999.0 -9999.0 00417.209 00405.107 00393.172 00381.434 00369.633 00355.795 00339.190 00323.078 00307.502 00289.413 00271.614 00255.352 00239.599 00225.546 00211.939 00198.447 00186.587 00176.954 00169.490 00162.514 00156.647 00151.078 00146.456 00141.801 00142.206 00145.876 00150.521 00156.234 00164.642 00173.228 00184.584 00196.309 00208.758 00221.438 00234.458 00246.994 00257.397 00267.496 00277.708 00288.107 00298.587
-9999.0 -9999.0 -9999.0 -9999.0 -9999.0 -9999.0 -9999.0 -9999.0 -9999.0 -9999.0 -9999.0 -9999.0 -9999.0 -9999.0 -9999.0 -9999.0 -9999.0 -9999.0 -9999.0 -9999.0 -9999.0 -9999.0 00409.858 00397.408 00385.510 00373.786 00361.212 00344.176 00327.044 00311.068 00293.312 00273.831 00254.595 00237.758 00223.285 00209.024 00195.001 00181.676 00172.238 00163.741 00156.274 00148.851 00141.703 00135.929 00130.497 00125.647 00122.247 00126.348 00130.972 00136.776 00145.188 00154.173 00165.882 00178.182 00190.719 00204.232 00219.059 00233.986 00246.726 00257.289 00267.532 00278.002 00288.664
-9999.0 -9999.0 -9999.0 -9999.0 -9999.0 -9999.0 -9999.0 -9999.0 -9999.0 -9999.0 -9999.0 -9999.0 -9999.0 -9999.0 -9999.0 -9999.0 -9999.0 -9999.0 -9999.0 -9999.0 -9999.0 00415.453 00402.582 00390.070 00377.931 00365.624 00350.106 00332.674 00315.621 00298.100 00278.065 00258.470 00239.541 00223.369 00207.308 00192.980 00179.367 00170.186 00161.168 00152.348 00143.536 00135.773 00128.437 00121.135 00116.939 00113.365 00109.919 00111.349 00114.452 00118.376 00125.922 00135.682 00147.392 00159.821 00173.863 00189.243 00204.008 00218.967 00234.146 00247.219 00257.999 00268.504 00279.107
-9999.0 -9999.0 -9999.0 -9999.0 -9999.0 -9999.0 -9999.0 -9999.0 -9999.0 -9999.0 -9999.0 -9999.0 -9999.0 -9999.0 -9999.0 -9999.0 -9999.0 -9999.0 -9999.0 -9999.0 -9999.0 00408.435 00395.512 00382.901 00370.449 00356.306 00338.641 00321.369 00303.963 00283.669 00263.195 00243.700 00226.776 00210.671 00194.798 00179.373 00169.156 00159.679 00150.599 00141.586 00132.714 00123.968 00116.885 00111.868 00107.058 00103.293 00099.650 00098.416 00101.694 00105.493 00111.090 00118.195 00129.295 00141.627 00157.640 00173.751 00189.393 00204.710 00220.149 00235.783 00248.441 00259.127 00269.659
-9999.0 -9999.0 -9999.0 -9999.0 -9999.0 -9999.0 -9999.0 -9999.0 -9999.0 -9999.0 -9999.0 -9999.0 -9999.0 -9999.0 -9999.0 -9999.0 -9999.0 -9999.0 -9999.0 -9999.0 00415.345 00401.518 00388.618 00375.913 00362.662 00345.028 00327.393 00310.101 00290.770 00269.901 00249.422 00231.047 00214.567 00198.510 00182.656 00171.495 00161.330 00151.210 00141.098 00131.115 00122.196 00115.204 00108.887 00102.960 00097.958 00093.406 00089.576 00085.624 00088.984 00092.641 00098.193 00105.514 00113.847 00125.798 00141.697 00157.874 00174.904 00191.032 00206.357 00221.843 00237.506 00249.731 00260.323
-9999.0 -9999.0 -9999.0 -9999.0 -9999.0 -9999.0 -9999.0 -9999.0 -9999.0 -9999.0 -9999.0 -9999.0 -9999.0 -9999.0 -9999.0 -9999.0 -9999.0 -9999.0 -9999.0 -9999.0 00409.680 00395.334 00381.775 00368.819 00353.018 00334.408 00316.249 00298.121 00277.041 00256.382 00236.724 00220.043 00203.579 00187.304 00174.284 00163.880 00153.662 00143.571 00133.526 00123.530 00114.981 00107.575 00101.257 00094.954 00089.059 00084.090 00079.685 00075.579 00075.876 00079.855 00085.327 00092.861 00101.135 00112.641 00125.981 00142.733 00159.660 00176.764 00192.712 00208.085 00223.634 00239.562 00251.391
-9999.0 -9999.0 -9999.0 -9999.0 -9999.0 -9999.0 -9999.0 -9999.0 -9999.0 -9999.0 -9999.0 -9999.0 -9999.0 -9999.0 -9999.0 -9999.0 -9999.0 -9999.0 -9999.0 00418.811 00404.175 00389.792 00375.669 00361.346 00342.731 00323.921 00305.511 00284.501 00263.591 00243.034 00225.762 00209.205 00192.852 00177.848 00167.423 00157.054 00146.743 00136.488 00126.287 00116.928 00109.176 00101.415 00093.641 00087.331 00081.056 00075.202 00070.266 00065.816 00062.465 00067.092 00072.486 00080.226 00089.203 00101.017 00113.249 00127.751 00144.564 00161.541 00178.696 00194.839 00210.567 00226.524 00242.016
-9999.0 -9999.0 -9999.0 -9999.0 -9999.0 -9999.0 -9999.0 -9999.0 -9999.0 -9999.0 -9999.0 -9999.0 -9999.0 -9999.0 -9999.0 -9999.0 -9999.0 -9999.0 -9999.0 00413.819 00398.811 00384.389 00370.039 00352.593 00332.517 00313.862 00293.816 00272.063 00250.698 00231.672 00215.013 00198.541 00182.278 00171.012 00160.611 00150.277 00139.999 00129.779 00119.695 00111.618 00103.548 00095.650 00087.891 00080.118 00073.433 00067.148 00061.345 00056.578 00052.131 00055.942 00059.776 00067.613 00077.617 00089.456 00102.011 00114.614 00129.587 00146.460 00164.160 00181.865 00197.951 00213.891 00230.039
-9999.0 -9999.0 -9999.0 -9999.0 -9999.0 -9999.0 -9999.0 -9999.0 -9999.0 -9999.0 -9999.0 -9999.0 -9999.0 -9999.0 -9999.0 -9999.0 -9999.0 -9999.0 -9999.0 00408.888 00393.926 00379.169 00364.200 00344.421 00323.518 00303.513 00281.844 00260.015 00238.882 00221.924 00205.167 00188.602 00174.956 00164.390 00153.899 00143.580 00133.322 00123.125 00114.394 00106.325 00098.268 00090.221 00082.181 00074.417 00066.518 00059.276 00052.835 00047.711 00042.598 00046.824 00051.131 00056.617 00066.110 00078.276 00090.813 00103.388 00116.010 00132.142 00149.712 00167.701 00186.839 00203.631 00220.415
-9999.0 -9999.0 -9999.0 -9999.0 -9999.0 -9999.0 -9999.0 -9999.0 -9999.0 -9999.0 -9999.0 -9999.0 -9999.0 -9999.0 -9999.0 -9999.0 -9999.0 -9999.0 -9999.0 00404.360 00389.084 00374.363 00358.025 00336.547 00315.644 00293.830 00270.443 00248.265 00229.496 00212.542 00195.803 00179.530 00168.910 00158.365 00147.882 00137.461 00127.101 00117.389 00109.123 00101.043 00092.992 00084.958 00076.932 00068.845 00060.575 00051.593 00044.731 00038.924 00033.374 00037.774 00042.660 00048.737 00056.527 00067.129 00079.640 00092.191 00105.070 00118.374 00136.373 00156.427 00176.586 00194.414 00211.154
-9999.0 -9999.0 -9999.0 -9999.0 -9999.0 -9999.0 -9999.0 -9999.0 -9999.0 -9999.0 -9999.0 -9999.0 -9999.0 -9999.0 -9999.0 -9999.0 -9999.0 -9999.0 00416.556 00400.566 00384.848 00369.345 00350.834 00329.133 00307.846 00285.136 00261.920 00239.319 00222.100 00205.089 00188.279 00174.547 00163.734 00152.972 00142.261 00131.598 00121.134 00112.541 00104.190 00095.871 00087.732 00079.692 00071.665 00063.321 00054.209 00044.976 00036.662 00030.453 00024.344 00029.006 00034.249 00041.372 00049.295 00057.400 00068.495 00081.017 00094.137 00108.146 00125.457 00145.450 00165.703 00185.340 00202.441
-9999.0 -9999.0 -9999.0 -9999.0 -9999.0 -9999.0 -9999.0 -9999.0 -9999.0 -9999.0 -9999.0 -9999.0 -9999.0 -9999.0 -9999.0 -9999.0 -9999.0 -9999.0 00412.954 00396.912 00381.118 00365.010 00343.753 00322.083 00300.538 00276.892 00253.614 00233.002 00215.924 00199.037 00182.366 00170.721 00159.952 00149.245 00138.600 00128.009 00117.770 00108.533 00099.324 00091.003 00082.714 00074.449 00066.225 00057.490 00047.966 00038.525 00029.459 00022.389 00015.428 00020.467 00026.362 00034.127 00042.120 00050.176 00058.289 00070.091 00083.172 00099.365 00115.683 00135.279 00156.344 00177.638 00195.577
-9999.0 -9999.0 -9999.0 -9999.0 -9999.0 -9999.0 -9999.0 -9999.0 -9999.0 -9999.0 -9999.0 -9999.0 -9999.0 -9999.0 -9999.0 -9999.0 -9999.0 -9999.0 00410.055 00393.404 00377.587 00361.010 00338.366 00315.787 00292.781 00269.216 00246.074 00227.357 00210.311 00193.479 00177.943 00167.153 00156.421 00145.749 00135.137 00124.585 00114.662 00105.440 00096.225 00087.016 00077.821 00069.519 00060.800 00051.225 00041.753 00032.363 00023.082 00014.333 00006.660 00012.010 00019.218 00027.063 00035.001 00042.996 00051.077 00059.434 00074.333 00090.631 00107.956 00126.736 00147.742 00169.413 00189.244
-9999.0 -9999.0 -9999.0 -9999.0 -9999.0 -9999.0 -9999.0 -9999.0 -9999.0 -9999.0 -9999.0 -9999.0 -9999.0 -9999.0 -9999.0 -9999.0 -9999.0 -9999.0 00407.448 00390.840 00374.442 00356.152 00333.130 00310.534 00287.019 00263.172 00239.820 00222.875 00206.128 00189.575 00175.508 00164.732 00154.016 00143.359 00132.764 00122.229 00112.433 00102.843 00093.266 00083.963 00074.762 00065.241 00054.842 00045.055 00035.586 00026.249 00016.995 00007.823 0.0 00000.000 00012.211 00020.042 00027.930 00035.875 00043.995 00053.163 00065.695 00082.987 00100.751 00119.458 00140.727 00162.410 00183.649
-9999.0 -9999.0 -9999.0 -9999.0 -9999.0 -9999.0 -9999.0 -9999.0 -9999.0 -9999.0 -9999.0 -9999.0 -9999.0 -9999.0 -9999.0 -9999.0 -9999.0 -9999.0 00405.263 00388.285 00371.907 00352.092 00328.437 00305.401 00281.582 00257.828 00235.968 00219.066 00202.503 00186.281 00173.446 00162.744 00152.101 00141.519 00130.999 00120.492 00110.606 00100.820 00091.149 00081.598 00072.017 00061.940 00050.369 00039.006 00029.452 00020.170 00010.967 00000.000 0.0 0.0 00000.000 00013.063 00020.901 00028.822 00037.250 00047.686 00058.640 00075.824 00094.233 00113.206 00134.147 00156.248 00178.602
-9999.0 -9999.0 -9999.0 -9999.0 -9999.0 -9999.0 -9999.0 -9999.0 -9999.0 -9999.0 -9999.0 -9999.0 -9999.0 -9999.0 -9999.0 -9999.0 -9999.0 -9999.0 00403.659 00386.529 00369.406 00348.405 00324.816 00301.514 00277.379 00253.610 00232.996 00216.417 00200.021 00183.966 00171.984 00161.319 00150.682 00140.065 00129.426 00118.920 00108.979 00099.095 00089.280 00079.554 00069.852 00059.147 00046.488 00034.477 00023.398 00014.116 00000.000 0.0 0.0 0.0 0.0 00000.000 00013.916 00021.798 00031.736 00042.387 00053.620 00068.440 00089.748 00112.138 00133.548 00154.728 00176.291
-9999.0 -9999.0 -9999.0 -9999.0 -9999.0 -9999.0 -9999.0 -9999.0 -9999.0 -9999.0 -9999.0 -9999.0 -9999.0 -9999.0 -9999.0 -9999.0 -9999.0 -9999.0 00402.553 00385.029 00367.705 00345.800 00321.713 00297.863 00273.772 00250.118 00230.728 00214.513 00198.466 00182.447 00170.881 00160.136 00150.365 00140.731 00131.184 00121.546 00111.082 00100.463 00089.840 00079.200 00068.345 00055.790 00042.815 00030.373 00018.486 00008.105 0.0 0.0 0.0 0.0 0.0 0.0 00000.000 00015.717 00025.945 00036.860 00052.600 00072.141 00093.819 00115.600 00136.518 00157.173 00178.476
-9999.0 -9999.0 -9999.0 -9999.0 -9999.0 -9999.0 -9999.0 -9999.0 -9999.0 -9999.0 -9999.0 -9999.0 -9999.0 -9999.0 -9999.0 -9999.0 -9999.0 00419.965 00401.919 00384.217 00366.501 00343.800 00319.548 00295.712 00271.666 00248.076 00229.381 00213.224 00197.068 00183.085 00172.422 00162.655 00152.974 00143.420 00134.014 00124.449 00114.307 00103.819 00093.354 00082.909 00072.486 00061.026 00045.098 00028.508 00013.651 00000.000 0.0 0.0 0.0 0.0 0.0 0.0 00000.000 00009.243 00024.607 00040.983 00056.763 00077.055 00098.530 00120.093 00140.079 00160.411 00180.961
-9999.0 -9999.0 -9999.0 -9999.0 -9999.0 -9999.0 -9999.0 -9999.0 -9999.0 -9999.0 -9999.0 -9999.0 -9999.0 -9999.0 -9999.0 -9999.0 -9999.0 00419.721 00401.597 00383.800 00365.817 00342.743 00318.364 00294.324 00270.329 00246.711 00228.345 00213.710 00199.951 00186.433 00174.926 00165.330 00155.817 00146.348 00137.186 00128.018 00118.363 00107.860 00097.379 00086.955 00076.619 00065.835 00052.171 00036.588 00020.739 00000.000 0.0 0.0 0.0 0.0 0.0 0.0 0.0 00014.726 00030.588 00046.254 00062.737 00083.716 00104.746 00125.273 00144.855 00164.801 00183.649
-9999.0 -9999.0 -9999.0 -9999.0 -9999.0 -9999.0 -9999.0 -9999.0 -9999.0 -9999.0 -9999.0 -9999.0 -9999.0 -9999.0 -9999.0 -9999.0 -9999.0 -9999.0 00403.666 00384.590 00365.364 00342.052 00317.485 00293.287 00269.470 00247.604 00230.846 00216.930 00203.238 00189.959 00177.872 00168.334 00159.111 00149.933 00140.800 00131.927 00122.940 00112.955 00102.571 00092.205 00081.856 00071.482 00060.181 00045.248 00030.495 00016.015 00000.000 0.0 0.0 0.0 0.0 0.0 00000.000 00023.461 00038.587 00053.966 00071.702 00091.247 00112.352 00132.174 00150.656 00169.640 00187.267
-9999.0 -9999.0 -9999.0 -9999.0 -9999.0 -9999.0 -9999.0 -9999.0 -9999.0 -9999.0 -9999.0 -9999.0 -9999.0 -9999.0 -9999.0 -9999.0 -9999.0 -9999.0 00406.973 00387.902 00368.878 00345.716 00320.646 00296.360 00274.057 00252.233 00234.031 00220.196 00206.928 00193.982 00181.679 00172.014 00162.775 00153.804 00145.094 00136.425 00127.646 00118.419 00108.422 00098.457 00088.524 00078.621 00068.567 00056.705 00041.958 00027.421 00013.073 0.0 0.0 0.0 0.0 00000.000 00018.420 00033.321 00048.453 00064.557 00083.341 00102.585 00121.700 00139.010 00157.464 00176.183 00190.996
-9999.0 -9999.0 -9999.0 -9999.0 -9999.0 -9999.0 -9999.0 -9999.0 -9999.0 -9999.0 -9999.0 -9999.0 -9999.0 -9999.0 -9999.0 -9999.0 -9999.0 -9999.0 00410.875 00391.636 00372.690 00350.636 00325.552 00300.965 00278.701 00257.179 00237.354 00224.100 00210.991 00198.621 00186.481 00175.928 00167.107 00158.334 00149.624 00140.936 00133.010 00124.856 00115.812 00105.859 00096.039 00086.240 00076.446 00066.261 00053.649 00038.954 00024.444 00000.000 0.0 0.0 0.0 00013.420 00028.264 00043.307 00058.573 00076.854 00095.510 00114.254 00131.551 00147.416 00164.553 00182.291 00195.499
-9999.0 -9999.0 -9999.0 -9999.0 -9999.0 -9999.0 -9999.0 -9999.0 -9999.0 -9999.0 -9999.0 -9999.0 -9999.0 -9999.0 -9999.0 -9999.0 -9999.0 -9999.0 00415.542 00396.068 00376.920 00356.187 00331.091 00306.490 00283.925 00262.696 00242.253 00228.223 00215.787 00203.487 00191.749 00180.616 00171.706 00162.947 00154.621 00146.716 00138.845 00131.038 00122.917 00113.655 00103.824 00094.014 00084.223 00074.426 00064.007 00050.608 00035.951 00021.538 00000.000 0.0 00000.000 00023.319 00038.264 00053.388 00070.565 00089.187 00107.885 00125.660 00140.981 00156.892 00172.991 00187.577 00200.126
-9999.0 -9999.0 -9999.0 -9999.0 -9999.0 -9999.0 -9999.0 -9999.0 -9999.0 -9999.0 -9999.0 -9999.0 -9999.0 -9999.0 -9999.0 -9999.0 -9999.0 -9999.0 -9999.0 00400.992 00381.568 00361.878 00337.204 00312.757 00290.065 00269.178 00248.756 00233.154 00220.703 00208.807 00197.516 00186.466 00176.470 00168.466 00160.502 00152.577 00144.808 00137.128 00129.426 00121.226 00111.629 00101.804 00091.998 00082.209 00072.501 00062.008 00048.045 00034.502 00022.990 00000.000 00023.554 00035.766 00048.994 00065.069 00083.101 00101.575 00120.254 00135.873 00150.983 00166.397 00181.858 00193.389 00204.940
-9999.0 -9999.0 -9999.0 -9999.0 -9999.0 -9999.0 -9999.0 -9999.0 -9999.0 -9999.0 -9999.0 -9999.0 -9999.0 -9999.0 -9999.0 -9999.0 -9999.0 -9999.0 -9999.0 00407.069 00387.578 00368.129 00344.955 00320.367 00296.678 00276.163 00256.500 00238.141 00226.082 00214.634 00203.431 00192.362 00182.845 00174.390 00166.424 00158.656 00150.926 00143.227 00135.551 00127.751 00119.460 00109.765 00100.130 00090.484 00080.822 00071.356 00062.449 00051.393 00041.095 00029.867 00041.059 00051.781 00064.651 00078.371 00096.488 00114.467 00130.833 00145.860 00161.038 00176.363 00188.840 00199.638 00210.427
