examples/flatland/Outputs/centerIgnit/b_RAWS/clockwise/1hr/flatland_centerIgnit_counterClockwise1hr_RAWS/flatland_centerIgnit_counterClockwise1hr_RAWS_ReactionIntensity.asc
NCOLS 100
NROWS 100
XLLCORNER 20000.000000
YLLCORNER 20000.000000
CELLSIZE 30.000000
NODATA_VALUE -9999.0
[rows 28 to 55 of 100, columns 0 to 61 of 100]
-9999.0 -9999.0 -9999.0 -9999.0 -9999.0 -9999.0 -9999.0 -9999.0 -9999.0 -9999.0 -9999.0 -9999.0 -9999.0 -9999.0 -9999.0 -9999.0 -9999.0 -9999.0 -9999.0 -9999.0 -9999.0 -9999.0 -9999.0 -9999.0 00152.328 00153.101 00153.752 00154.328 00154.844 00155.058 00156.080 00156.629 00157.158 00157.636 00158.110 00158.827 00159.419 00160.066 00160.624 00161.064 00161.550 00161.986 00162.372 00162.716 00163.053 00163.071 00162.875 00162.631 00162.351 00161.965 00161.606 00161.097 00160.698 00160.390 00159.955 00159.495 00159.069 00158.670 00158.275 00157.792 00157.626 00157.369
-9999.0 -9999.0 -9999.0 -9999.0 -9999.0 -9999.0 -9999.0 -9999.0 -9999.0 -9999.0 -9999.0 -9999.0 -9999.0 -9999.0 -9999.0 -9999.0 -9999.0 -9999.0 -9999.0 -9999.0 -9999.0 -9999.0 -9999.0 -9999.0 00152.855 00153.565 00154.187 00154.729 00155.019 00155.977 00156.644 00157.219 00157.685 00158.336 00159.022 00159.778 00160.520 00161.037 00161.664 00162.286 00162.804 00163.352 00163.834 00163.894 00164.177 00164.382 00163.904 00163.890 00163.810 00163.357 00162.854 00162.303 00161.763 00161.184 00160.665 00160.256 00159.747 00159.280 00158.847 00158.438 00157.897 00157.661
-9999.0 -9999.0 -9999.0 -9999.0 -9999.0 -9999.0 -9999.0 -9999.0 -9999.0 -9999.0 -9999.0 -9999.0 -9999.0 -9999.0 -9999.0 -9999.0 -9999.0 -9999.0 -9999.0 -9999.0 -9999.0 -9999.0 -9999.0 00152.581 00153.330 00153.989 00154.578 00154.967 00155.824 00156.521 00157.182 00157.715 00158.428 00159.173 00160.012 00160.733 00161.477 00162.140 00162.824 00163.551 00163.893 00164.437 00164.708 00164.932 00165.152 00165.350 00165.194 00165.016 00164.780 00164.509 00163.895 00163.650 00162.986 00162.259 00161.587 00160.863 00160.479 00159.964 00159.459 00158.957 00158.493 00157.925
-9999.0 -9999.0 -9999.0 -9999.0 -9999.0 -9999.0 -9999.0 -9999.0 -9999.0 -9999.0 -9999.0 -9999.0 -9999.0 -9999.0 -9999.0 -9999.0 -9999.0 -9999.0 -9999.0 -9999.0 -9999.0 -9999.0 00152.294 00153.084 00153.776 00154.387 00154.896 00155.628 00156.364 00157.049 00157.662 00158.444 00159.262 00160.160 00160.876 00161.672 00162.446 00163.305 00163.888 00164.467 00164.816 00165.160 00165.455 00165.739 00165.984 00166.238 00166.217 00166.015 00165.768 00165.476 00165.057 00164.643 00163.894 00163.457 00162.641 00161.893 00161.176 00160.580 00160.036 00159.479 00158.972 00158.501
-9999.0 -9999.0 -9999.0 -9999.0 -9999.0 -9999.0 -9999.0 -9999.0 -9999.0 -9999.0 -9999.0 -9999.0 -9999.0 -9999.0 -9999.0 -9999.0 -9999.0 -9999.0 -9999.0 -9999.0 -9999.0 -9999.0 00152.782 00153.539 00154.180 00154.761 00155.048 00156.149 00156.882 00157.580 00158.273 00159.156 00160.203 00160.985 00161.796 00162.624 00163.549 00163.905 00164.689 00165.102 00165.474 00165.855 00166.239 00166.567 00166.877 00166.922 00166.936 00166.919 00166.849 00166.516 00166.053 00165.582 00164.994 00164.408 00163.847 00162.928 00162.030 00161.203 00160.590 00160.042 00159.477 00158.958
-9999.0 -9999.0 -9999.0 -9999.0 -9999.0 -9999.0 -9999.0 -9999.0 -9999.0 -9999.0 -9999.0 -9999.0 -9999.0 -9999.0 -9999.0 -9999.0 -9999.0 -9999.0 -9999.0 -9999.0 -9999.0 00152.411 00153.234 00153.940 00154.559 00154.969 00155.884 00156.642 00157.381 00157.959 00158.955 00159.971 00160.879 00161.789 00162.734 00163.691 00164.259 00164.784 00165.226 00165.676 00166.143 00166.575 00166.910 00166.940 00167.162 00167.238 00167.307 00167.279 00167.214 00167.100 00166.920 00166.580 00165.934 00165.291 00164.613 00163.878 00162.940 00162.035 00161.192 00160.570 00159.999 00159.425
-9999.0 -9999.0 -9999.0 -9999.0 -9999.0 -9999.0 -9999.0 -9999.0 -9999.0 -9999.0 -9999.0 -9999.0 -9999.0 -9999.0 -9999.0 -9999.0 -9999.0 -9999.0 -9999.0 -9999.0 -9999.0 00152.877 00153.650 00154.315 00154.881 00155.569 00156.387 00157.123 00157.743 00158.693 00159.703 00160.708 00161.605 00162.519 00163.564 00164.256 00164.832 00165.298 00165.764 00166.245 00166.751 00166.928 00167.163 00167.266 00167.365 00167.444 00167.520 00167.545 00167.478 00167.398 00167.282 00167.117 00166.906 00166.243 00165.404 00164.616 00163.878 00162.896 00161.965 00161.097 00160.522 00159.931
-9999.0 -9999.0 -9999.0 -9999.0 -9999.0 -9999.0 -9999.0 -9999.0 -9999.0 -9999.0 -9999.0 -9999.0 -9999.0 -9999.0 -9999.0 -9999.0 -9999.0 -9999.0 -9999.0 -9999.0 00152.419 00153.299 00154.019 00154.657 00155.022 00156.112 00156.867 00157.602 00158.384 00159.352 00160.483 00161.371 00162.293 00163.300 00163.901 00164.722 00165.219 00165.734 00166.272 00166.842 00166.936 00167.198 00167.327 00167.452 00167.555 00167.652 00167.733 00167.819 00167.744 00167.669 00167.550 00167.398 00167.227 00166.921 00166.238 00165.390 00164.562 00163.825 00162.791 00161.870 00160.997 00160.471
-9999.0 -9999.0 -9999.0 -9999.0 -9999.0 -9999.0 -9999.0 -9999.0 -9999.0 -9999.0 -9999.0 -9999.0 -9999.0 -9999.0 -9999.0 -9999.0 -9999.0 -9999.0 -9999.0 -9999.0 00152.795 00153.660 00154.372 00154.911 00155.754 00156.568 00157.353 00157.958 00159.003 00160.095 00161.042 00161.971 00162.967 00163.885 00164.592 00165.092 00165.607 00166.138 00166.703 00166.930 00167.202 00167.354 00167.487 00167.619 00167.743 00167.851 00167.944 00168.040 00168.034 00167.941 00167.825 00167.664 00167.490 00167.250 00166.920 00166.182 00165.298 00164.474 00163.708 00162.683 00161.774 00160.878
-9999.0 -9999.0 -9999.0 -9999.0 -9999.0 -9999.0 -9999.0 -9999.0 -9999.0 -9999.0 -9999.0 -9999.0 -9999.0 -9999.0 -9999.0 -9999.0 -9999.0 -9999.0 -9999.0 00152.157 00153.140 00153.956 00154.670 00155.046 00156.212 00157.014 00157.708 00158.657 00159.682 00160.734 00161.658 00162.611 00163.697 00164.423 00164.917 00165.431 00165.968 00166.532 00166.919 00167.162 00167.321 00167.483 00167.647 00167.781 00167.915 00168.046 00168.155 00168.476 00168.718 00168.385 00168.107 00167.933 00167.740 00167.491 00167.238 00166.912 00166.083 00165.206 00164.383 00163.559 00162.525 00161.620
-9999.0 -9999.0 -9999.0 -9999.0 -9999.0 -9999.0 -9999.0 -9999.0 -9999.0 -9999.0 -9999.0 -9999.0 -9999.0 -9999.0 -9999.0 -9999.0 -9999.0 -9999.0 -9999.0 00152.520 00153.456 00154.239 00154.889 00155.774 00156.649 00157.460 00158.240 00159.239 00160.433 00161.335 00162.267 00163.298 00163.902 00164.745 00165.252 00165.779 00166.328 00166.904 00166.974 00167.271 00167.438 00167.604 00167.768 00167.935 00168.086 00168.367 00168.786 00169.294 00169.778 00169.348 00168.907 00168.333 00167.991 00167.734 00167.470 00167.209 00166.905 00165.983 00165.078 00163.904 00163.342 00162.334
-9999.0 -9999.0 -9999.0 -9999.0 -9999.0 -9999.0 -9999.0 -9999.0 -9999.0 -9999.0 -9999.0 -9999.0 -9999.0 -9999.0 -9999.0 -9999.0 -9999.0 -9999.0 -9999.0 00152.847 00153.736 00154.499 00154.995 00156.139 00157.031 00157.754 00158.775 00159.878 00160.918 00161.867 00162.867 00163.880 00164.560 00165.068 00165.595 00166.138 00166.714 00166.932 00167.213 00167.380 00167.548 00167.718 00167.891 00168.063 00168.412 00168.966 00169.700 00170.240 00170.731 00170.328 00169.882 00169.274 00168.443 00167.976 00167.705 00167.441 00167.180 00166.782 00165.808 00164.904 00163.887 00162.965
-9999.0 -9999.0 -9999.0 -9999.0 -9999.0 -9999.0 -9999.0 -9999.0 -9999.0 -9999.0 -9999.0 -9999.0 -9999.0 -9999.0 -9999.0 -9999.0 -9999.0 -9999.0 -9999.0 00153.129 00153.994 00154.733 00155.337 00156.477 00157.381 00158.240 00159.324 00160.530 00161.457 00162.412 00163.495 00164.170 00164.844 00165.365 00165.907 00166.475 00166.915 00167.152 00167.322 00167.490 00167.659 00167.831 00168.005 00168.239 00168.840 00169.834 00170.525 00171.142 00171.695 00171.264 00170.724 00170.125 00169.283 00168.362 00167.945 00167.677 00167.407 00167.100 00166.540 00165.466 00164.483 00163.590
-9999.0 -9999.0 -9999.0 -9999.0 -9999.0 -9999.0 -9999.0 -9999.0 -9999.0 -9999.0 -9999.0 -9999.0 -9999.0 -9999.0 -9999.0 -9999.0 -9999.0 -9999.0 00152.338 00153.353 00154.215 00154.901 00155.852 00156.793 00157.654 00158.630 00159.769 00160.892 00161.858 00162.874 00163.882 00164.580 00165.102 00165.645 00166.211 00166.815 00166.940 00167.253 00167.425 00167.600 00167.771 00167.944 00168.123 00168.639 00169.543 00170.500 00171.363 00172.054 00172.692 00172.219 00171.607 00170.863 00170.062 00169.177 00168.263 00167.916 00167.637 00167.342 00166.922 00166.038 00165.003 00163.892
-9999.0 -9999.0 -9999.0 -9999.0 -9999.0 -9999.0 -9999.0 -9999.0 -9999.0 -9999.0 -9999.0 -9999.0 -9999.0 -9999.0 -9999.0 -9999.0 -9999.0 -9999.0 00152.578 00153.568 00154.403 00154.980 00156.168 00157.091 00157.822 00159.011 00160.261 00161.259 00162.215 00163.264 00163.902 00164.759 00165.285 00165.833 00166.409 00166.912 00167.144 00167.334 00167.526 00167.702 00167.880 00168.063 00168.429 00169.167 00170.193 00171.159 00172.141 00172.911 00173.610 00173.118 00172.476 00171.617 00170.780 00169.973 00169.076 00168.159 00167.870 00167.525 00167.188 00166.602 00165.469 00164.433
-9999.0 -9999.0 -9999.0 -9999.0 -9999.0 -9999.0 -9999.0 -9999.0 -9999.0 -9999.0 -9999.0 -9999.0 -9999.0 -9999.0 -9999.0 -9999.0 -9999.0 -9999.0 00152.770 00153.765 00154.577 00155.052 00156.400 00157.375 00158.296 00159.388 00160.616 00161.574 00162.542 00163.656 00164.419 00164.931 00165.466 00166.022 00166.610 00166.926 00167.209 00167.399 00167.592 00167.787 00167.986 00168.189 00168.824 00169.869 00170.818 00171.806 00172.827 00173.734 00162.044 00174.005 00173.228 00172.390 00171.525 00170.690 00169.886 00168.947 00168.065 00167.710 00167.346 00166.917 00165.914 00164.820
-9999.0 -9999.0 -9999.0 -9999.0 -9999.0 -9999.0 -9999.0 -9999.0 -9999.0 -9999.0 -9999.0 -9999.0 -9999.0 -9999.0 -9999.0 -9999.0 -9999.0 -9999.0 00152.942 00153.901 00154.729 00155.590 00156.623 00157.592 00158.548 00159.704 00160.863 00161.816 00162.808 00163.877 00164.534 00165.051 00165.589 00166.150 00166.747 00166.935 00167.255 00167.453 00167.655 00167.853 00168.056 00168.505 00169.475 00170.492 00171.464 00172.479 00173.445 00174.422 -9999.0 -9999.000 00173.947 00173.131 00172.295 00171.434 00170.594 00169.663 00168.474 00167.874 00167.498 00166.996 00166.290 00165.167
-9999.0 -9999.0 -9999.0 -9999.0 -9999.0 -9999.0 -9999.0 -9999.0 -9999.0 -9999.0 -9999.0 -9999.0 -9999.0 -9999.0 -9999.0 -9999.0 -9999.0 -9999.0 00153.075 00154.035 00154.852 00155.796 00156.823 00157.711 00158.788 00160.010 00161.088 00162.029 00163.036 00163.889 00164.632 00165.149 00165.687 00166.248 00166.847 00166.942 00167.293 00167.496 00167.699 00167.904 00168.116 00168.743 00169.959 00171.117 00172.127 00173.118 00174.081 -9999.000 -9999.0 -9999.0 -9999.000 00173.857 00173.043 00172.208 00171.297 00170.230 00169.043 00168.034 00167.636 00167.240 00166.672 00165.478
-9999.0 -9999.0 -9999.0 -9999.0 -9999.0 -9999.0 -9999.0 -9999.0 -9999.0 -9999.0 -9999.0 -9999.0 -9999.0 -9999.0 -9999.0 -9999.0 -9999.0 -9999.0 00153.170 00154.127 00154.900 00155.961 00156.976 00157.799 00158.988 00160.262 00161.260 00162.186 00163.193 00163.897 00164.702 00165.220 00165.761 00166.325 00166.906 00167.048 00167.325 00167.531 00167.738 00167.947 00168.165 00168.983 00170.361 00171.583 00172.791 00173.744 -9999.000 -9999.0 -9999.0 -9999.0 -9999.0 -9999.000 00173.765 00172.958 00171.888 00170.756 00169.616 00168.272 00167.729 00167.262 00166.707 00165.556
-9999.0 -9999.0 -9999.0 -9999.0 -9999.0 -9999.0 -9999.0 -9999.0 -9999.0 -9999.0 -9999.0 -9999.0 -9999.0 -9999.0 -9999.0 -9999.0 -9999.0 -9999.0 00153.236 00154.206 00154.931 00156.078 00157.108 00157.975 00159.159 00160.456 00161.389 00162.297 00163.307 00163.902 00164.753 00165.277 00165.776 00166.291 00166.839 00166.938 00167.283 00167.504 00167.727 00167.955 00168.279 00169.373 00170.709 00172.044 00173.316 00174.391 -9999.0 -9999.0 -9999.0 -9999.0 -9999.0 -9999.0 -9999.000 00173.582 00172.526 00171.355 00169.727 00168.116 00167.645 00167.190 00166.530 00165.429
-9999.0 -9999.0 -9999.0 -9999.0 -9999.0 -9999.0 -9999.0 -9999.0 -9999.0 -9999.0 -9999.0 -9999.0 -9999.0 -9999.0 -9999.0 -9999.0 -9999.0 00151.314 00153.276 00154.248 00154.953 00156.166 00157.206 00158.116 00159.259 00160.537 00161.465 00162.376 00163.407 00163.900 00164.681 00165.155 00165.645 00166.147 00166.674 00166.926 00167.216 00167.433 00167.653 00167.876 00168.106 00168.810 00170.498 00172.254 00173.810 -9999.000 -9999.0 -9999.0 -9999.0 -9999.0 -9999.0 -9999.0 -9999.000 00174.288 00172.664 00170.919 00169.265 00168.003 00167.542 00166.944 00166.324 00165.262
-9999.0 -9999.0 -9999.0 -9999.0 -9999.0 -9999.0 -9999.0 -9999.0 -9999.0 -9999.0 -9999.0 -9999.0 -9999.0 -9999.0 -9999.0 -9999.0 -9999.0 00151.492 00153.295 00154.270 00154.966 00156.213 00157.259 00158.207 00159.331 00160.592 00161.523 00162.347 00163.199 00163.888 00164.564 00165.022 00165.497 00165.990 00166.491 00166.911 00167.101 00167.348 00167.567 00167.789 00168.014 00168.462 00169.773 00171.365 00173.088 -9999.000 -9999.0 -9999.0 -9999.0 -9999.0 -9999.0 -9999.0 -9999.0 00173.685 00172.023 00170.373 00168.686 00167.859 00167.414 00166.923 00166.070 00165.048
-9999.0 -9999.0 -9999.0 -9999.0 -9999.0 -9999.0 -9999.0 -9999.0 -9999.0 -9999.0 -9999.0 -9999.0 -9999.0 -9999.0 -9999.0 -9999.0 -9999.0 -9999.0 00153.172 00154.229 00154.975 00156.243 00157.301 00158.274 00159.376 00160.557 00161.383 00162.155 00162.989 00163.876 00164.422 00164.873 00165.326 00165.797 00166.286 00166.794 00166.932 00167.244 00167.459 00167.677 00167.898 00168.128 00168.868 00170.471 00172.022 00173.548 -9999.000 -9999.0 -9999.0 -9999.0 -9999.0 -9999.0 -9999.000 00172.784 00171.161 00169.573 00168.123 00167.697 00167.256 00166.781 00165.761 00164.809
-9999.0 -9999.0 -9999.0 -9999.0 -9999.0 -9999.0 -9999.0 -9999.0 -9999.0 -9999.0 -9999.0 -9999.0 -9999.0 -9999.0 -9999.0 -9999.0 -9999.0 -9999.0 00152.973 00154.057 00154.911 00156.082 00157.158 00158.074 00159.147 00160.345 00161.200 00161.962 00162.758 00163.621 00163.905 00164.698 00165.147 00165.600 00166.057 00166.535 00166.913 00167.096 00167.336 00167.544 00167.754 00167.968 00168.260 00169.257 00170.797 00172.350 00173.856 -9999.0 -9999.0 -9999.0 -9999.0 -9999.000 00173.298 00171.701 00170.146 00168.551 00167.867 00167.459 00166.938 00166.386 00165.413 00164.503
-9999.0 -9999.0 -9999.0 -9999.0 -9999.0 -9999.0 -9999.0 -9999.0 -9999.0 -9999.0 -9999.0 -9999.0 -9999.0 -9999.0 -9999.0 -9999.0 -9999.0 -9999.0 00152.716 00153.858 00154.814 00155.861 00156.945 00157.812 00158.926 00160.049 00161.007 00161.750 00162.501 00163.293 00163.888 00164.515 00164.934 00165.367 00165.813 00166.279 00166.732 00166.925 00167.185 00167.390 00167.595 00167.803 00168.016 00168.426 00169.604 00171.111 00172.677 -9999.000 -9999.0 -9999.0 -9999.0 00173.818 00172.257 00170.659 00169.043 00168.007 00167.607 00167.217 00166.816 00165.932 00165.062 00163.902
-9999.0 -9999.0 -9999.0 -9999.0 -9999.0 -9999.0 -9999.0 -9999.0 -9999.0 -9999.0 -9999.0 -9999.0 -9999.0 -9999.0 -9999.0 -9999.0 -9999.0 -9999.0 00152.405 00153.617 00154.609 00155.585 00156.710 00157.686 00158.682 00159.729 00160.765 00161.527 00162.222 00162.974 00163.776 00163.908 00164.714 00165.140 00165.558 00165.969 00166.394 00166.844 00166.932 00167.229 00167.432 00167.638 00167.846 00168.062 00168.591 00169.930 00171.426 00172.989 -9999.000 -9999.0 -9999.000 00172.800 00171.196 00169.635 00168.148 00167.740 00167.347 00166.921 00166.276 00165.441 00164.655 00163.884
-9999.0 -9999.0 -9999.0 -9999.0 -9999.0 -9999.0 -9999.0 -9999.0 -9999.0 -9999.0 -9999.0 -9999.0 -9999.0 -9999.0 -9999.0 -9999.0 -9999.0 -9999.0 -9999.0 00153.329 00154.381 00155.037 00156.449 00157.509 00158.415 00159.390 00160.510 00161.250 00161.932 00162.638 00163.372 00163.888 00164.488 00164.866 00165.258 00165.662 00166.071 00166.493 00166.906 00166.939 00167.270 00167.475 00167.681 00167.890 00168.106 00168.739 00170.195 00171.582 00172.842 -9999.000 00172.778 00171.455 00170.100 00168.518 00167.872 00167.479 00166.943 00166.565 00165.744 00164.969 00163.904 00163.663
-9999.0 -9999.0 -9999.0 -9999.0 -9999.0 -9999.0 -9999.0 -9999.0 -9999.0 -9999.0 -9999.0 -9999.0 -9999.0 -9999.0 -9999.0 -9999.0 -9999.0 -9999.0 -9999.0 00152.966 00154.072 00154.924 00156.115 00157.169 00158.053 00159.046 00160.090 00160.961 00161.643 00162.290 00162.978 00163.733 00163.901 00164.586 00164.967 00165.349 00165.746 00166.155 00166.584 00166.912 00166.996 00167.309 00167.509 00167.713 00167.920 00168.131 00168.709 00169.855 00170.903 00172.114 00170.907 00169.814 00168.550 00167.974 00167.586 00167.213 00166.856 00166.014 00165.231 00164.493 00163.880 00163.221
