examples/flatland/Outputs/centerIgnit/b_RAWS/clockwise/1hr/flatland_centerIgnit_counterClockwise1hr_RAWS/flatland_centerIgnit_counterClockwise1hr_RAWS_SpreadRate.asc
NCOLS 100
NROWS 100
XLLCORNER 20000.000000
YLLCORNER 20000.000000
CELLSIZE 30.000000
NODATA_VALUE -9999.0
[rows 32 to 63 of 100, columns 0 to 71 of 100]
-9999.0 -9999.0 -9999.0 -9999.0 -9999.0 -9999.0 -9999.0 -9999.0 -9999.0 -9999.0 -9999.0 -9999.0 -9999.0 -9999.0 -9999.0 -9999.0 -9999.0 -9999.0 -9999.0 -9999.0 -9999.0 -9999.0 02.07 02.11 02.14 02.15 01.49 01.45 01.48 01.50 01.20 01.22 01.24 01.41 01.40 01.41 01.41 01.98 02.08 02.04 02.01 01.98 01.95 01.90 01.84 02.16 02.34 01.87 01.49 01.45 01.42 01.40 01.37 01.34 01.40 01.40 01.40 01.40 01.83 02.10 02.10 02.09 02.08 02.07 02.54 02.70 02.70 02.68 02.66 02.65 02.62 02.30
-9999.0 -9999.0 -9999.0 -9999.0 -9999.0 -9999.0 -9999.0 -9999.0 -9999.0 -9999.0 -9999.0 -9999.0 -9999.0 -9999.0 -9999.0 -9999.0 -9999.0 -9999.0 -9999.0 -9999.0 -9999.0 02.04 02.07 02.11 02.13 01.76 01.44 01.46 01.48 01.19 01.21 01.23 01.44 01.44 01.44 01.45 02.18 02.16 02.14 02.11 02.08 02.05 02.16 02.79 02.85 02.76 02.61 02.42 02.26 02.18 01.71 01.40 01.37 01.35 01.33 01.42 01.44 01.43 01.42 01.89 02.13 02.13 02.11 02.10 02.10 02.60 02.71 02.70 02.68 02.67 02.65 02.56
-9999.0 -9999.0 -9999.0 -9999.0 -9999.0 -9999.0 -9999.0 -9999.0 -9999.0 -9999.0 -9999.0 -9999.0 -9999.0 -9999.0 -9999.0 -9999.0 -9999.0 -9999.0 -9999.0 -9999.0 -9999.0 02.04 02.07 02.11 02.03 01.42 01.45 01.47 01.29 01.20 01.22 01.39 01.47 01.48 01.49 02.27 02.25 02.23 02.22 02.20 02.17 02.66 02.97 02.94 02.90 02.85 02.70 02.49 02.27 02.19 02.11 02.03 01.42 01.35 01.33 01.31 01.44 01.45 01.44 01.43 01.98 02.14 02.13 02.11 02.10 02.17 02.66 02.71 02.70 02.68 02.67 02.65
-9999.0 -9999.0 -9999.0 -9999.0 -9999.0 -9999.0 -9999.0 -9999.0 -9999.0 -9999.0 -9999.0 -9999.0 -9999.0 -9999.0 -9999.0 -9999.0 -9999.0 -9999.0 -9999.0 -9999.0 01.97 02.02 02.07 02.09 01.55 01.42 01.45 01.44 01.20 01.22 01.27 01.49 01.50 01.52 02.13 02.35 02.35 02.33 02.32 02.32 02.89 03.04 03.02 02.99 02.94 02.88 02.74 02.59 02.40 02.21 02.10 02.02 01.92 01.57 01.34 01.32 01.31 01.47 01.46 01.44 01.43 02.07 02.16 02.15 02.14 02.13 02.28 02.72 02.72 02.70 02.69 02.67
-9999.0 -9999.0 -9999.0 -9999.0 -9999.0 -9999.0 -9999.0 -9999.0 -9999.0 -9999.0 -9999.0 -9999.0 -9999.0 -9999.0 -9999.0 -9999.0 -9999.0 -9999.0 -9999.0 -9999.0 01.95 02.00 02.05 01.90 01.39 01.42 01.45 01.19 01.21 01.23 01.50 01.52 01.53 01.79 02.39 02.39 02.40 02.39 02.39 02.84 03.09 03.07 03.05 03.03 03.00 02.94 02.84 02.68 02.45 02.21 02.10 02.00 01.91 01.84 01.53 01.33 01.32 01.31 01.47 01.46 01.45 01.44 02.17 02.18 02.17 02.17 02.16 02.41 02.72 02.72 02.70 02.68
-9999.0 -9999.0 -9999.0 -9999.0 -9999.0 -9999.0 -9999.0 -9999.0 -9999.0 -9999.0 -9999.0 -9999.0 -9999.0 -9999.0 -9999.0 -9999.0 -9999.0 -9999.0 -9999.0 01.91 01.94 01.98 02.01 01.43 01.39 01.43 01.31 01.20 01.22 01.43 01.51 01.53 01.55 02.41 02.42 02.43 02.44 02.44 02.69 03.10 03.10 03.09 03.09 03.07 03.04 03.00 02.95 02.92 03.01 02.48 02.09 01.99 01.90 01.83 01.79 01.44 01.33 01.32 01.30 01.48 01.48 01.47 01.60 02.22 02.24 02.23 02.21 02.19 02.58 02.73 02.71 02.69
-9999.0 -9999.0 -9999.0 -9999.0 -9999.0 -9999.0 -9999.0 -9999.0 -9999.0 -9999.0 -9999.0 -9999.0 -9999.0 -9999.0 -9999.0 -9999.0 -9999.0 -9999.0 -9999.0 01.90 01.94 01.97 01.88 01.35 01.39 01.42 01.19 01.21 01.24 01.52 01.54 01.55 02.22 02.42 02.43 02.44 02.45 02.48 03.10 03.11 03.11 03.11 03.11 03.10 03.07 03.00 02.97 03.05 03.18 03.09 03.01 02.20 01.88 01.81 01.78 01.78 01.36 01.33 01.31 01.33 01.52 01.51 01.51 01.86 02.28 02.28 02.27 02.27 02.35 02.73 02.72 02.70
-9999.0 -9999.0 -9999.0 -9999.0 -9999.0 -9999.0 -9999.0 -9999.0 -9999.0 -9999.0 -9999.0 -9999.0 -9999.0 -9999.0 -9999.0 -9999.0 -9999.0 -9999.0 -9999.0 01.89 01.93 01.95 01.54 01.34 01.38 01.25 01.21 01.23 01.54 01.55 01.57 01.73 02.46 02.47 02.47 02.48 02.48 02.91 03.11 03.11 03.12 03.12 03.13 03.11 02.98 02.83 02.96 03.07 03.21 03.11 03.02 02.91 02.23 01.80 01.79 01.78 01.76 01.33 01.32 01.30 01.46 01.56 01.54 01.53 02.30 02.33 02.32 02.30 02.29 02.55 02.73 02.71
-9999.0 -9999.0 -9999.0 -9999.0 -9999.0 -9999.0 -9999.0 -9999.0 -9999.0 -9999.0 -9999.0 -9999.0 -9999.0 -9999.0 -9999.0 -9999.0 -9999.0 -9999.0 -9999.0 01.87 01.91 01.94 01.30 01.33 01.36 01.20 01.22 01.32 01.59 01.60 01.62 02.50 02.51 02.52 02.52 02.53 02.71 03.11 03.11 03.12 03.12 03.13 03.13 03.06 02.70 02.80 02.92 03.05 03.24 03.10 03.00 02.89 02.79 02.06 01.79 01.78 01.74 01.70 01.33 01.31 01.30 01.59 01.59 01.57 01.84 02.36 02.36 02.34 02.32 02.36 02.73 02.72
-9999.0 -9999.0 -9999.0 -9999.0 -9999.0 -9999.0 -9999.0 -9999.0 -9999.0 -9999.0 -9999.0 -9999.0 -9999.0 -9999.0 -9999.0 -9999.0 -9999.0 -9999.0 01.82 01.86 01.90 01.78 01.30 01.33 01.30 01.21 01.23 01.61 01.63 01.65 01.85 02.57 02.57 02.58 02.59 02.61 03.04 03.11 03.11 03.12 03.13 03.13 03.11 02.79 02.65 02.75 02.88 03.02 03.26 03.10 02.97 02.86 02.79 02.76 01.93 01.78 01.72 01.67 01.46 01.32 01.31 01.46 01.63 01.61 01.59 02.35 02.40 02.39 02.37 02.35 02.60 02.72
-9999.0 -9999.0 -9999.0 -9999.0 -9999.0 -9999.0 -9999.0 -9999.0 -9999.0 -9999.0 -9999.0 -9999.0 -9999.0 -9999.0 -9999.0 -9999.0 -9999.0 -9999.0 01.81 01.84 01.88 01.53 01.30 01.33 01.20 01.22 01.24 01.65 01.68 01.70 02.41 02.64 02.66 02.67 02.69 02.76 03.09 03.10 03.11 03.12 03.13 03.12 02.93 02.63 02.66 02.70 02.83 03.01 03.27 03.09 02.95 02.83 02.80 02.78 02.76 01.75 01.69 01.65 01.61 01.33 01.31 01.30 01.66 01.65 01.63 01.99 02.44 02.43 02.41 02.40 02.47 02.72
-9999.0 -9999.0 -9999.0 -9999.0 -9999.0 -9999.0 -9999.0 -9999.0 -9999.0 -9999.0 -9999.0 -9999.0 -9999.0 -9999.0 -9999.0 -9999.0 -9999.0 -9999.0 01.79 01.83 01.85 01.31 01.29 01.32 01.21 01.23 01.44 01.70 01.72 01.75 02.68 02.70 02.71 02.73 02.74 02.92 03.08 03.09 03.10 03.11 03.12 03.08 02.62 02.64 02.67 02.69 02.74 02.87 03.26 03.01 02.89 02.85 02.82 02.80 02.77 02.66 01.66 01.61 01.58 01.41 01.32 01.31 01.65 01.68 01.66 01.65 02.46 02.47 02.45 02.43 02.41 02.68
-9999.0 -9999.0 -9999.0 -9999.0 -9999.0 -9999.0 -9999.0 -9999.0 -9999.0 -9999.0 -9999.0 -9999.0 -9999.0 -9999.0 -9999.0 -9999.0 -9999.0 -9999.0 01.77 01.81 01.83 01.25 01.28 01.30 01.22 01.24 01.71 01.73 01.76 01.85 02.72 02.74 02.75 02.77 02.80 02.99 03.05 03.07 03.08 03.10 03.09 02.78 02.51 02.63 02.69 02.71 02.73 02.76 -9999.0 -9999.00 02.88 02.86 02.84 02.82 02.73 02.62 02.01 01.59 01.55 01.52 01.33 01.32 01.46 01.73 01.70 01.68 02.34 02.51 02.49 02.46 02.44 02.59
-9999.0 -9999.0 -9999.0 -9999.0 -9999.0 -9999.0 -9999.0 -9999.0 -9999.0 -9999.0 -9999.0 -9999.0 -9999.0 -9999.0 -9999.0 -9999.0 -9999.0 -9999.0 01.75 01.79 01.81 01.25 01.28 01.25 01.23 01.25 01.74 01.77 01.80 02.19 02.76 02.78 02.80 02.81 02.86 02.97 03.00 03.03 03.07 03.08 03.05 02.49 02.45 02.56 02.70 02.73 02.75 -9999.00 -9999.0 -9999.0 -9999.00 02.88 02.86 02.81 02.67 02.58 02.40 01.54 01.50 01.46 01.37 01.35 01.34 01.79 01.74 01.72 02.11 02.54 02.53 02.50 02.48 02.54
-9999.0 -9999.0 -9999.0 -9999.0 -9999.0 -9999.0 -9999.0 -9999.0 -9999.0 -9999.0 -9999.0 -9999.0 -9999.0 -9999.0 -9999.0 -9999.0 -9999.0 -9999.0 01.73 01.77 01.67 01.24 01.27 01.23 01.24 01.26 01.78 01.81 01.85 02.45 02.81 02.84 02.87 02.90 02.92 02.90 02.92 02.95 02.98 03.01 02.96 02.20 02.36 02.42 02.63 02.74 -9999.00 -9999.0 -9999.0 -9999.0 -9999.0 -9999.00 02.88 02.78 02.52 02.44 02.26 01.56 01.43 01.41 01.41 01.39 01.36 01.89 01.86 01.80 01.95 02.59 02.58 02.55 02.52 02.50
-9999.0 -9999.0 -9999.0 -9999.0 -9999.0 -9999.0 -9999.0 -9999.0 -9999.0 -9999.0 -9999.0 -9999.0 -9999.0 -9999.0 -9999.0 -9999.0 -9999.0 -9999.0 01.71 01.75 01.57 01.24 01.27 01.23 01.25 01.31 01.82 01.85 01.93 02.65 02.90 02.93 02.96 03.00 03.01 02.84 02.81 02.83 02.84 02.86 02.73 02.04 02.15 02.24 02.46 02.75 -9999.0 -9999.0 -9999.0 -9999.0 -9999.0 -9999.0 -9999.00 02.61 02.36 02.21 02.06 01.40 01.38 01.38 01.45 01.43 01.39 01.99 01.97 01.90 01.85 02.65 02.64 02.61 02.57 02.53
-9999.0 -9999.0 -9999.0 -9999.0 -9999.0 -9999.0 -9999.0 -9999.0 -9999.0 -9999.0 -9999.0 -9999.0 -9999.0 -9999.0 -9999.0 -9999.0 -9999.0 01.62 01.68 01.72 01.50 01.23 01.26 01.24 01.26 01.42 01.87 01.93 02.02 02.67 02.95 02.98 03.01 03.05 03.06 02.87 02.70 02.70 02.70 02.69 02.72 01.94 01.90 02.03 02.15 -9999.00 -9999.0 -9999.0 -9999.0 -9999.0 -9999.0 -9999.0 -9999.00 02.32 02.10 01.93 01.86 01.36 01.36 01.35 01.47 01.44 01.47 02.06 02.03 01.99 01.99 02.70 02.69 02.66 02.63 02.60
-9999.0 -9999.0 -9999.0 -9999.0 -9999.0 -9999.0 -9999.0 -9999.0 -9999.0 -9999.0 -9999.0 -9999.0 -9999.0 -9999.0 -9999.0 -9999.0 -9999.0 01.58 01.64 01.68 01.44 01.22 01.25 01.26 01.28 01.54 01.97 02.04 02.09 02.46 02.99 03.01 03.03 03.05 03.07 02.98 02.63 02.63 02.63 02.63 02.62 02.23 01.72 01.78 01.82 -9999.00 -9999.0 -9999.0 -9999.0 -9999.0 -9999.0 -9999.0 -9999.0 01.86 01.85 01.78 01.65 01.35 01.35 01.43 01.49 01.46 01.67 02.11 02.06 02.02 02.11 02.74 02.73 02.70 02.67 02.65
-9999.0 -9999.0 -9999.0 -9999.0 -9999.0 -9999.0 -9999.0 -9999.0 -9999.0 -9999.0 -9999.0 -9999.0 -9999.0 -9999.0 -9999.0 -9999.0 -9999.0 -9999.0 01.59 01.63 01.38 01.20 01.23 01.28 01.31 01.53 02.05 02.13 02.16 02.25 03.00 03.02 03.04 03.06 03.08 03.07 02.72 02.56 02.56 02.55 02.55 02.50 01.66 01.66 01.66 01.65 -9999.00 -9999.0 -9999.0 -9999.0 -9999.0 -9999.0 -9999.00 01.70 01.70 01.69 01.35 01.34 01.34 01.54 01.50 01.47 01.94 02.15 02.10 02.05 02.23 02.76 02.75 02.72 02.69 02.66
-9999.0 -9999.0 -9999.0 -9999.0 -9999.0 -9999.0 -9999.0 -9999.0 -9999.0 -9999.0 -9999.0 -9999.0 -9999.0 -9999.0 -9999.0 -9999.0 -9999.0 -9999.0 01.54 01.57 01.48 01.18 01.20 01.29 01.33 01.37 02.11 02.16 02.20 02.26 02.88 03.02 03.04 03.06 03.07 03.08 02.94 02.50 02.49 02.48 02.47 02.45 02.28 01.59 01.61 01.63 01.65 -9999.0 -9999.0 -9999.0 -9999.0 -9999.00 01.70 01.67 01.65 01.50 01.34 01.34 01.37 01.58 01.53 01.49 02.19 02.18 02.13 02.09 02.38 02.78 02.76 02.74 02.71 02.68
-9999.0 -9999.0 -9999.0 -9999.0 -9999.0 -9999.0 -9999.0 -9999.0 -9999.0 -9999.0 -9999.0 -9999.0 -9999.0 -9999.0 -9999.0 -9999.0 -9999.0 -9999.0 01.51 01.54 01.55 01.17 01.19 01.30 01.35 01.38 02.14 02.19 02.24 02.29 02.58 03.02 03.04 03.05 03.07 03.08 03.07 02.74 02.42 02.41 02.41 02.41 02.39 02.08 01.59 01.62 01.64 -9999.00 -9999.0 -9999.0 -9999.0 01.70 01.68 01.66 01.63 01.35 01.34 01.33 01.62 01.60 01.56 01.67 02.24 02.20 02.16 02.11 02.56 02.79 02.77 02.75 02.72 02.67
-9999.0 -9999.0 -9999.0 -9999.0 -9999.0 -9999.0 -9999.0 -9999.0 -9999.0 -9999.0 -9999.0 -9999.0 -9999.0 -9999.0 -9999.0 -9999.0 -9999.0 -9999.0 01.49 01.52 01.53 01.16 01.18 01.25 01.36 01.39 02.01 02.22 02.26 02.31 02.36 02.97 03.03 03.04 03.06 03.07 03.07 03.06 02.58 02.39 02.39 02.40 02.40 02.39 01.90 01.60 01.62 01.62 -9999.00 -9999.0 -9999.00 01.65 01.65 01.63 01.35 01.34 01.34 01.51 01.64 01.61 01.57 02.10 02.29 02.24 02.18 02.14 02.76 02.81 02.78 02.75 02.73 02.64
-9999.0 -9999.0 -9999.0 -9999.0 -9999.0 -9999.0 -9999.0 -9999.0 -9999.0 -9999.0 -9999.0 -9999.0 -9999.0 -9999.0 -9999.0 -9999.0 -9999.0 -9999.0 -9999.0 01.49 01.52 01.20 01.17 01.19 01.36 01.39 01.57 02.23 02.28 02.33 02.39 02.66 03.02 03.03 03.04 03.05 03.06 03.07 03.01 02.47 02.39 02.39 02.39 02.38 02.34 01.70 01.54 01.53 01.50 -9999.00 01.51 01.55 01.56 01.46 01.35 01.34 01.34 01.66 01.65 01.62 01.74 02.36 02.32 02.27 02.21 02.32 02.83 02.82 02.79 02.76 02.73 02.58
-9999.0 -9999.0 -9999.0 -9999.0 -9999.0 -9999.0 -9999.0 -9999.0 -9999.0 -9999.0 -9999.0 -9999.0 -9999.0 -9999.0 -9999.0 -9999.0 -9999.0 -9999.0 -9999.0 01.46 01.49 01.38 01.16 01.18 01.37 01.40 01.44 02.25 02.30 02.35 02.41 02.48 02.87 03.02 03.03 03.04 03.05 03.06 03.06 02.90 02.35 02.35 02.33 02.30 02.27 02.21 01.64 01.46 01.44 01.40 01.45 01.47 01.44 01.36 01.35 01.34 01.67 01.66 01.65 01.62 02.31 02.42 02.35 02.29 02.24 02.56 02.83 02.82 02.79 02.77 02.74 02.49
-9999.0 -9999.0 -9999.0 -9999.0 -9999.0 -9999.0 -9999.0 -9999.0 -9999.0 -9999.0 -9999.0 -9999.0 -9999.0 -9999.0 -9999.0 -9999.0 -9999.0 -9999.0 -9999.0 01.43 01.45 01.47 01.15 01.17 01.29 01.41 01.44 01.87 02.32 02.37 02.43 02.50 02.56 02.97 03.02 03.03 03.04 03.05 03.06 03.05 02.78 02.29 02.28 02.22 02.18 02.14 02.06 01.86 01.44 01.37 01.41 01.42 01.39 01.37 01.35 01.59 01.69 01.66 01.64 02.01 02.45 02.43 02.38 02.32 02.26 02.81 02.84 02.82 02.79 02.77 02.72 02.40
-9999.0 -9999.0 -9999.0 -9999.0 -9999.0 -9999.0 -9999.0 -9999.0 -9999.0 -9999.0 -9999.0 -9999.0 -9999.0 -9999.0 -9999.0 -9999.0 -9999.0 -9999.0 -9999.0 -9999.0 01.43 01.45 01.19 01.16 01.18 01.42 01.45 01.48 02.34 02.39 02.45 02.51 02.54 02.68 03.01 03.02 03.03 03.04 03.05 03.06 03.03 02.68 02.18 02.12 02.09 02.05 01.99 01.91 01.78 01.62 01.50 01.43 01.39 01.37 01.57 01.75 01.69 01.66 01.70 02.46 02.47 02.43 02.40 02.35 02.53 02.85 02.84 02.82 02.79 02.77 02.59 02.37
-9999.0 -9999.0 -9999.0 -9999.0 -9999.0 -9999.0 -9999.0 -9999.0 -9999.0 -9999.0 -9999.0 -9999.0 -9999.0 -9999.0 -9999.0 -9999.0 -9999.0 -9999.0 -9999.0 -9999.0 01.40 01.42 01.39 01.15 01.17 01.40 01.45 01.49 01.87 02.41 02.47 02.51 02.54 02.56 02.75 03.01 03.02 03.02 03.03 03.02 03.01 02.98 02.79 02.21 02.01 01.96 01.92 01.86 01.72 01.58 01.46 01.43 01.40 01.79 01.85 01.79 01.70 01.66 02.32 02.48 02.46 02.44 02.40 02.38 02.82 02.85 02.83 02.81 02.79 02.76 02.42 02.34
-9999.0 -9999.0 -9999.0 -9999.0 -9999.0 -9999.0 -9999.0 -9999.0 -9999.0 -9999.0 -9999.0 -9999.0 -9999.0 -9999.0 -9999.0 -9999.0 -9999.0 -9999.0 -9999.0 -9999.0 01.37 01.39 01.41 01.13 01.16 01.18 01.45 01.49 01.53 02.37 02.47 02.50 02.53 02.55 02.58 02.83 03.00 03.00 03.00 02.99 02.98 02.96 02.92 02.88 02.55 02.08 01.86 01.78 01.66 01.54 01.47 01.73 02.00 01.95 01.87 01.80 01.73 02.12 02.50 02.48 02.45 02.43 02.40 02.65 02.86 02.85 02.83 02.80 02.78 02.67 02.29 02.28
-9999.0 -9999.0 -9999.0 -9999.0 -9999.0 -9999.0 -9999.0 -9999.0 -9999.0 -9999.0 -9999.0 -9999.0 -9999.0 -9999.0 -9999.0 -9999.0 -9999.0 -9999.0 -9999.0 -9999.0 -9999.0 01.37 01.39 01.34 01.15 01.17 01.40 01.50 01.54 01.58 02.47 02.50 02.52 02.54 02.57 02.61 02.87 02.97 02.96 02.95 02.94 02.92 02.89 02.87 02.83 02.76 02.68 02.30 02.03 02.21 02.16 02.09 02.02 01.95 01.87 01.81 02.03 02.56 02.53 02.48 02.45 02.42 02.52 02.86 02.85 02.83 02.81 02.80 02.77 02.38 02.25 02.23
-9999.0 -9999.0 -9999.0 -9999.0 -9999.0 -9999.0 -9999.0 -9999.0 -9999.0 -9999.0 -9999.0 -9999.0 -9999.0 -9999.0 -9999.0 -9999.0 -9999.0 -9999.0 -9999.0 -9999.0 -9999.0 01.34 01.37 01.38 01.13 01.15 01.18 01.50 01.54 01.58 01.79 02.49 02.51 02.53 02.57 02.61 02.68 02.87 02.93 02.92 02.90 02.88 02.85 02.83 02.79 02.74 02.66 02.54 02.42 02.27 02.17 02.08 02.01 01.94 01.87 02.17 02.64 02.60 02.53 02.49 02.45 02.41 02.78 02.85 02.84 02.82 02.80 02.78 02.59 02.23 02.21 02.19
-9999.0 -9999.0 -9999.0 -9999.0 -9999.0 -9999.0 -9999.0 -9999.0 -9999.0 -9999.0 -9999.0 -9999.0 -9999.0 -9999.0 -9999.0 -9999.0 -9999.0 -9999.0 -9999.0 -9999.0 -9999.0 -9999.0 01.33 01.35 01.34 01.14 01.16 01.27 01.54 01.57 01.59 02.04 02.50 02.53 02.57 02.62 02.69 02.74 02.84 02.88 02.87 02.84 02.81 02.78 02.74 02.71 02.65 02.50 02.31 02.22 02.15 02.08 02.01 01.93 02.39 02.70 02.67 02.62 02.55 02.49 02.45 02.66 02.86 02.85 02.83 02.81 02.79 02.76 02.24 02.19 02.17 02.16
-9999.0 -9999.0 -9999.0 -9999.0 -9999.0 -9999.0 -9999.0 -9999.0 -9999.0 -9999.0 -9999.0 -9999.0 -9999.0 -9999.0 -9999.0 -9999.0 -9999.0 -9999.0 -9999.0 -9999.0 -9999.0 -9999.0 -9999.0 01.32 01.33 01.22 01.15 01.17 01.44 01.56 01.58 01.60 02.30 02.53 02.57 02.63 02.69 02.74 02.79 02.84 02.84 02.79 02.76 02.73 02.70 02.67 02.56 02.43 02.27 02.20 02.14 02.08 02.28 02.68 02.75 02.73 02.68 02.62 02.55 02.50 02.59 02.85 02.85 02.83 02.81 02.80 02.77 02.42 02.18 02.16 02.14 02.12
