examples/flatland/Outputs/centerIgnit/b_RAWS/clockwise/1hr/flatland_centerIgnit_counterClockwise1hr_RAWS/flatland_centerIgnit_counterClockwise1hr_RAWS_HeatPerUnitArea.asc
NCOLS 100
NROWS 100
XLLCORNER 20000.000000
YLLCORNER 20000.000000
CELLSIZE 30.000000
NODATA_VALUE -9999.0
[rows 28 to 55 of 100, columns 0 to 61 of 100]
-9999.0 -9999.0 -9999.0 -9999.0 -9999.0 -9999.0 -9999.0 -9999.0 -9999.0 -9999.0 -9999.0 -9999.0 -9999.0 -9999.0 -9999.0 -9999.0 -9999.0 -9999.0 -9999.0 -9999.0 -9999.0 -9999.0 -9999.0 -9999.0 01002.712 01007.798 01012.081 01015.869 01019.269 01020.637 01027.408 01031.016 01034.498 01037.557 01040.769 01045.488 01049.390 01053.651 01057.304 01060.217 01063.412 01066.279 01068.822 01071.089 01073.308 01073.422 01072.139 01070.531 01068.687 01066.146 01063.783 01060.433 01057.585 01055.772 01052.907 01049.889 01047.080 01044.455 01041.854 01038.585 01037.504 01035.887
-9999.0 -9999.0 -9999.0 -9999.0 -9999.0 -9999.0 -9999.0 -9999.0 -9999.0 -9999.0 -9999.0 -9999.0 -9999.0 -9999.0 -9999.0 -9999.0 -9999.0 -9999.0 -9999.0 -9999.0 -9999.0 -9999.0 -9999.0 -9999.0 01006.178 01010.852 01014.950 01018.506 01020.299 01026.731 01031.119 01034.902 01037.846 01042.255 01046.778 01051.748 01056.643 01060.037 01064.166 01068.259 01071.672 01075.280 01078.444 01078.853 01080.708 01082.051 01078.910 01078.817 01078.289 01075.310 01072.004 01068.371 01064.815 01061.007 01057.337 01054.889 01051.542 01048.465 01045.624 01042.931 01039.368 01037.705
-9999.0 -9999.0 -9999.0 -9999.0 -9999.0 -9999.0 -9999.0 -9999.0 -9999.0 -9999.0 -9999.0 -9999.0 -9999.0 -9999.0 -9999.0 -9999.0 -9999.0 -9999.0 -9999.0 -9999.0 -9999.0 -9999.0 -9999.0 01004.387 01009.309 01013.645 01017.514 01019.930 01025.727 01030.309 01034.659 01038.046 01042.863 01047.766 01053.293 01058.062 01062.931 01067.300 01071.805 01076.591 01078.854 01082.412 01084.199 01085.675 01087.126 01088.424 01087.401 01086.228 01084.672 01082.891 01078.847 01077.242 01072.866 01068.081 01063.660 01058.886 01056.269 01052.967 01049.655 01046.345 01043.289 01039.552
-9999.0 -9999.0 -9999.0 -9999.0 -9999.0 -9999.0 -9999.0 -9999.0 -9999.0 -9999.0 -9999.0 -9999.0 -9999.0 -9999.0 -9999.0 -9999.0 -9999.0 -9999.0 -9999.0 -9999.0 -9999.0 -9999.0 01002.487 01007.688 01012.241 01016.257 01019.531 01024.430 01029.280 01033.782 01037.727 01042.968 01048.349 01054.269 01058.971 01064.217 01069.311 01074.970 01078.818 01082.614 01084.908 01087.184 01089.119 01090.987 01092.575 01094.263 01094.146 01092.820 01091.173 01089.256 01086.495 01083.771 01078.841 01075.967 01070.594 01065.667 01060.951 01056.788 01053.439 01049.783 01046.449 01043.342
-9999.0 -9999.0 -9999.0 -9999.0 -9999.0 -9999.0 -9999.0 -9999.0 -9999.0 -9999.0 -9999.0 -9999.0 -9999.0 -9999.0 -9999.0 -9999.0 -9999.0 -9999.0 -9999.0 -9999.0 -9999.0 -9999.0 01005.706 01010.680 01014.902 01018.717 01020.547 01027.860 01032.686 01037.270 01041.837 01047.655 01054.552 01059.695 01065.037 01070.483 01076.575 01078.919 01084.071 01086.786 01089.243 01091.746 01094.279 01096.438 01098.473 01098.797 01098.877 01098.777 01098.293 01096.099 01093.052 01089.956 01086.087 01082.220 01078.531 01072.488 01066.574 01061.130 01056.844 01053.478 01049.768 01046.354
-9999.0 -9999.0 -9999.0 -9999.0 -9999.0 -9999.0 -9999.0 -9999.0 -9999.0 -9999.0 -9999.0 -9999.0 -9999.0 -9999.0 -9999.0 -9999.0 -9999.0 -9999.0 -9999.0 -9999.0 -9999.0 01003.262 01008.678 01013.327 01017.388 01019.941 01026.121 01031.104 01035.971 01039.776 01046.336 01053.024 01058.994 01064.984 01071.209 01077.507 01081.243 01084.698 01087.607 01090.572 01093.644 01096.489 01098.705 01098.897 01100.348 01100.850 01101.306 01101.120 01100.690 01099.940 01098.785 01096.523 01092.269 01088.034 01083.575 01078.732 01072.568 01066.604 01061.061 01056.731 01053.195 01049.429
-9999.0 -9999.0 -9999.0 -9999.0 -9999.0 -9999.0 -9999.0 -9999.0 -9999.0 -9999.0 -9999.0 -9999.0 -9999.0 -9999.0 -9999.0 -9999.0 -9999.0 -9999.0 -9999.0 -9999.0 -9999.0 01006.327 01011.407 01015.786 01019.460 01024.044 01029.429 01034.270 01038.265 01044.603 01051.253 01057.970 01063.775 01069.790 01076.678 01081.224 01085.012 01088.079 01091.148 01094.320 01097.650 01098.833 01100.355 01101.039 01101.688 01102.210 01102.709 01102.874 01102.427 01101.907 01101.143 01100.054 01098.673 01094.304 01088.778 01083.597 01078.728 01072.275 01066.142 01060.432 01056.472 01052.746
-9999.0 -9999.0 -9999.0 -9999.0 -9999.0 -9999.0 -9999.0 -9999.0 -9999.0 -9999.0 -9999.0 -9999.0 -9999.0 -9999.0 -9999.0 -9999.0 -9999.0 -9999.0 -9999.0 -9999.0 01003.317 01009.106 01013.845 01018.036 01020.326 01027.614 01032.588 01037.392 01042.570 01048.944 01056.448 01062.234 01068.307 01074.937 01078.903 01084.295 01087.563 01090.952 01094.494 01098.246 01098.873 01100.591 01101.436 01102.257 01102.937 01103.571 01104.104 01104.679 01104.183 01103.688 01102.903 01101.904 01100.777 01098.782 01094.270 01088.687 01083.238 01078.384 01071.584 01065.520 01059.773 01056.225
-9999.0 -9999.0 -9999.0 -9999.0 -9999.0 -9999.0 -9999.0 -9999.0 -9999.0 -9999.0 -9999.0 -9999.0 -9999.0 -9999.0 -9999.0 -9999.0 -9999.0 -9999.0 -9999.0 -9999.0 01005.788 01011.476 01016.156 01019.606 01025.263 01030.620 01035.786 01039.767 01046.650 01053.839 01060.073 01066.182 01072.744 01078.802 01083.434 01086.731 01090.118 01093.608 01097.334 01098.839 01100.613 01101.615 01102.487 01103.362 01104.172 01104.890 01105.500 01106.130 01106.088 01105.477 01104.715 01103.654 01102.512 01100.932 01098.775 01093.906 01088.083 01082.656 01077.614 01070.870 01064.889 01058.985
-9999.0 -9999.0 -9999.0 -9999.0 -9999.0 -9999.0 -9999.0 -9999.0 -9999.0 -9999.0 -9999.0 -9999.0 -9999.0 -9999.0 -9999.0 -9999.0 -9999.0 -9999.0 -9999.0 01001.581 01008.055 01013.431 01018.122 01020.530 01028.275 01033.551 01038.036 01044.368 01051.116 01058.142 01064.128 01070.398 01077.550 01082.319 01085.574 01088.962 01092.494 01096.205 01098.764 01100.348 01101.396 01102.465 01103.544 01104.423 01105.310 01106.171 01106.887 01109.111 01110.758 01108.744 01106.571 01105.425 01104.152 01102.518 01100.848 01098.722 01093.255 01087.480 01082.056 01076.633 01069.829 01063.874
-9999.0 -9999.0 -9999.0 -9999.0 -9999.0 -9999.0 -9999.0 -9999.0 -9999.0 -9999.0 -9999.0 -9999.0 -9999.0 -9999.0 -9999.0 -9999.0 -9999.0 -9999.0 -9999.0 01003.981 01010.141 01015.286 01019.497 01025.398 01031.150 01036.490 01041.624 01048.199 01056.060 01061.998 01068.133 01074.921 01078.909 01084.442 01087.777 01091.248 01094.861 01098.654 01099.110 01101.068 01102.170 01103.263 01104.341 01105.439 01106.429 01108.238 01111.033 01114.417 01117.567 01114.767 01111.836 01108.432 01105.809 01104.117 01102.376 01100.659 01098.661 01092.595 01086.635 01078.899 01075.205 01068.576
-9999.0 -9999.0 -9999.0 -9999.0 -9999.0 -9999.0 -9999.0 -9999.0 -9999.0 -9999.0 -9999.0 -9999.0 -9999.0 -9999.0 -9999.0 -9999.0 -9999.0 -9999.0 -9999.0 01006.131 01011.978 01016.992 01020.119 01027.790 01033.666 01038.357 01045.145 01052.410 01059.248 01065.495 01072.088 01078.765 01083.228 01086.569 01090.040 01093.614 01097.407 01098.846 01100.689 01101.784 01102.890 01104.012 01105.148 01106.282 01108.463 01112.229 01117.061 01120.621 01123.845 01121.201 01118.256 01114.264 01109.271 01105.706 01103.928 01102.187 01100.472 01097.849 01091.439 01085.492 01078.780 01072.731
-9999.0 -9999.0 -9999.0 -9999.0 -9999.0 -9999.0 -9999.0 -9999.0 -9999.0 -9999.0 -9999.0 -9999.0 -9999.0 -9999.0 -9999.0 -9999.0 -9999.0 -9999.0 -9999.0 01007.984 01013.682 01018.535 01022.523 01030.023 01035.966 01041.620 01048.758 01056.823 01062.802 01069.089 01076.218 01080.656 01085.092 01088.522 01092.091 01095.836 01098.738 01100.285 01101.403 01102.512 01103.625 01104.752 01105.900 01107.370 01111.357 01117.939 01122.492 01126.554 01130.190 01127.352 01123.795 01119.866 01114.323 01108.694 01105.504 01103.739 01101.964 01099.940 01096.262 01089.193 01082.721 01076.838
-9999.0 -9999.0 -9999.0 -9999.0 -9999.0 -9999.0 -9999.0 -9999.0 -9999.0 -9999.0 -9999.0 -9999.0 -9999.0 -9999.0 -9999.0 -9999.0 -9999.0 -9999.0 01002.778 01009.465 01015.132 01019.560 01025.911 01032.103 01037.721 01044.190 01051.686 01059.081 01065.436 01072.131 01078.775 01083.355 01086.793 01090.366 01094.090 01098.073 01098.892 01100.947 01102.085 01103.231 01104.361 01105.497 01106.677 01109.890 01116.030 01122.333 01128.011 01132.601 01136.751 01133.674 01129.616 01124.721 01119.451 01113.624 01107.880 01105.311 01103.475 01101.534 01098.785 01092.957 01086.144 01078.811
-9999.0 -9999.0 -9999.0 -9999.0 -9999.0 -9999.0 -9999.0 -9999.0 -9999.0 -9999.0 -9999.0 -9999.0 -9999.0 -9999.0 -9999.0 -9999.0 -9999.0 -9999.0 01004.362 01010.872 01016.366 01020.023 01027.982 01034.060 01038.857 01046.703 01054.933 01061.500 01067.792 01074.694 01078.908 01084.534 01087.993 01091.602 01095.392 01098.708 01100.232 01101.482 01102.747 01103.907 01105.078 01106.276 01108.507 01113.556 01120.318 01126.671 01133.138 01138.183 01142.793 01139.549 01135.335 01129.677 01124.169 01118.861 01112.959 01106.911 01105.014 01102.741 01100.520 01096.666 01089.212 01082.390
-9999.0 -9999.0 -9999.0 -9999.0 -9999.0 -9999.0 -9999.0 -9999.0 -9999.0 -9999.0 -9999.0 -9999.0 -9999.0 -9999.0 -9999.0 -9999.0 -9999.0 -9999.0 01005.626 01012.163 01017.505 01020.585 01029.516 01035.930 01041.992 01049.184 01057.463 01063.572 01069.937 01077.279 01082.295 01085.670 01089.188 01092.851 01096.718 01098.802 01100.659 01101.912 01103.181 01104.467 01105.775 01107.083 01111.220 01118.171 01124.423 01130.926 01137.641 01143.598 01148.653 01145.380 01140.285 01134.777 01129.077 01123.574 01118.290 01112.102 01106.297 01103.958 01101.561 01098.745 01092.141 01084.931
-9999.0 -9999.0 -9999.0 -9999.0 -9999.0 -9999.0 -9999.0 -9999.0 -9999.0 -9999.0 -9999.0 -9999.0 -9999.0 -9999.0 -9999.0 -9999.0 -9999.0 -9999.0 01006.747 01013.065 01018.511 01024.180 01030.976 01037.350 01043.657 01051.264 01058.885 01065.162 01071.695 01078.734 01083.057 01086.459 01090.003 01093.694 01097.620 01098.862 01100.962 01102.269 01103.594 01104.902 01106.229 01108.916 01115.587 01122.281 01128.682 01135.359 01141.714 01148.137 -9999.0 -9999.000 01145.024 01139.656 01134.151 01128.482 01122.950 01116.820 01109.502 01105.038 01102.561 01099.257 01094.610 01087.223
-9999.0 -9999.0 -9999.0 -9999.0 -9999.0 -9999.0 -9999.0 -9999.0 -9999.0 -9999.0 -9999.0 -9999.0 -9999.0 -9999.0 -9999.0 -9999.0 -9999.0 -9999.0 01007.629 01013.956 01019.320 01025.538 01032.298 01038.108 01045.228 01053.278 01060.371 01066.568 01073.194 01078.827 01083.698 01087.101 01090.645 01094.334 01098.282 01098.905 01101.212 01102.551 01103.886 01105.232 01106.626 01110.547 01118.773 01126.391 01133.049 01139.570 01145.908 -9999.000 -9999.0 -9999.0 -9999.000 01144.426 01139.075 01133.590 01127.570 01120.565 01112.746 01106.085 01103.472 01100.864 01097.131 01089.266
-9999.0 -9999.0 -9999.0 -9999.0 -9999.0 -9999.0 -9999.0 -9999.0 -9999.0 -9999.0 -9999.0 -9999.0 -9999.0 -9999.0 -9999.0 -9999.0 -9999.0 -9999.0 01008.258 01014.556 01019.559 01026.627 01033.304 01038.709 01046.551 01054.934 01061.502 01067.601 01074.228 01078.878 01084.161 01087.571 01091.129 01094.844 01098.662 01099.600 01101.425 01102.779 01104.143 01105.517 01106.948 01112.344 01121.428 01129.440 01137.412 01143.679 -9999.000 -9999.0 -9999.0 -9999.0 -9999.0 -9999.000 01143.822 01138.532 01131.477 01123.998 01116.512 01107.932 01104.081 01101.008 01097.356 01089.785
-9999.0 -9999.0 -9999.0 -9999.0 -9999.0 -9999.0 -9999.0 -9999.0 -9999.0 -9999.0 -9999.0 -9999.0 -9999.0 -9999.0 -9999.0 -9999.0 -9999.0 -9999.0 01008.695 01015.070 01019.729 01027.390 01034.171 01039.882 01047.675 01056.271 01062.350 01068.329 01074.977 01078.905 01084.494 01087.940 01091.229 01094.618 01098.220 01098.876 01101.149 01102.599 01104.069 01105.571 01107.500 01114.920 01123.698 01132.507 01140.889 01147.951 -9999.0 -9999.0 -9999.0 -9999.0 -9999.0 -9999.0 -9999.000 01142.618 01135.669 01127.960 01117.239 01106.635 01103.530 01100.537 01096.192 01088.948
-9999.0 -9999.0 -9999.0 -9999.0 -9999.0 -9999.0 -9999.0 -9999.0 -9999.0 -9999.0 -9999.0 -9999.0 -9999.0 -9999.0 -9999.0 -9999.0 -9999.0 00996.034 01008.955 01015.347 01019.860 01027.968 01034.818 01040.812 01048.330 01056.942 01062.855 01068.851 01075.639 01078.892 01084.024 01087.144 01090.371 01093.672 01097.140 01098.790 01100.708 01102.136 01103.582 01105.048 01106.567 01111.007 01122.312 01133.876 01144.118 -9999.000 -9999.0 -9999.0 -9999.0 -9999.0 -9999.0 -9999.0 -9999.000 01147.270 01136.570 01125.149 01114.195 01105.891 01102.854 01098.915 01094.834 01087.847
-9999.0 -9999.0 -9999.0 -9999.0 -9999.0 -9999.0 -9999.0 -9999.0 -9999.0 -9999.0 -9999.0 -9999.0 -9999.0 -9999.0 -9999.0 -9999.0 -9999.0 00997.216 01009.080 01015.490 01019.947 01028.279 01035.168 01041.409 01048.804 01057.362 01063.236 01068.663 01074.264 01078.818 01083.252 01086.267 01089.394 01092.638 01095.934 01098.695 01099.948 01101.575 01103.018 01104.476 01105.954 01108.462 01117.537 01128.100 01139.352 -9999.000 -9999.0 -9999.0 -9999.0 -9999.0 -9999.0 -9999.0 -9999.0 01143.282 01132.346 01121.492 01110.615 01104.937 01102.008 01098.768 01093.168 01086.436
-9999.0 -9999.0 -9999.0 -9999.0 -9999.0 -9999.0 -9999.0 -9999.0 -9999.0 -9999.0 -9999.0 -9999.0 -9999.0 -9999.0 -9999.0 -9999.0 -9999.0 -9999.0 01008.269 01015.224 01020.007 01028.478 01035.448 01041.844 01049.106 01057.121 01062.309 01067.399 01072.878 01078.720 01082.318 01085.282 01088.266 01091.366 01094.585 01097.928 01098.829 01100.891 01102.307 01103.742 01105.198 01106.708 01111.537 01122.144 01132.343 01142.388 -9999.000 -9999.0 -9999.0 -9999.0 -9999.0 -9999.0 -9999.000 01137.358 01126.688 01116.231 01106.679 01103.873 01100.972 01097.843 01091.128 01084.862
-9999.0 -9999.0 -9999.0 -9999.0 -9999.0 -9999.0 -9999.0 -9999.0 -9999.0 -9999.0 -9999.0 -9999.0 -9999.0 -9999.0 -9999.0 -9999.0 -9999.0 -9999.0 01006.949 01014.096 01019.627 01027.419 01034.500 01040.537 01047.592 01055.479 01061.111 01066.125 01071.363 01077.052 01078.916 01084.135 01087.088 01090.074 01093.083 01096.223 01098.702 01099.913 01101.497 01102.865 01104.249 01105.655 01107.388 01114.151 01124.282 01134.514 01144.419 -9999.0 -9999.0 -9999.0 -9999.0 -9999.000 01140.751 01130.227 01120.008 01109.718 01104.989 01102.305 01098.865 01095.237 01088.840 01082.849
-9999.0 -9999.0 -9999.0 -9999.0 -9999.0 -9999.0 -9999.0 -9999.0 -9999.0 -9999.0 -9999.0 -9999.0 -9999.0 -9999.0 -9999.0 -9999.0 -9999.0 -9999.0 01005.270 01012.785 01019.071 01025.969 01033.099 01038.813 01046.141 01053.538 01059.840 01064.733 01069.670 01074.887 01078.812 01082.927 01085.685 01088.536 01091.468 01094.542 01097.518 01098.772 01100.502 01101.850 01103.203 01104.573 01105.969 01108.255 01116.435 01126.359 01136.653 -9999.000 -9999.0 -9999.0 -9999.0 01144.173 01133.904 01123.370 01112.741 01105.914 01103.277 01100.711 01098.067 01092.257 01086.528 01078.876
-9999.0 -9999.0 -9999.0 -9999.0 -9999.0 -9999.0 -9999.0 -9999.0 -9999.0 -9999.0 -9999.0 -9999.0 -9999.0 -9999.0 -9999.0 -9999.0 -9999.0 -9999.0 01003.225 01011.195 01017.716 01024.149 01031.554 01038.016 01044.533 01051.423 01058.412 01063.260 01067.840 01072.787 01078.066 01078.935 01084.236 01087.041 01089.793 01092.503 01095.296 01098.258 01098.824 01100.789 01102.128 01103.483 01104.856 01106.266 01109.286 01118.581 01128.432 01138.723 -9999.000 -9999.0 -9999.000 01137.475 01126.920 01116.637 01106.842 01104.154 01101.570 01098.751 01094.520 01089.026 01083.850 01078.755
-9999.0 -9999.0 -9999.0 -9999.0 -9999.0 -9999.0 -9999.0 -9999.0 -9999.0 -9999.0 -9999.0 -9999.0 -9999.0 -9999.0 -9999.0 -9999.0 -9999.0 -9999.0 -9999.0 01009.304 01016.219 01020.476 01029.839 01036.814 01042.780 01049.198 01056.770 01061.441 01065.926 01070.574 01075.408 01078.811 01082.754 01085.238 01087.815 01090.482 01093.175 01095.945 01098.658 01098.876 01101.063 01102.408 01103.767 01105.144 01106.561 01110.398 01120.328 01129.454 01137.757 -9999.000 01137.329 01128.621 01119.703 01109.453 01105.024 01102.440 01098.909 01096.417 01091.016 01085.916 01078.887 01077.312
-9999.0 -9999.0 -9999.0 -9999.0 -9999.0 -9999.0 -9999.0 -9999.0 -9999.0 -9999.0 -9999.0 -9999.0 -9999.0 -9999.0 -9999.0 -9999.0 -9999.0 -9999.0 -9999.0 01006.908 01014.196 01019.711 01027.635 01034.573 01040.394 01046.934 01053.808 01059.536 01064.028 01068.286 01072.813 01077.794 01078.889 01083.401 01085.902 01088.420 01091.030 01093.726 01096.539 01098.697 01099.258 01101.318 01102.637 01103.979 01105.342 01106.729 01110.180 01118.081 01124.993 01132.958 01125.017 01117.812 01109.578 01105.694 01103.145 01100.684 01098.338 01092.799 01087.639 01082.785 01078.733 01074.407
