examples/flatland/Outputs/centerIgnit/b_RAWS/clockwise/1hr/flatland_centerIgnit_counterClockwise1hr_RAWS/flatland_centerIgnit_counterClockwise1hr_RAWS_Intensity.asc
NCOLS 100
NROWS 100
XLLCORNER 20000.000000
YLLCORNER 20000.000000
CELLSIZE 30.000000
NODATA_VALUE -9999.0
[rows 28 to 55 of 100, columns 0 to 61 of 100]
-9999.0 -9999.0 -9999.0 -9999.0 -9999.0 -9999.0 -9999.0 -9999.0 -9999.0 -9999.0 -9999.0 -9999.0 -9999.0 -9999.0 -9999.0 -9999.0 -9999.0 -9999.0 -9999.0 -9999.0 -9999.0 -9999.0 -9999.0 -9999.0 00035.224 00035.982 00036.707 00037.392 00037.743 00026.137 00026.655 00027.513 00028.293 00026.935 00021.311 00021.898 00022.357 00022.845 00023.063 00022.751 00022.818 00022.869 00022.900 00022.940 00022.907 00022.885 00022.860 00022.842 00022.825 00022.774 00022.726 00022.686 00025.922 00032.038 00032.522 00032.652 00032.748 00032.811 00032.754 00034.754 00043.284 00045.900
-9999.0 -9999.0 -9999.0 -9999.0 -9999.0 -9999.0 -9999.0 -9999.0 -9999.0 -9999.0 -9999.0 -9999.0 -9999.0 -9999.0 -9999.0 -9999.0 -9999.0 -9999.0 -9999.0 -9999.0 -9999.0 -9999.0 -9999.0 -9999.0 00035.440 00036.164 00036.874 00037.287 00027.912 00025.613 00026.746 00027.661 00025.144 00021.272 00021.683 00022.239 00022.854 00023.243 00023.309 00023.359 00023.433 00023.509 00023.556 00027.562 00029.885 00028.636 00026.521 00024.726 00023.468 00023.404 00023.349 00023.303 00023.296 00023.238 00027.594 00033.367 00033.637 00033.611 00033.792 00034.024 00034.031 00042.237
-9999.0 -9999.0 -9999.0 -9999.0 -9999.0 -9999.0 -9999.0 -9999.0 -9999.0 -9999.0 -9999.0 -9999.0 -9999.0 -9999.0 -9999.0 -9999.0 -9999.0 -9999.0 -9999.0 -9999.0 -9999.0 -9999.0 -9999.0 00035.111 00035.726 00036.322 00036.833 00030.601 00025.174 00025.832 00026.673 00023.874 00021.175 00021.637 00022.115 00023.406 00023.893 00023.965 00023.999 00024.065 00029.166 00033.445 00032.979 00032.492 00031.332 00029.673 00027.910 00026.997 00026.438 00025.912 00024.648 00024.037 00023.998 00023.873 00023.750 00023.615 00033.058 00034.990 00035.306 00035.169 00035.034 00034.784
-9999.0 -9999.0 -9999.0 -9999.0 -9999.0 -9999.0 -9999.0 -9999.0 -9999.0 -9999.0 -9999.0 -9999.0 -9999.0 -9999.0 -9999.0 -9999.0 -9999.0 -9999.0 -9999.0 -9999.0 -9999.0 -9999.0 00034.562 00035.312 00035.993 00036.487 00034.377 00024.702 00025.372 00026.058 00024.437 00020.993 00021.478 00022.044 00024.123 00024.376 00024.562 00024.737 00028.935 00035.641 00035.062 00034.703 00034.136 00033.490 00032.715 00030.805 00029.193 00027.643 00026.840 00026.154 00025.599 00024.956 00024.456 00024.556 00024.442 00024.315 00024.178 00031.745 00036.129 00036.136 00035.954 00035.738
-9999.0 -9999.0 -9999.0 -9999.0 -9999.0 -9999.0 -9999.0 -9999.0 -9999.0 -9999.0 -9999.0 -9999.0 -9999.0 -9999.0 -9999.0 -9999.0 -9999.0 -9999.0 -9999.0 -9999.0 -9999.0 -9999.0 00034.713 00035.478 00036.179 00036.489 00025.387 00024.890 00025.555 00025.952 00020.830 00021.294 00021.815 00024.826 00024.927 00025.130 00025.305 00035.607 00037.584 00037.037 00036.500 00036.056 00035.517 00034.716 00033.708 00039.573 00042.937 00034.241 00027.336 00026.554 00025.949 00025.370 00024.743 00024.257 00025.156 00025.085 00024.937 00024.767 00032.171 00036.872 00036.801 00036.524
-9999.0 -9999.0 -9999.0 -9999.0 -9999.0 -9999.0 -9999.0 -9999.0 -9999.0 -9999.0 -9999.0 -9999.0 -9999.0 -9999.0 -9999.0 -9999.0 -9999.0 -9999.0 -9999.0 -9999.0 -9999.0 00034.069 00034.838 00035.591 00036.136 00029.876 00024.547 00025.067 00025.620 00020.623 00021.128 00021.623 00025.412 00025.598 00025.765 00025.983 00039.201 00039.049 00038.775 00038.379 00037.915 00037.451 00039.584 00051.134 00052.279 00050.625 00047.942 00044.390 00041.498 00039.973 00031.373 00025.661 00025.006 00024.506 00024.007 00025.591 00025.724 00025.404 00025.101 00033.209 00037.390 00037.213
-9999.0 -9999.0 -9999.0 -9999.0 -9999.0 -9999.0 -9999.0 -9999.0 -9999.0 -9999.0 -9999.0 -9999.0 -9999.0 -9999.0 -9999.0 -9999.0 -9999.0 -9999.0 -9999.0 -9999.0 -9999.0 00034.135 00034.961 00035.658 00034.557 00024.153 00024.813 00025.323 00022.282 00020.966 00021.450 00024.471 00026.123 00026.429 00026.714 00040.847 00040.730 00040.530 00040.307 00040.139 00039.642 00048.678 00054.508 00053.938 00053.177 00052.404 00049.667 00045.678 00041.619 00040.250 00038.748 00037.142 00026.004 00024.666 00024.161 00023.748 00025.962 00025.993 00025.634 00025.250 00034.860 00037.558
-9999.0 -9999.0 -9999.0 -9999.0 -9999.0 -9999.0 -9999.0 -9999.0 -9999.0 -9999.0 -9999.0 -9999.0 -9999.0 -9999.0 -9999.0 -9999.0 -9999.0 -9999.0 -9999.0 -9999.0 00032.864 00033.907 00035.036 00035.529 00026.301 00024.343 00024.990 00024.902 00020.802 00021.264 00022.318 00026.398 00026.779 00027.175 00038.308 00042.515 00042.595 00042.433 00042.403 00042.501 00053.012 00055.761 00055.419 00054.937 00054.107 00052.898 00050.402 00047.761 00044.080 00040.630 00038.528 00037.007 00035.134 00028.685 00024.443 00024.014 00023.646 00026.404 00026.070 00025.644 00025.231 00036.484
-9999.0 -9999.0 -9999.0 -9999.0 -9999.0 -9999.0 -9999.0 -9999.0 -9999.0 -9999.0 -9999.0 -9999.0 -9999.0 -9999.0 -9999.0 -9999.0 -9999.0 -9999.0 -9999.0 -9999.0 00032.721 00033.687 00034.667 00032.326 00023.762 00024.456 00025.066 00020.585 00021.096 00021.598 00026.489 00026.955 00027.384 00032.174 00043.118 00043.351 00043.592 00043.642 00043.673 00052.016 00056.628 00056.419 00056.085 00055.707 00055.127 00054.195 00052.297 00049.370 00045.177 00040.781 00038.596 00036.745 00035.079 00033.711 00027.991 00024.292 00023.927 00023.597 00026.410 00026.126 00025.764 00025.406
-9999.0 -9999.0 -9999.0 -9999.0 -9999.0 -9999.0 -9999.0 -9999.0 -9999.0 -9999.0 -9999.0 -9999.0 -9999.0 -9999.0 -9999.0 -9999.0 -9999.0 -9999.0 -9999.0 00031.809 00032.641 00033.481 00034.192 00024.262 00023.846 00024.556 00022.678 00020.922 00021.405 00025.150 00026.853 00027.312 00027.827 00043.387 00043.745 00044.117 00044.418 00044.641 00049.251 00056.914 00056.892 00056.850 00056.800 00056.422 00055.982 00055.309 00054.506 00053.914 00055.788 00045.769 00038.589 00036.594 00034.929 00033.600 00032.807 00026.346 00024.234 00023.873 00023.520 00026.622 00026.325 00026.012
-9999.0 -9999.0 -9999.0 -9999.0 -9999.0 -9999.0 -9999.0 -9999.0 -9999.0 -9999.0 -9999.0 -9999.0 -9999.0 -9999.0 -9999.0 -9999.0 -9999.0 -9999.0 -9999.0 00031.816 00032.617 00033.338 00032.027 00023.108 00023.916 00024.510 00020.720 00021.197 00021.763 00026.975 00027.392 00027.840 00039.927 00043.764 00044.048 00044.411 00044.790 00045.467 00056.820 00057.081 00057.194 00057.232 00057.185 00057.111 00056.582 00055.365 00054.957 00056.719 00059.296 00057.383 00055.868 00040.573 00034.600 00033.248 00032.742 00032.597 00024.878 00024.142 00023.760 00023.933 00027.198 00026.965
-9999.0 -9999.0 -9999.0 -9999.0 -9999.0 -9999.0 -9999.0 -9999.0 -9999.0 -9999.0 -9999.0 -9999.0 -9999.0 -9999.0 -9999.0 -9999.0 -9999.0 -9999.0 -9999.0 00031.637 00032.569 00033.107 00026.145 00022.915 00023.815 00021.712 00021.002 00021.502 00027.120 00027.549 00027.988 00031.017 00044.322 00044.697 00044.938 00045.186 00045.441 00053.292 00057.039 00057.187 00057.339 00057.471 00057.580 00057.304 00054.995 00052.503 00055.043 00057.395 00060.188 00058.089 00056.238 00054.030 00041.167 00033.157 00032.857 00032.715 00032.266 00024.415 00023.997 00023.594 00026.307 00027.853
-9999.0 -9999.0 -9999.0 -9999.0 -9999.0 -9999.0 -9999.0 -9999.0 -9999.0 -9999.0 -9999.0 -9999.0 -9999.0 -9999.0 -9999.0 -9999.0 -9999.0 -9999.0 -9999.0 00031.390 00032.338 00032.870 00022.159 00022.907 00023.478 00020.787 00021.288 00023.212 00028.101 00028.538 00029.010 00045.012 00045.394 00045.671 00045.950 00046.290 00049.615 00056.990 00057.160 00057.293 00057.439 00057.584 00057.605 00056.502 00050.102 00052.152 00054.636 00057.237 00060.967 00058.249 00056.101 00053.935 00051.732 00038.076 00032.977 00032.722 00031.995 00031.105 00024.246 00023.809 00023.410 00028.583
-9999.0 -9999.0 -9999.0 -9999.0 -9999.0 -9999.0 -9999.0 -9999.0 -9999.0 -9999.0 -9999.0 -9999.0 -9999.0 -9999.0 -9999.0 -9999.0 -9999.0 -9999.0 00030.383 00031.224 00032.145 00030.321 00022.285 00022.929 00022.564 00021.025 00021.544 00028.451 00028.981 00029.523 00033.293 00046.470 00046.611 00046.889 00047.146 00047.823 00055.732 00057.019 00057.209 00057.402 00057.554 00057.675 00057.452 00051.575 00049.375 00051.372 00054.208 00057.028 00061.734 00058.591 00056.001 00053.617 00052.090 00051.293 00035.583 00032.728 00031.637 00030.708 00026.827 00024.035 00023.642 00026.298
-9999.0 -9999.0 -9999.0 -9999.0 -9999.0 -9999.0 -9999.0 -9999.0 -9999.0 -9999.0 -9999.0 -9999.0 -9999.0 -9999.0 -9999.0 -9999.0 -9999.0 -9999.0 00030.241 00031.056 00031.785 00026.030 00022.299 00022.937 00020.823 00021.261 00021.823 00029.248 00029.817 00030.431 00043.396 00047.761 00048.185 00048.629 00049.042 00050.570 00056.637 00056.928 00057.234 00057.427 00057.608 00057.545 00054.109 00048.827 00049.593 00050.614 00053.445 00057.092 00062.259 00058.737 00055.760 00053.340 00052.543 00051.914 00051.130 00032.326 00031.196 00030.247 00029.471 00024.292 00023.871 00023.481
-9999.0 -9999.0 -9999.0 -9999.0 -9999.0 -9999.0 -9999.0 -9999.0 -9999.0 -9999.0 -9999.0 -9999.0 -9999.0 -9999.0 -9999.0 -9999.0 -9999.0 -9999.0 00029.975 00030.855 00031.397 00022.225 00022.181 00022.839 00020.985 00021.499 00025.333 00030.053 00030.673 00031.371 00048.338 00048.771 00049.219 00049.685 00050.069 00053.451 00056.430 00056.708 00057.001 00057.309 00057.522 00056.896 00048.439 00049.264 00050.054 00050.788 00051.927 00054.751 00062.467 00057.407 00054.960 00053.818 00053.123 00052.472 00051.544 00049.283 00030.626 00029.706 00029.006 00025.778 00024.104 00023.702
-9999.0 -9999.0 -9999.0 -9999.0 -9999.0 -9999.0 -9999.0 -9999.0 -9999.0 -9999.0 -9999.0 -9999.0 -9999.0 -9999.0 -9999.0 -9999.0 -9999.0 -9999.0 00029.655 00030.514 00031.038 00021.418 00022.077 00022.536 00021.218 00021.754 00030.131 00030.770 00031.428 00033.341 00049.092 00049.560 00050.048 00050.560 00051.142 00054.683 00056.052 00056.406 00056.741 00057.034 00057.026 00051.368 00046.724 00049.207 00050.523 00051.287 00052.011 00052.800 -9999.0 -9999.000 00055.013 00054.376 00053.723 00053.009 00051.066 00048.745 00037.128 00029.273 00028.561 00027.760 00024.334 00023.968
-9999.0 -9999.0 -9999.0 -9999.0 -9999.0 -9999.0 -9999.0 -9999.0 -9999.0 -9999.0 -9999.0 -9999.0 -9999.0 -9999.0 -9999.0 -9999.0 -9999.0 -9999.0 00029.360 00030.225 00030.724 00021.365 00021.992 00021.679 00021.448 00022.008 00030.779 00031.447 00032.176 00039.329 00049.869 00050.342 00050.816 00051.271 00052.272 00054.320 00055.092 00055.753 00056.422 00056.721 00056.228 00046.028 00045.673 00048.016 00050.972 00051.761 00052.477 -9999.000 -9999.0 -9999.0 -9999.000 00054.942 00054.306 00053.024 00050.144 00048.102 00044.559 00028.358 00027.518 00026.783 00024.990 00024.528
-9999.0 -9999.0 -9999.0 -9999.0 -9999.0 -9999.0 -9999.0 -9999.0 -9999.0 -9999.0 -9999.0 -9999.0 -9999.0 -9999.0 -9999.0 -9999.0 -9999.0 -9999.0 00029.110 00029.922 00028.388 00021.302 00021.916 00021.238 00021.653 00022.233 00031.486 00032.221 00033.111 00043.974 00050.864 00051.489 00052.194 00052.987 00053.449 00053.208 00053.690 00054.176 00054.759 00055.383 00054.543 00040.694 00044.156 00045.602 00049.880 00052.226 -9999.000 -9999.0 -9999.0 -9999.0 -9999.0 -9999.000 00054.871 00052.771 00047.549 00045.654 00042.060 00028.811 00026.317 00025.949 00025.857 00025.186
-9999.0 -9999.0 -9999.0 -9999.0 -9999.0 -9999.0 -9999.0 -9999.0 -9999.0 -9999.0 -9999.0 -9999.0 -9999.0 -9999.0 -9999.0 -9999.0 -9999.0 -9999.0 00028.771 00029.583 00026.669 00021.191 00021.813 00021.250 00021.846 00023.005 00032.203 00032.905 00034.576 00047.689 00052.347 00053.190 00053.904 00054.663 00055.080 00052.027 00051.643 00051.959 00052.335 00052.739 00050.321 00037.902 00040.345 00042.289 00046.730 00052.607 -9999.0 -9999.0 -9999.0 -9999.0 -9999.0 -9999.0 -9999.000 00049.741 00044.592 00041.523 00038.448 00025.889 00025.366 00025.233 00026.535 00025.863
-9999.0 -9999.0 -9999.0 -9999.0 -9999.0 -9999.0 -9999.0 -9999.0 -9999.0 -9999.0 -9999.0 -9999.0 -9999.0 -9999.0 -9999.0 -9999.0 -9999.0 00026.866 00028.247 00029.189 00025.414 00021.064 00021.665 00021.491 00022.066 00025.072 00033.042 00034.311 00036.176 00047.924 00053.260 00053.967 00054.744 00055.522 00055.905 00052.544 00049.563 00049.584 00049.575 00049.540 00050.083 00035.922 00035.526 00038.286 00041.068 -9999.000 -9999.0 -9999.0 -9999.0 -9999.0 -9999.0 -9999.0 -9999.000 00044.416 00039.869 00036.134 00034.544 00025.140 00024.958 00024.781 00026.823 00026.178
-9999.0 -9999.0 -9999.0 -9999.0 -9999.0 -9999.0 -9999.0 -9999.0 -9999.0 -9999.0 -9999.0 -9999.0 -9999.0 -9999.0 -9999.0 -9999.0 -9999.0 00026.294 00027.500 00028.392 00024.430 00020.919 00021.554 00021.815 00022.441 00027.146 00034.831 00036.334 00037.369 00044.231 00053.929 00054.503 00055.048 00055.597 00056.016 00054.625 00048.243 00048.318 00048.381 00048.452 00048.288 00041.139 00032.027 00033.539 00034.517 -9999.000 -9999.0 -9999.0 -9999.0 -9999.0 -9999.0 -9999.0 -9999.0 00035.394 00034.981 00033.192 00030.589 00024.893 00024.749 00026.208 00027.085 00026.432
-9999.0 -9999.0 -9999.0 -9999.0 -9999.0 -9999.0 -9999.0 -9999.0 -9999.0 -9999.0 -9999.0 -9999.0 -9999.0 -9999.0 -9999.0 -9999.0 -9999.0 -9999.0 00026.663 00027.506 00023.511 00020.573 00021.185 00022.179 00022.854 00027.016 00036.289 00037.952 00038.602 00040.474 00054.090 00054.607 00055.079 00055.569 00056.099 00056.240 00049.732 00047.032 00047.016 00046.977 00046.887 00046.109 00030.781 00031.004 00031.354 00031.500 -9999.000 -9999.0 -9999.0 -9999.0 -9999.0 -9999.0 -9999.000 00032.235 00031.969 00031.469 00024.853 00024.705 00024.578 00028.126 00027.360 00026.653
-9999.0 -9999.0 -9999.0 -9999.0 -9999.0 -9999.0 -9999.0 -9999.0 -9999.0 -9999.0 -9999.0 -9999.0 -9999.0 -9999.0 -9999.0 -9999.0 -9999.0 -9999.0 00025.825 00026.550 00025.127 00020.197 00020.743 00022.439 00023.180 00024.017 00037.340 00038.310 00039.365 00040.613 00051.794 00054.574 00055.046 00055.512 00055.964 00056.236 00053.825 00045.787 00045.715 00045.587 00045.419 00045.100 00042.161 00029.588 00030.221 00030.891 00031.566 -9999.0 -9999.0 -9999.0 -9999.0 -9999.000 00032.256 00031.519 00030.828 00027.811 00024.736 00024.588 00025.180 00028.762 00027.701 00026.927
-9999.0 -9999.0 -9999.0 -9999.0 -9999.0 -9999.0 -9999.0 -9999.0 -9999.0 -9999.0 -9999.0 -9999.0 -9999.0 -9999.0 -9999.0 -9999.0 -9999.0 -9999.0 00025.329 00025.994 00026.403 00019.925 00020.463 00022.515 00023.464 00024.210 00037.733 00038.781 00039.908 00040.983 00046.427 00054.517 00054.942 00055.378 00055.776 00056.203 00056.186 00050.215 00044.475 00044.299 00044.311 00044.326 00044.118 00038.454 00029.662 00030.337 00031.038 -9999.000 -9999.0 -9999.0 -9999.0 00032.497 00031.776 00031.039 00030.293 00024.798 00024.640 00024.481 00029.583 00029.113 00028.210 00030.074
-9999.0 -9999.0 -9999.0 -9999.0 -9999.0 -9999.0 -9999.0 -9999.0 -9999.0 -9999.0 -9999.0 -9999.0 -9999.0 -9999.0 -9999.0 -9999.0 -9999.0 -9999.0 00024.897 00025.554 00026.015 00019.720 00020.270 00021.683 00023.595 00024.302 00035.470 00039.263 00040.231 00041.272 00042.443 00053.399 00054.774 00055.158 00055.515 00055.848 00056.125 00055.995 00047.294 00043.855 00043.991 00044.130 00044.254 00043.987 00035.129 00029.746 00030.412 00030.767 -9999.000 -9999.0 -9999.000 00031.272 00030.980 00030.393 00024.857 00024.695 00024.543 00027.712 00029.987 00029.190 00028.430 00037.740
-9999.0 -9999.0 -9999.0 -9999.0 -9999.0 -9999.0 -9999.0 -9999.0 -9999.0 -9999.0 -9999.0 -9999.0 -9999.0 -9999.0 -9999.0 -9999.0 -9999.0 -9999.0 -9999.0 00025.100 00025.668 00020.400 00020.059 00020.593 00023.675 00024.352 00027.730 00039.530 00040.501 00041.571 00042.762 00047.831 00054.552 00054.861 00055.179 00055.505 00055.827 00055.993 00055.188 00045.146 00043.871 00043.930 00043.922 00043.920 00043.142 00031.385 00028.835 00028.871 00028.411 -9999.000 00028.556 00029.171 00029.143 00027.063 00024.798 00024.609 00024.539 00030.355 00029.960 00029.250 00031.249 00042.385
-9999.0 -9999.0 -9999.0 -9999.0 -9999.0 -9999.0 -9999.0 -9999.0 -9999.0 -9999.0 -9999.0 -9999.0 -9999.0 -9999.0 -9999.0 -9999.0 -9999.0 -9999.0 -9999.0 00024.509 00025.112 00023.497 00019.841 00020.363 00023.676 00024.408 00025.208 00039.761 00040.789 00041.881 00043.040 00044.628 00051.592 00054.545 00054.853 00055.164 00055.501 00055.861 00055.969 00053.030 00043.142 00043.120 00042.769 00042.374 00041.902 00040.711 00030.322 00027.185 00027.024 00026.423 00027.112 00027.323 00026.688 00025.076 00024.811 00024.553 00030.591 00030.231 00029.825 00029.287 00041.480 00043.321
