examples/flatland/Outputs/centerIgnit/b_RAWS/clockwise/3hr/flatland_centerIgnit_counterClockwise3hr_RAWS/flatland_centerIgnit_counterClockwise3hr_RAWS_ReactionIntensity.asc
NCOLS 100
NROWS 100
XLLCORNER 20000.000000
YLLCORNER 20000.000000
CELLSIZE 30.000000
NODATA_VALUE -9999.0
[rows 28 to 55 of 100, columns 0 to 62 of 100]
-9999.0 -9999.0 -9999.0 -9999.0 -9999.0 -9999.0 -9999.0 -9999.0 -9999.0 -9999.0 -9999.0 -9999.0 -9999.0 -9999.0 -9999.0 00152.063 00153.022 00153.758 00154.409 00154.920 00155.457 00156.021 00156.450 00156.863 00157.272 00157.638 00157.895 00158.411 00158.808 00159.234 00159.697 00160.194 00160.618 00161.010 00161.482 00161.925 00162.395 00162.890 00163.388 00163.860 00163.908 00164.460 00164.772 00165.021 00165.268 00165.463 00165.635 00165.783 00165.847 00165.750 00165.642 00165.502 00165.304 00165.105 00164.838 00164.568 00163.920 00163.725 00162.902 00162.133 00161.393 00160.682 00159.997
-9999.0 -9999.0 -9999.0 -9999.0 -9999.0 -9999.0 -9999.0 -9999.0 -9999.0 -9999.0 -9999.0 -9999.0 -9999.0 -9999.0 -9999.0 00152.545 00153.354 00154.059 00154.693 00155.036 00155.817 00156.256 00156.677 00157.091 00157.511 00157.775 00158.252 00158.666 00159.086 00159.536 00160.019 00160.499 00160.851 00161.351 00161.818 00162.290 00162.784 00163.303 00163.858 00163.913 00164.533 00164.862 00165.190 00165.474 00165.731 00165.951 00166.143 00166.296 00166.373 00166.270 00166.148 00165.999 00165.783 00165.565 00165.277 00164.987 00164.684 00163.925 00163.726 00162.853 00162.051 00161.309 00160.620
-9999.0 -9999.0 -9999.0 -9999.0 -9999.0 -9999.0 -9999.0 -9999.0 -9999.0 -9999.0 -9999.0 -9999.0 -9999.0 -9999.0 -9999.0 00152.875 00153.644 00154.314 00154.886 00155.315 00156.000 00156.459 00156.903 00157.320 00157.669 00157.998 00158.499 00158.918 00159.366 00159.839 00160.352 00160.730 00161.181 00161.661 00162.141 00162.647 00163.172 00163.737 00163.906 00164.538 00164.929 00165.275 00165.620 00165.942 00166.210 00166.457 00166.661 00166.829 00166.904 00166.806 00166.671 00166.501 00166.279 00166.027 00165.727 00165.422 00165.068 00164.685 00163.923 00163.644 00162.762 00161.964 00161.208
-9999.0 -9999.0 -9999.0 -9999.0 -9999.0 -9999.0 -9999.0 -9999.0 -9999.0 -9999.0 -9999.0 -9999.0 -9999.0 -9999.0 00152.330 00153.166 00153.895 00154.543 00154.977 00155.702 00156.178 00156.630 00157.072 00157.521 00157.799 00158.311 00158.724 00159.169 00159.646 00160.156 00160.606 00161.005 00161.500 00161.969 00162.469 00163.001 00163.574 00163.896 00164.445 00164.879 00165.324 00165.699 00166.062 00166.415 00166.706 00166.910 00166.928 00166.943 00166.976 00166.942 00166.929 00166.913 00166.792 00166.503 00166.191 00165.863 00165.461 00165.065 00164.662 00163.916 00163.543 00162.668 00161.847
-9999.0 -9999.0 -9999.0 -9999.0 -9999.0 -9999.0 -9999.0 -9999.0 -9999.0 -9999.0 -9999.0 -9999.0 -9999.0 -9999.0 00152.616 00153.417 00154.116 00154.745 00155.057 00155.866 00156.341 00156.796 00157.241 00157.641 00157.972 00158.514 00158.967 00159.428 00159.924 00160.450 00160.816 00161.321 00161.803 00162.296 00162.816 00163.371 00163.881 00163.925 00164.778 00165.230 00165.694 00166.137 00166.513 00166.881 00166.930 00167.001 00167.191 00167.263 00167.306 00167.259 00167.203 00167.074 00166.938 00166.911 00166.669 00166.281 00165.861 00165.446 00165.026 00164.618 00163.909 00163.422 00162.510
-9999.0 -9999.0 -9999.0 -9999.0 -9999.0 -9999.0 -9999.0 -9999.0 -9999.0 -9999.0 -9999.0 -9999.0 -9999.0 -9999.0 00152.887 00153.654 00154.323 00154.889 00155.349 00156.026 00156.492 00156.946 00157.401 00157.737 00158.211 00158.677 00159.151 00159.664 00160.219 00160.655 00161.097 00161.605 00162.098 00162.621 00163.164 00163.759 00163.910 00164.620 00165.100 00165.589 00166.067 00166.562 00166.909 00166.942 00167.193 00167.294 00167.382 00167.459 00167.507 00167.452 00167.398 00167.318 00167.225 00166.990 00166.925 00166.712 00166.279 00165.831 00165.399 00164.981 00164.574 00163.899 00163.229
-9999.0 -9999.0 -9999.0 -9999.0 -9999.0 -9999.0 -9999.0 -9999.0 -9999.0 -9999.0 -9999.0 -9999.0 -9999.0 00152.232 00153.079 00153.817 00154.471 00154.948 00155.655 00156.156 00156.631 00157.094 00157.552 00157.822 00158.390 00158.847 00159.335 00159.862 00160.435 00160.833 00161.384 00161.874 00162.394 00162.942 00163.531 00163.894 00164.457 00164.932 00165.426 00165.936 00166.444 00166.907 00166.949 00167.233 00167.368 00167.479 00167.576 00167.654 00167.710 00167.653 00167.592 00167.509 00167.404 00167.287 00167.144 00166.924 00166.693 00166.231 00165.784 00165.351 00164.922 00164.498 00163.885
-9999.0 -9999.0 -9999.0 -9999.0 -9999.0 -9999.0 -9999.0 -9999.0 -9999.0 -9999.0 -9999.0 -9999.0 -9999.0 00152.430 00153.252 00153.970 00154.611 00155.003 00155.770 00156.267 00156.742 00157.210 00157.637 00157.993 00158.539 00159.008 00159.517 00160.071 00160.584 00161.036 00161.587 00162.126 00162.696 00163.264 00163.875 00163.921 00164.763 00165.254 00165.759 00166.285 00166.826 00166.941 00167.245 00167.403 00167.539 00167.667 00167.769 00167.853 00167.917 00167.856 00167.786 00167.702 00167.584 00167.466 00167.305 00167.133 00166.921 00166.641 00166.183 00165.734 00165.279 00164.838 00164.203
-9999.0 -9999.0 -9999.0 -9999.0 -9999.0 -9999.0 -9999.0 -9999.0 -9999.0 -9999.0 -9999.0 -9999.0 -9999.0 00152.612 00153.407 00154.103 00154.729 00155.049 00155.874 00156.374 00156.847 00157.318 00157.699 00158.150 00158.659 00159.155 00159.693 00160.264 00160.719 00161.237 00161.781 00162.334 00162.925 00163.568 00163.901 00164.556 00165.061 00165.584 00166.105 00166.641 00166.928 00167.202 00167.387 00167.574 00167.714 00167.855 00167.958 00168.054 00168.127 00168.061 00167.981 00167.887 00167.766 00167.628 00167.464 00167.296 00167.060 00166.916 00166.591 00166.116 00165.650 00165.157 00164.642
-9999.0 -9999.0 -9999.0 -9999.0 -9999.0 -9999.0 -9999.0 -9999.0 -9999.0 -9999.0 -9999.0 -9999.0 -9999.0 00152.743 00153.522 00154.205 00154.823 00155.086 00155.953 00156.451 00156.933 00157.415 00157.760 00158.298 00158.765 00159.271 00159.823 00160.428 00160.847 00161.424 00161.959 00162.531 00163.143 00163.812 00163.920 00164.834 00165.362 00165.901 00166.452 00166.912 00167.098 00167.334 00167.530 00167.721 00167.890 00168.032 00168.151 00168.479 00168.761 00168.513 00168.217 00168.074 00167.951 00167.789 00167.621 00167.448 00167.277 00166.985 00166.911 00166.507 00166.010 00165.457 00164.919
-9999.0 -9999.0 -9999.0 -9999.0 -9999.0 -9999.0 -9999.0 -9999.0 -9999.0 -9999.0 -9999.0 -9999.0 -9999.0 00152.865 00153.626 00154.292 00154.874 00155.251 00156.024 00156.525 00157.006 00157.490 00157.803 00158.383 00158.870 00159.397 00159.962 00160.525 00160.982 00161.564 00162.131 00162.737 00163.368 00163.887 00164.469 00165.057 00165.671 00166.226 00166.798 00166.943 00167.266 00167.467 00167.672 00167.869 00168.064 00168.324 00168.784 00169.294 00169.778 00169.348 00168.907 00168.498 00168.121 00167.951 00167.776 00167.602 00167.430 00167.259 00166.946 00166.903 00166.324 00165.755 00165.204
-9999.0 -9999.0 -9999.0 -9999.0 -9999.0 -9999.0 -9999.0 -9999.0 -9999.0 -9999.0 -9999.0 -9999.0 -9999.0 00152.952 00153.699 00154.355 00154.898 00155.393 00156.077 00156.575 00157.061 00157.553 00157.843 00158.457 00158.949 00159.485 00160.072 00160.611 00161.118 00161.690 00162.266 00162.883 00163.556 00163.904 00164.670 00165.273 00165.901 00166.559 00166.924 00167.195 00167.398 00167.601 00167.806 00168.014 00168.330 00168.966 00169.700 00170.240 00170.731 00170.328 00169.882 00169.274 00168.586 00168.112 00167.933 00167.757 00167.583 00167.406 00167.227 00166.933 00166.647 00166.061 00165.444
-9999.0 -9999.0 -9999.0 -9999.0 -9999.0 -9999.0 -9999.0 -9999.0 -9999.0 -9999.0 -9999.0 -9999.0 00152.000 00153.012 00153.745 00154.393 00154.912 00155.477 00156.110 00156.612 00157.103 00157.590 00157.908 00158.510 00159.014 00159.564 00160.167 00160.677 00161.212 00161.790 00162.387 00163.027 00163.716 00163.916 00164.837 00165.489 00166.135 00166.804 00166.988 00167.319 00167.530 00167.735 00167.942 00168.152 00168.834 00169.834 00170.525 00171.142 00171.695 00171.264 00170.724 00170.125 00169.283 00168.530 00168.092 00167.914 00167.736 00167.554 00167.358 00167.117 00166.909 00166.315 00165.689
-9999.0 -9999.0 -9999.0 -9999.0 -9999.0 -9999.0 -9999.0 -9999.0 -9999.0 -9999.0 -9999.0 -9999.0 00152.217 00153.048 00153.774 00154.418 00154.922 00155.537 00156.135 00156.638 00157.132 00157.607 00157.953 00158.549 00159.062 00159.623 00160.231 00160.727 00161.292 00161.873 00162.479 00163.126 00163.842 00164.049 00164.989 00165.659 00166.358 00166.915 00167.199 00167.445 00167.658 00167.871 00168.080 00168.596 00169.543 00170.500 00171.363 00172.054 00172.692 00172.219 00171.607 00170.863 00170.062 00169.177 00168.463 00168.073 00167.890 00167.700 00167.477 00167.258 00166.932 00166.577 00165.902
-9999.0 -9999.0 -9999.0 -9999.0 -9999.0 -9999.0 -9999.0 -9999.0 -9999.0 -9999.0 -9999.0 -9999.0 00152.239 00153.068 00153.794 00154.419 00154.911 00155.437 00156.117 00156.640 00157.153 00157.622 00157.995 00158.577 00159.095 00159.659 00160.279 00160.765 00161.350 00161.930 00162.548 00163.212 00163.880 00164.440 00165.112 00165.814 00166.528 00166.935 00167.285 00167.536 00167.786 00168.003 00168.349 00169.167 00170.193 00171.159 00172.141 00172.911 00173.610 00173.118 00172.476 00171.617 00170.780 00169.973 00169.076 00168.391 00168.045 00167.821 00167.596 00167.355 00167.017 00166.799 00166.114
-9999.0 -9999.0 -9999.0 -9999.0 -9999.0 -9999.0 -9999.0 -9999.0 -9999.0 -9999.0 -9999.0 -9999.0 00152.200 00152.999 00153.701 00154.322 00154.872 00155.182 00156.027 00156.553 00157.063 00157.578 00157.912 00158.540 00159.076 00159.663 00160.312 00160.796 00161.395 00161.981 00162.609 00163.285 00163.886 00164.519 00165.212 00165.929 00166.682 00166.949 00167.361 00167.625 00167.882 00168.135 00168.814 00169.869 00170.818 00171.806 00172.827 00173.734 00162.044 00174.005 00173.228 00172.390 00171.525 00170.690 00169.886 00168.947 00168.185 00167.941 00167.698 00167.453 00167.198 00166.914 00166.308
-9999.0 -9999.0 -9999.0 -9999.0 -9999.0 -9999.0 -9999.0 -9999.0 -9999.0 -9999.0 -9999.0 -9999.0 -9999.0 00152.872 00153.586 00154.215 00154.790 00155.061 00155.925 00156.457 00156.971 00157.486 00157.819 00158.446 00158.973 00159.549 00160.186 00160.720 00161.314 00161.925 00162.581 00163.294 00163.890 00164.594 00165.293 00166.036 00166.802 00167.131 00167.424 00167.697 00167.970 00168.404 00169.475 00170.492 00171.464 00172.479 00173.445 00174.422 -9999.0 -9999.000 00173.947 00173.131 00172.295 00171.434 00170.594 00169.663 00168.610 00168.047 00167.796 00167.538 00167.281 00166.928 00166.310
-9999.0 -9999.0 -9999.0 -9999.0 -9999.0 -9999.0 -9999.0 -9999.0 -9999.0 -9999.0 -9999.0 -9999.0 -9999.0 00152.726 00153.455 00154.094 00154.670 00155.009 00155.802 00156.342 00156.859 00157.375 00157.757 00158.337 00158.856 00159.423 00160.048 00160.624 00161.180 00161.799 00162.439 00163.128 00163.876 00164.456 00165.249 00166.104 00166.904 00167.190 00167.475 00167.757 00168.040 00168.709 00169.959 00171.117 00172.127 00173.118 00174.081 -9999.000 -9999.0 -9999.0 -9999.000 00173.857 00173.043 00172.208 00171.297 00170.230 00169.043 00168.149 00167.892 00167.626 00167.292 00166.920 00166.222
-9999.0 -9999.0 -9999.0 -9999.0 -9999.0 -9999.0 -9999.0 -9999.0 -9999.0 -9999.0 -9999.0 -9999.0 -9999.0 00152.559 00153.299 00153.952 00154.540 00154.953 00155.661 00156.210 00156.731 00157.246 00157.684 00158.178 00158.724 00159.276 00159.888 00160.515 00161.026 00161.659 00162.290 00162.970 00163.721 00163.923 00165.062 00165.883 00166.771 00167.183 00167.524 00167.817 00168.108 00168.983 00170.361 00171.583 00172.791 00173.744 -9999.000 -9999.0 -9999.0 -9999.0 -9999.0 -9999.000 00173.765 00172.958 00171.888 00170.756 00169.616 00168.485 00167.908 00167.567 00167.240 00166.908 00166.089
-9999.0 -9999.0 -9999.0 -9999.0 -9999.0 -9999.0 -9999.0 -9999.0 -9999.0 -9999.0 -9999.0 -9999.0 -9999.0 00152.377 00153.135 00153.794 00154.383 00154.887 00155.248 00156.052 00156.580 00157.093 00157.597 00157.963 00158.575 00159.115 00159.706 00160.358 00160.840 00161.481 00162.101 00162.768 00163.498 00163.906 00164.833 00165.653 00166.519 00166.948 00167.423 00167.763 00168.120 00169.373 00170.709 00172.044 00173.316 00174.391 -9999.0 -9999.0 -9999.0 -9999.0 -9999.0 -9999.0 -9999.000 00173.582 00172.526 00171.355 00169.727 00168.214 00167.838 00167.503 00167.174 00166.762 00165.885
-9999.0 -9999.0 -9999.0 -9999.0 -9999.0 -9999.0 -9999.0 -9999.0 -9999.0 -9999.0 -9999.0 -9999.0 -9999.0 00151.884 00152.930 00153.610 00154.214 00154.769 00155.040 00155.873 00156.409 00156.926 00157.443 00157.796 00158.405 00158.930 00159.504 00160.136 00160.686 00161.267 00161.881 00162.527 00163.229 00163.884 00164.568 00165.368 00166.225 00166.923 00167.312 00167.649 00167.990 00168.780 00170.498 00172.254 00173.810 -9999.000 -9999.0 -9999.0 -9999.0 -9999.0 -9999.0 -9999.0 -9999.000 00174.288 00172.664 00170.919 00169.265 00168.100 00167.758 00167.421 00166.948 00166.514 00165.642
-9999.0 -9999.0 -9999.0 -9999.0 -9999.0 -9999.0 -9999.0 -9999.0 -9999.0 -9999.0 -9999.0 -9999.0 -9999.0 -9999.0 00152.703 00153.405 00154.016 00154.571 00154.959 00155.666 00156.214 00156.734 00157.248 00157.685 00158.178 00158.722 00159.273 00159.884 00160.512 00161.021 00161.653 00162.283 00162.961 00163.710 00163.922 00165.062 00165.894 00166.781 00167.184 00167.516 00167.855 00168.285 00169.773 00171.365 00173.088 -9999.000 -9999.0 -9999.0 -9999.0 -9999.0 -9999.0 -9999.0 -9999.0 00173.685 00172.023 00170.373 00168.729 00167.979 00167.637 00167.300 00166.920 00166.193 00165.334
-9999.0 -9999.0 -9999.0 -9999.0 -9999.0 -9999.0 -9999.0 -9999.0 -9999.0 -9999.0 -9999.0 -9999.0 -9999.0 -9999.0 00152.441 00153.161 00153.799 00154.368 00154.873 00155.112 00156.003 00156.533 00157.046 00157.565 00157.886 00158.517 00159.045 00159.624 00160.261 00160.768 00161.377 00161.982 00162.633 00163.340 00163.892 00164.665 00165.469 00166.322 00166.931 00167.345 00167.682 00168.025 00168.863 00170.471 00172.022 00173.548 -9999.000 -9999.0 -9999.0 -9999.0 -9999.0 -9999.0 -9999.000 00172.784 00171.161 00169.573 00168.163 00167.824 00167.489 00167.160 00166.723 00165.847 00165.028
-9999.0 -9999.0 -9999.0 -9999.0 -9999.0 -9999.0 -9999.0 -9999.0 -9999.0 -9999.0 -9999.0 -9999.0 -9999.0 -9999.0 00151.879 00152.901 00153.560 00154.148 00154.686 00154.996 00155.749 00156.287 00156.801 00157.311 00157.718 00158.255 00158.772 00159.326 00159.935 00160.542 00161.053 00161.675 00162.297 00162.967 00163.706 00163.921 00165.044 00165.872 00166.722 00167.149 00167.468 00167.790 00168.118 00169.257 00170.797 00172.350 00173.856 -9999.0 -9999.0 -9999.0 -9999.0 -9999.000 00173.298 00171.701 00170.146 00168.598 00167.953 00167.622 00167.293 00166.919 00166.202 00165.360 00164.575
-9999.0 -9999.0 -9999.0 -9999.0 -9999.0 -9999.0 -9999.0 -9999.0 -9999.0 -9999.0 -9999.0 -9999.0 -9999.0 -9999.0 -9999.0 00152.610 00153.300 00153.895 00154.434 00154.891 00155.189 00156.025 00156.546 00157.051 00157.562 00157.877 00158.508 00159.034 00159.608 00160.241 00160.752 00161.352 00161.954 00162.584 00163.258 00163.884 00164.523 00165.284 00166.096 00166.907 00167.230 00167.542 00167.862 00168.240 00169.604 00171.111 00172.677 -9999.000 -9999.0 -9999.0 -9999.0 00173.818 00172.257 00170.659 00169.043 00168.067 00167.733 00167.406 00166.948 00166.532 00165.683 00164.882 00163.900
-9999.0 -9999.0 -9999.0 -9999.0 -9999.0 -9999.0 -9999.0 -9999.0 -9999.0 -9999.0 -9999.0 -9999.0 -9999.0 -9999.0 -9999.0 00152.282 00152.989 00153.613 00154.172 00154.683 00154.992 00155.733 00156.270 00156.781 00157.289 00157.703 00158.214 00158.740 00159.269 00159.851 00160.469 00160.931 00161.543 00162.134 00162.768 00163.458 00163.899 00164.718 00165.480 00166.286 00166.923 00167.294 00167.608 00167.928 00168.472 00169.930 00171.426 00172.989 -9999.000 -9999.0 -9999.000 00172.800 00171.196 00169.635 00168.222 00167.846 00167.516 00167.193 00166.828 00165.965 00165.151 00164.383 00163.342
-9999.0 -9999.0 -9999.0 -9999.0 -9999.0 -9999.0 -9999.0 -9999.0 -9999.0 -9999.0 -9999.0 -9999.0 -9999.0 -9999.0 -9999.0 -9999.0 00152.640 00153.299 00153.884 00154.415 00154.878 00155.086 00155.981 00156.489 00156.982 00157.477 00157.803 00158.396 00158.896 00159.440 00160.033 00160.592 00161.102 00161.698 00162.292 00162.928 00163.626 00163.912 00164.870 00165.642 00166.457 00166.939 00167.357 00167.673 00167.993 00168.680 00170.195 00171.582 00172.842 -9999.000 00172.778 00171.455 00170.100 00168.566 00167.946 00167.621 00167.301 00166.923 00166.251 00165.420 00164.639 00163.809 00162.506
-9999.0 -9999.0 -9999.0 -9999.0 -9999.0 -9999.0 -9999.0 -9999.0 -9999.0 -9999.0 -9999.0 -9999.0 -9999.0 -9999.0 -9999.0 -9999.0 00152.271 00152.966 00153.577 00154.126 00154.627 00154.955 00155.552 00156.137 00156.637 00157.128 00157.602 00157.937 00158.531 00159.039 00159.589 00160.189 00160.694 00161.239 00161.817 00162.418 00163.062 00163.774 00163.924 00165.027 00165.803 00166.631 00166.975 00167.409 00167.719 00168.038 00168.644 00169.855 00170.903 00172.114 00170.907 00169.814 00168.559 00168.000 00167.703 00167.380 00166.943 00166.496 00165.670 00164.888 00163.902 00162.924 00161.750
