examples/flatland/Outputs/centerIgnit/b_RAWS/clockwise/3hr/flatland_centerIgnit_counterClockwise3hr_RAWS/flatland_centerIgnit_counterClockwise3hr_RAWS_HeatPerUnitArea.asc
NCOLS 100
NROWS 100
XLLCORNER 20000.000000
YLLCORNER 20000.000000
CELLSIZE 30.000000
NODATA_VALUE -9999.0
[rows 28 to 55 of 100, columns 0 to 62 of 100]
-9999.0 -9999.0 -9999.0 -9999.0 -9999.0 -9999.0 -9999.0 -9999.0 -9999.0 -9999.0 -9999.0 -9999.0 -9999.0 -9999.0 -9999.0 01000.969 01007.276 01012.125 01016.407 01019.826 01023.309 01027.019 01029.844 01032.561 01035.257 01037.659 01039.350 01042.752 01045.365 01048.167 01051.214 01054.489 01057.278 01059.862 01062.962 01065.878 01068.978 01072.235 01075.509 01078.612 01078.923 01082.564 01084.622 01086.258 01087.885 01089.170 01090.308 01091.276 01091.693 01091.060 01090.350 01089.426 01088.121 01086.812 01085.053 01083.276 01079.021 01077.731 01072.314 01067.254 01062.379 01057.702 01053.192
-9999.0 -9999.0 -9999.0 -9999.0 -9999.0 -9999.0 -9999.0 -9999.0 -9999.0 -9999.0 -9999.0 -9999.0 -9999.0 -9999.0 -9999.0 01004.148 01009.466 01014.111 01018.279 01020.575 01025.676 01028.569 01031.337 01034.056 01036.825 01038.558 01041.699 01044.427 01047.199 01050.162 01053.338 01056.491 01058.808 01062.099 01065.175 01068.287 01071.539 01074.948 01078.600 01078.960 01083.046 01085.212 01087.370 01089.239 01090.935 01092.382 01093.647 01094.652 01095.159 01094.479 01093.677 01092.698 01091.273 01089.845 01087.942 01086.040 01084.042 01079.043 01077.742 01071.993 01066.710 01061.827 01057.294
-9999.0 -9999.0 -9999.0 -9999.0 -9999.0 -9999.0 -9999.0 -9999.0 -9999.0 -9999.0 -9999.0 -9999.0 -9999.0 -9999.0 -9999.0 01006.313 01011.367 01015.781 01019.567 01022.374 01026.885 01029.903 01032.825 01035.571 01037.864 01040.031 01043.333 01046.089 01049.040 01052.150 01055.530 01058.015 01060.982 01064.145 01067.307 01070.633 01074.084 01077.809 01078.906 01083.083 01085.653 01087.930 01090.202 01092.324 01094.090 01095.709 01097.056 01098.159 01098.655 01098.011 01097.123 01096.003 01094.537 01092.884 01090.910 01088.895 01086.572 01084.047 01079.037 01077.200 01071.394 01066.137 01061.163
-9999.0 -9999.0 -9999.0 -9999.0 -9999.0 -9999.0 -9999.0 -9999.0 -9999.0 -9999.0 -9999.0 -9999.0 -9999.0 -9999.0 01002.729 01008.230 01013.030 01017.294 01020.194 01024.918 01028.046 01031.020 01033.935 01036.891 01038.718 01042.091 01044.810 01047.743 01050.880 01054.243 01057.197 01059.829 01063.087 01066.170 01069.462 01072.968 01076.732 01078.837 01082.467 01085.325 01088.250 01090.724 01093.115 01095.434 01097.351 01098.689 01098.807 01098.912 01099.123 01098.902 01098.819 01098.711 01097.915 01096.015 01093.960 01091.800 01089.163 01086.553 01083.898 01079.005 01076.535 01070.775 01065.364
-9999.0 -9999.0 -9999.0 -9999.0 -9999.0 -9999.0 -9999.0 -9999.0 -9999.0 -9999.0 -9999.0 -9999.0 -9999.0 -9999.0 01004.613 01009.883 01014.486 01018.622 01020.693 01026.004 01029.127 01032.122 01035.053 01037.682 01039.862 01043.428 01046.413 01049.446 01052.714 01056.168 01058.581 01061.901 01065.079 01068.329 01071.751 01075.395 01078.746 01079.041 01084.656 01087.637 01090.693 01093.605 01096.079 01098.501 01098.821 01099.293 01100.543 01101.018 01101.296 01100.987 01100.620 01099.770 01098.879 01098.696 01097.111 01094.554 01091.787 01089.058 01086.292 01083.609 01078.967 01075.740 01069.729
-9999.0 -9999.0 -9999.0 -9999.0 -9999.0 -9999.0 -9999.0 -9999.0 -9999.0 -9999.0 -9999.0 -9999.0 -9999.0 -9999.0 01006.392 01011.437 01015.842 01019.588 01022.598 01027.053 01030.123 01033.109 01036.106 01038.310 01041.433 01044.502 01047.620 01051.002 01054.654 01057.518 01060.430 01063.779 01067.023 01070.463 01074.032 01077.949 01078.930 01083.621 01086.782 01089.998 01093.143 01096.397 01098.685 01098.904 01100.556 01101.223 01101.798 01102.305 01102.623 01102.264 01101.903 01101.375 01100.766 01099.219 01098.788 01097.391 01094.538 01091.592 01088.749 01085.996 01083.318 01078.905 01074.466
-9999.0 -9999.0 -9999.0 -9999.0 -9999.0 -9999.0 -9999.0 -9999.0 -9999.0 -9999.0 -9999.0 -9999.0 -9999.0 01002.078 01007.654 01012.513 01016.819 01019.988 01024.602 01027.901 01031.030 01034.077 01037.090 01038.873 01042.611 01045.618 01048.834 01052.302 01056.069 01058.689 01062.319 01065.542 01068.969 01072.580 01076.447 01078.826 01082.549 01085.676 01088.924 01092.283 01095.632 01098.672 01098.951 01100.819 01101.703 01102.439 01103.074 01103.588 01103.960 01103.585 01103.183 01102.633 01101.942 01101.176 01100.233 01098.785 01097.264 01094.228 01091.284 01088.432 01085.608 01082.817 01078.805
-9999.0 -9999.0 -9999.0 -9999.0 -9999.0 -9999.0 -9999.0 -9999.0 -9999.0 -9999.0 -9999.0 -9999.0 -9999.0 01003.389 01008.801 01013.522 01017.738 01020.345 01025.369 01028.640 01031.764 01034.843 01037.651 01040.003 01043.595 01046.686 01050.034 01053.682 01057.055 01060.031 01063.656 01067.207 01070.958 01074.691 01078.711 01079.010 01084.562 01087.792 01091.120 01094.580 01098.142 01098.899 01100.895 01101.936 01102.833 01103.674 01104.347 01104.902 01105.322 01104.920 01104.456 01103.906 01103.128 01102.355 01101.290 01100.161 01098.764 01096.926 01093.911 01090.955 01087.956 01085.056 01080.873
-9999.0 -9999.0 -9999.0 -9999.0 -9999.0 -9999.0 -9999.0 -9999.0 -9999.0 -9999.0 -9999.0 -9999.0 -9999.0 01004.588 01009.817 01014.395 01018.516 01020.632 01026.053 01029.347 01032.460 01035.561 01038.064 01041.036 01044.381 01047.651 01051.188 01054.951 01057.943 01061.355 01064.935 01068.579 01072.467 01076.692 01078.867 01083.200 01086.523 01089.965 01093.394 01096.924 01098.811 01100.612 01101.833 01103.062 01103.983 01104.913 01105.593 01106.225 01106.702 01106.266 01105.744 01105.125 01104.327 01103.415 01102.340 01101.230 01099.680 01098.734 01096.595 01093.471 01090.400 01087.162 01083.764
-9999.0 -9999.0 -9999.0 -9999.0 -9999.0 -9999.0 -9999.0 -9999.0 -9999.0 -9999.0 -9999.0 -9999.0 -9999.0 01005.445 01010.575 01015.064 01019.130 01020.864 01026.575 01029.852 01033.021 01036.199 01038.464 01042.001 01045.078 01048.408 01052.038 01056.021 01058.783 01062.580 01066.104 01069.866 01073.896 01078.298 01079.004 01085.023 01088.502 01092.053 01095.681 01098.702 01099.932 01101.485 01102.775 01104.031 01105.145 01106.079 01106.861 01109.022 01110.882 01109.249 01107.294 01106.352 01105.542 01104.476 01103.373 01102.233 01101.106 01099.185 01098.700 01096.040 01092.773 01089.129 01085.589
-9999.0 -9999.0 -9999.0 -9999.0 -9999.0 -9999.0 -9999.0 -9999.0 -9999.0 -9999.0 -9999.0 -9999.0 -9999.0 01006.248 01011.252 01015.634 01019.468 01021.952 01027.038 01030.336 01033.502 01036.687 01038.745 01042.569 01045.769 01049.245 01052.961 01056.666 01059.674 01063.506 01067.240 01071.229 01075.376 01078.779 01082.626 01086.500 01090.546 01094.196 01097.955 01098.910 01101.036 01102.361 01103.704 01105.002 01106.291 01108.007 01111.032 01114.417 01117.567 01114.767 01111.836 01109.154 01106.665 01105.542 01104.395 01103.246 01102.112 01100.990 01098.931 01098.647 01094.832 01091.091 01087.467
-9999.0 -9999.0 -9999.0 -9999.0 -9999.0 -9999.0 -9999.0 -9999.0 -9999.0 -9999.0 -9999.0 -9999.0 -9999.0 01006.815 01011.734 01016.052 01019.632 01022.886 01027.385 01030.665 01033.863 01037.098 01039.007 01043.056 01046.297 01049.823 01053.687 01057.232 01060.573 01064.339 01068.132 01072.193 01076.611 01078.879 01083.951 01087.919 01092.054 01096.385 01098.780 01100.568 01101.905 01103.239 01104.591 01105.961 01108.044 01112.229 01117.061 01120.621 01123.845 01121.201 01118.256 01114.264 01109.728 01106.601 01105.427 01104.267 01103.122 01101.959 01100.781 01098.842 01096.965 01093.106 01089.046
-9999.0 -9999.0 -9999.0 -9999.0 -9999.0 -9999.0 -9999.0 -9999.0 -9999.0 -9999.0 -9999.0 -9999.0 01000.556 01007.211 01012.039 01016.304 01019.723 01023.443 01027.604 01030.908 01034.139 01037.344 01039.435 01043.404 01046.724 01050.343 01054.316 01057.664 01061.189 01064.995 01068.927 01073.139 01077.662 01078.968 01085.044 01089.344 01093.592 01097.996 01099.206 01101.381 01102.773 01104.124 01105.486 01106.866 01111.357 01117.939 01122.492 01126.554 01130.190 01127.352 01123.795 01119.866 01114.323 01109.364 01106.471 01105.302 01104.131 01102.934 01101.640 01100.058 01098.682 01094.773 01090.658
-9999.0 -9999.0 -9999.0 -9999.0 -9999.0 -9999.0 -9999.0 -9999.0 -9999.0 -9999.0 -9999.0 -9999.0 01001.975 01007.446 01012.230 01016.466 01019.777 01023.834 01027.764 01031.076 01034.326 01037.456 01039.735 01043.659 01047.041 01050.728 01054.735 01057.996 01061.715 01065.535 01069.529 01073.785 01078.493 01079.862 01086.052 01090.457 01095.056 01098.726 01100.593 01102.213 01103.618 01105.021 01106.391 01109.800 01116.030 01122.333 01128.011 01132.601 01136.751 01133.674 01129.616 01124.721 01119.451 01113.624 01108.922 01106.345 01105.144 01103.893 01102.426 01100.982 01098.837 01096.507 01092.059
-9999.0 -9999.0 -9999.0 -9999.0 -9999.0 -9999.0 -9999.0 -9999.0 -9999.0 -9999.0 -9999.0 -9999.0 01002.123 01007.584 01012.359 01016.477 01019.701 01023.177 01027.651 01031.087 01034.469 01037.556 01040.012 01043.848 01047.253 01050.969 01055.052 01058.245 01062.095 01065.911 01069.977 01074.345 01078.735 01082.433 01086.860 01091.475 01096.184 01098.854 01101.163 01102.812 01104.461 01105.890 01108.172 01113.556 01120.318 01126.671 01133.138 01138.183 01142.793 01139.549 01135.335 01129.677 01124.169 01118.861 01112.959 01108.450 01106.163 01104.688 01103.208 01101.623 01099.395 01097.966 01093.456
-9999.0 -9999.0 -9999.0 -9999.0 -9999.0 -9999.0 -9999.0 -9999.0 -9999.0 -9999.0 -9999.0 -9999.0 01001.861 01007.125 01011.746 01015.831 01019.443 01021.498 01027.062 01030.519 01033.878 01037.263 01039.468 01043.600 01047.128 01050.996 01055.266 01058.445 01062.392 01066.247 01070.382 01074.829 01078.765 01082.954 01087.518 01092.239 01097.196 01098.950 01101.658 01103.398 01105.092 01106.757 01111.227 01118.171 01124.423 01130.926 01137.641 01143.598 01148.653 01145.380 01140.285 01134.777 01129.077 01123.574 01118.290 01112.102 01107.088 01105.476 01103.876 01102.267 01100.584 01098.714 01094.733
-9999.0 -9999.0 -9999.0 -9999.0 -9999.0 -9999.0 -9999.0 -9999.0 -9999.0 -9999.0 -9999.0 -9999.0 -9999.0 01006.292 01010.990 01015.128 01018.910 01020.679 01026.392 01029.893 01033.271 01036.664 01038.853 01042.980 01046.450 01050.247 01054.436 01057.946 01061.859 01065.875 01070.198 01074.887 01078.786 01083.450 01088.050 01092.947 01097.983 01100.143 01102.073 01103.872 01105.668 01108.537 01115.587 01122.281 01128.682 01135.359 01141.714 01148.137 -9999.0 -9999.000 01145.024 01139.656 01134.151 01128.482 01122.950 01116.820 01109.894 01106.165 01104.524 01102.824 01101.130 01098.812 01094.743
-9999.0 -9999.0 -9999.0 -9999.0 -9999.0 -9999.0 -9999.0 -9999.0 -9999.0 -9999.0 -9999.0 -9999.0 -9999.0 01005.334 01010.135 01014.335 01018.127 01020.322 01025.576 01029.134 01032.540 01035.935 01038.445 01042.262 01045.680 01049.414 01053.527 01057.319 01060.976 01065.055 01069.265 01073.795 01078.716 01082.542 01087.758 01093.389 01098.651 01100.534 01102.412 01104.267 01106.118 01110.542 01118.773 01126.391 01133.049 01139.570 01145.908 -9999.000 -9999.0 -9999.0 -9999.000 01144.426 01139.075 01133.590 01127.570 01120.565 01112.746 01106.845 01105.158 01103.405 01101.210 01098.756 01094.165
-9999.0 -9999.0 -9999.0 -9999.0 -9999.0 -9999.0 -9999.0 -9999.0 -9999.0 -9999.0 -9999.0 -9999.0 -9999.0 01004.240 01009.107 01013.405 01017.271 01019.951 01024.643 01028.258 01031.691 01035.083 01037.964 01041.219 01044.806 01048.441 01052.470 01056.598 01059.964 01064.130 01068.290 01072.765 01077.695 01079.020 01086.533 01091.934 01097.779 01100.490 01102.735 01104.662 01106.567 01112.344 01121.428 01129.440 01137.412 01143.679 -9999.000 -9999.0 -9999.0 -9999.0 -9999.0 -9999.000 01143.822 01138.532 01131.477 01123.998 01116.512 01109.070 01105.258 01103.013 01100.871 01098.677 01093.290
-9999.0 -9999.0 -9999.0 -9999.0 -9999.0 -9999.0 -9999.0 -9999.0 -9999.0 -9999.0 -9999.0 -9999.0 -9999.0 01003.035 01008.024 01012.361 01016.233 01019.531 01021.932 01027.223 01030.695 01034.072 01037.391 01039.799 01043.833 01047.383 01051.275 01055.569 01058.734 01062.957 01067.040 01071.434 01076.222 01078.881 01085.022 01090.419 01096.120 01098.943 01102.066 01104.304 01106.658 01114.920 01123.698 01132.507 01140.889 01147.951 -9999.0 -9999.0 -9999.0 -9999.0 -9999.0 -9999.0 -9999.000 01142.618 01135.669 01127.960 01117.239 01107.276 01104.799 01102.594 01100.432 01097.720 01091.947
-9999.0 -9999.0 -9999.0 -9999.0 -9999.0 -9999.0 -9999.0 -9999.0 -9999.0 -9999.0 -9999.0 -9999.0 -9999.0 00999.800 01006.669 01011.147 01015.123 01018.772 01020.524 01026.045 01029.578 01032.977 01036.379 01038.698 01042.711 01046.168 01049.947 01054.113 01057.724 01061.552 01065.588 01069.838 01074.461 01078.756 01083.278 01088.540 01094.185 01098.776 01101.339 01103.553 01105.810 01111.004 01122.312 01133.876 01144.118 -9999.000 -9999.0 -9999.0 -9999.0 -9999.0 -9999.0 -9999.0 -9999.000 01147.270 01136.570 01125.149 01114.195 01106.527 01104.272 01102.057 01098.944 01096.089 01090.351
-9999.0 -9999.0 -9999.0 -9999.0 -9999.0 -9999.0 -9999.0 -9999.0 -9999.0 -9999.0 -9999.0 -9999.0 -9999.0 -9999.0 01005.187 01009.804 01013.824 01017.474 01019.969 01024.679 01028.286 01031.711 01035.096 01037.968 01041.216 01044.797 01048.421 01052.444 01056.577 01059.929 01064.099 01068.239 01072.706 01077.624 01079.013 01086.533 01092.005 01097.839 01100.497 01102.678 01104.911 01107.741 01117.537 01128.100 01139.352 -9999.000 -9999.0 -9999.0 -9999.0 -9999.0 -9999.0 -9999.0 -9999.0 01143.282 01132.346 01121.492 01110.668 01105.729 01103.478 01101.261 01098.756 01093.977 01088.319
-9999.0 -9999.0 -9999.0 -9999.0 -9999.0 -9999.0 -9999.0 -9999.0 -9999.0 -9999.0 -9999.0 -9999.0 -9999.0 -9999.0 01003.457 01008.194 01012.396 01016.136 01019.442 01021.035 01026.904 01030.388 01033.766 01037.176 01039.289 01043.449 01046.928 01050.737 01054.934 01058.262 01062.271 01066.255 01070.545 01075.185 01078.799 01083.918 01089.211 01094.821 01098.831 01101.557 01103.775 01106.029 01111.545 01122.144 01132.343 01142.388 -9999.000 -9999.0 -9999.0 -9999.0 -9999.0 -9999.0 -9999.000 01137.358 01126.688 01116.231 01106.939 01104.707 01102.502 01100.334 01097.465 01091.697 01086.307
-9999.0 -9999.0 -9999.0 -9999.0 -9999.0 -9999.0 -9999.0 -9999.0 -9999.0 -9999.0 -9999.0 -9999.0 -9999.0 -9999.0 00999.765 01006.480 01010.821 01014.694 01018.229 01020.206 01025.226 01028.772 01032.156 01035.515 01038.189 01041.720 01045.125 01048.772 01052.784 01056.774 01060.144 01064.235 01068.333 01072.742 01077.595 01079.003 01086.414 01091.860 01097.464 01100.266 01102.362 01104.483 01106.642 01114.151 01124.282 01134.514 01144.419 -9999.0 -9999.0 -9999.0 -9999.0 -9999.000 01140.751 01130.227 01120.008 01109.809 01105.555 01103.381 01101.212 01098.753 01094.037 01088.488 01083.324
-9999.0 -9999.0 -9999.0 -9999.0 -9999.0 -9999.0 -9999.0 -9999.0 -9999.0 -9999.0 -9999.0 -9999.0 -9999.0 -9999.0 -9999.0 01004.574 01009.113 01013.030 01016.572 01019.545 01021.542 01027.047 01030.472 01033.799 01037.159 01039.234 01043.394 01046.851 01050.633 01054.801 01058.157 01062.107 01066.067 01070.217 01074.648 01078.753 01082.985 01087.990 01093.339 01098.672 01100.797 01102.853 01104.957 01107.447 01116.435 01126.359 01136.653 -9999.000 -9999.0 -9999.0 -9999.0 01144.173 01133.904 01123.370 01112.741 01106.306 01104.109 01101.958 01098.939 01096.206 01090.620 01085.345 01078.893
-9999.0 -9999.0 -9999.0 -9999.0 -9999.0 -9999.0 -9999.0 -9999.0 -9999.0 -9999.0 -9999.0 -9999.0 -9999.0 -9999.0 -9999.0 01002.408 01007.059 01011.167 01014.848 01018.211 01020.171 01025.121 01028.658 01032.025 01035.366 01038.089 01041.450 01044.914 01048.395 01052.226 01056.294 01059.335 01063.369 01067.257 01071.430 01075.958 01078.840 01084.265 01089.279 01094.584 01098.778 01101.216 01103.284 01105.390 01108.980 01118.581 01128.432 01138.723 -9999.000 -9999.0 -9999.000 01137.475 01126.920 01116.637 01107.330 01104.853 01102.681 01100.556 01098.157 01092.474 01087.116 01082.057 01075.210
-9999.0 -9999.0 -9999.0 -9999.0 -9999.0 -9999.0 -9999.0 -9999.0 -9999.0 -9999.0 -9999.0 -9999.0 -9999.0 -9999.0 -9999.0 -9999.0 01004.773 01009.109 01012.954 01016.442 01019.467 01020.855 01026.754 01030.099 01033.344 01036.608 01038.746 01042.651 01045.944 01049.528 01053.429 01057.104 01060.464 01064.390 01068.297 01072.485 01077.064 01078.925 01085.266 01090.350 01095.715 01098.879 01101.637 01103.717 01105.820 01110.349 01120.328 01129.454 01137.757 -9999.000 01137.329 01128.621 01119.703 01109.598 01105.511 01103.375 01101.267 01098.774 01094.354 01088.887 01083.746 01078.280 01069.700
-9999.0 -9999.0 -9999.0 -9999.0 -9999.0 -9999.0 -9999.0 -9999.0 -9999.0 -9999.0 -9999.0 -9999.0 -9999.0 -9999.0 -9999.0 -9999.0 01002.334 01006.905 01010.929 01014.549 01017.843 01019.918 01023.934 01027.776 01031.070 01034.301 01037.422 01039.629 01043.545 01046.888 01050.507 01054.457 01057.776 01061.366 01065.168 01069.125 01073.367 01078.043 01079.025 01086.302 01091.408 01096.858 01099.117 01101.972 01104.015 01106.116 01110.112 01118.081 01124.993 01132.958 01125.017 01117.812 01109.552 01105.865 01103.912 01101.784 01098.907 01095.971 01090.532 01085.382 01078.907 01072.458 01064.733
