examples/flatland/Outputs/centerIgnit/b_RAWS/clockwise/3hr/flatland_centerIgnit_counterClockwise3hr_RAWS/flatland_centerIgnit_counterClockwise3hr_RAWS_ArrivalTime.asc
NCOLS 100
NROWS 100
XLLCORNER 20000.000000
YLLCORNER 20000.000000
CELLSIZE 30.000000
NODATA_VALUE -9999.0
[rows 28 to 55 of 100, columns 0 to 62 of 100]
-9999.0 -9999.0 -9999.0 -9999.0 -9999.0 -9999.0 -9999.0 -9999.0 -9999.0 -9999.0 -9999.0 -9999.0 -9999.0 -9999.0 -9999.0 00418.939 00406.160 00393.526 00381.027 00368.654 00357.030 00347.067 00337.187 00327.492 00317.922 00308.423 00299.250 00290.141 00281.124 00272.182 00263.308 00254.527 00245.812 00237.291 00229.034 00220.834 00212.822 00204.836 00197.287 00190.541 00183.720 00177.083 00170.452 00165.356 00160.306 00156.480 00153.114 00150.271 00148.983 00150.867 00153.003 00155.730 00159.561 00163.650 00169.026 00174.815 00181.268 00192.503 00204.624 00217.289 00230.642 00244.204 00257.917
-9999.0 -9999.0 -9999.0 -9999.0 -9999.0 -9999.0 -9999.0 -9999.0 -9999.0 -9999.0 -9999.0 -9999.0 -9999.0 -9999.0 -9999.0 00413.451 00400.569 00387.824 00375.206 00362.708 00351.655 00341.698 00331.852 00322.087 00312.411 00302.947 00293.542 00284.305 00275.301 00266.362 00257.523 00248.743 00240.034 00231.403 00222.827 00214.613 00206.488 00198.491 00190.568 00182.564 00175.552 00168.536 00161.928 00156.271 00151.248 00147.072 00143.551 00140.636 00139.172 00141.145 00143.424 00146.180 00150.230 00154.505 00160.131 00166.027 00172.362 00180.330 00192.448 00205.392 00218.679 00232.120 00245.752
-9999.0 -9999.0 -9999.0 -9999.0 -9999.0 -9999.0 -9999.0 -9999.0 -9999.0 -9999.0 -9999.0 -9999.0 -9999.0 -9999.0 -9999.0 00408.450 00395.614 00382.919 00370.352 00358.175 00347.549 00337.005 00326.550 00316.829 00307.185 00297.611 00288.134 00278.843 00269.614 00260.615 00251.778 00243.027 00234.343 00225.711 00217.151 00208.650 00200.323 00192.290 00184.064 00175.449 00167.206 00160.168 00153.450 00147.227 00142.232 00137.706 00134.072 00131.063 00129.413 00131.480 00133.891 00136.914 00140.945 00145.672 00151.325 00157.266 00164.421 00172.300 00180.589 00193.608 00206.813 00220.163 00233.882
-9999.0 -9999.0 -9999.0 -9999.0 -9999.0 -9999.0 -9999.0 -9999.0 -9999.0 -9999.0 -9999.0 -9999.0 -9999.0 -9999.0 00416.659 00403.722 00390.926 00378.261 00365.720 00354.174 00343.525 00332.969 00322.537 00312.188 00301.969 00292.422 00282.959 00273.566 00264.297 00255.177 00246.121 00237.372 00228.681 00220.073 00211.525 00203.033 00194.622 00186.056 00177.384 00168.202 00159.156 00151.887 00145.022 00138.440 00133.259 00128.384 00124.780 00121.565 00119.705 00121.890 00124.406 00127.695 00131.706 00136.893 00142.627 00148.681 00156.536 00164.423 00172.778 00181.957 00195.047 00208.310 00222.294
-9999.0 -9999.0 -9999.0 -9999.0 -9999.0 -9999.0 -9999.0 -9999.0 -9999.0 -9999.0 -9999.0 -9999.0 -9999.0 -9999.0 00412.392 00399.499 00386.744 00374.115 00361.609 00350.519 00339.727 00329.061 00318.629 00308.285 00298.031 00287.850 00277.831 00268.464 00259.171 00249.956 00240.897 00231.929 00223.099 00214.496 00205.954 00197.491 00189.010 00180.222 00170.323 00161.072 00152.000 00143.626 00136.715 00130.082 00124.328 00119.392 00115.513 00112.122 00110.016 00112.355 00114.946 00118.515 00122.566 00128.170 00133.943 00140.888 00148.717 00156.784 00165.208 00173.694 00183.402 00196.783 00210.833
-9999.0 -9999.0 -9999.0 -9999.0 -9999.0 -9999.0 -9999.0 -9999.0 -9999.0 -9999.0 -9999.0 -9999.0 -9999.0 -9999.0 00408.268 00395.431 00382.734 00370.161 00357.902 00346.948 00336.188 00325.521 00314.947 00304.465 00294.196 00284.044 00273.962 00263.950 00254.113 00244.935 00235.823 00226.780 00217.884 00209.055 00200.439 00191.981 00183.231 00173.660 00163.725 00154.020 00144.903 00135.880 00128.502 00121.783 00115.421 00110.498 00106.259 00102.747 00100.346 00102.893 00105.502 00109.349 00113.886 00119.528 00125.355 00133.138 00140.936 00149.264 00157.678 00166.133 00174.650 00185.507 00199.524
-9999.0 -9999.0 -9999.0 -9999.0 -9999.0 -9999.0 -9999.0 -9999.0 -9999.0 -9999.0 -9999.0 -9999.0 -9999.0 00418.130 00405.194 00392.401 00379.739 00367.201 00355.229 00344.033 00332.935 00322.011 00311.467 00301.014 00290.632 00280.334 00270.208 00260.227 00250.319 00240.491 00230.815 00221.797 00212.847 00203.973 00195.236 00186.335 00177.117 00167.105 00157.164 00147.328 00137.903 00128.870 00120.286 00113.535 00106.942 00101.614 00097.013 00093.395 00090.674 00093.417 00096.231 00100.191 00105.236 00110.886 00117.660 00125.426 00133.472 00141.799 00150.179 00158.612 00167.317 00176.299 00188.272
-9999.0 -9999.0 -9999.0 -9999.0 -9999.0 -9999.0 -9999.0 -9999.0 -9999.0 -9999.0 -9999.0 -9999.0 -9999.0 00415.167 00402.272 00389.516 00376.888 00364.383 00352.667 00341.449 00330.345 00319.369 00308.485 00297.682 00287.222 00276.950 00266.757 00256.647 00246.663 00236.859 00227.113 00217.425 00207.897 00199.033 00190.233 00181.021 00170.627 00160.584 00150.667 00140.812 00131.072 00121.927 00112.923 00105.321 00098.692 00092.736 00087.851 00084.046 00081.012 00083.920 00087.098 00091.044 00096.604 00102.237 00109.991 00117.792 00126.056 00134.367 00142.719 00151.177 00160.062 00169.019 00179.280
-9999.0 -9999.0 -9999.0 -9999.0 -9999.0 -9999.0 -9999.0 -9999.0 -9999.0 -9999.0 -9999.0 -9999.0 -9999.0 00412.448 00399.648 00386.985 00374.448 00362.032 00350.352 00338.957 00327.862 00316.868 00305.975 00295.173 00284.480 00273.864 00263.398 00253.314 00243.315 00233.380 00223.519 00213.862 00204.263 00194.721 00185.000 00175.078 00164.515 00154.105 00144.197 00134.375 00124.622 00115.003 00106.011 00097.067 00090.466 00083.895 00078.999 00074.767 00071.363 00074.484 00077.980 00082.383 00087.980 00094.565 00102.339 00110.417 00118.678 00126.963 00135.291 00143.982 00152.833 00162.587 00173.244
-9999.0 -9999.0 -9999.0 -9999.0 -9999.0 -9999.0 -9999.0 -9999.0 -9999.0 -9999.0 -9999.0 -9999.0 -9999.0 00410.459 00397.681 00385.038 00372.519 00360.121 00348.581 00337.158 00325.839 00314.622 00303.534 00292.731 00282.032 00271.420 00260.904 00250.476 00240.131 00230.095 00220.249 00210.474 00200.774 00191.225 00181.141 00169.126 00158.422 00147.974 00137.764 00127.956 00118.214 00108.517 00099.121 00090.113 00082.242 00075.689 00070.158 00065.587 00061.725 00065.134 00068.873 00073.784 00079.363 00086.945 00094.826 00103.059 00111.314 00119.588 00128.042 00136.803 00145.997 00156.611 00167.399
-9999.0 -9999.0 -9999.0 -9999.0 -9999.0 -9999.0 -9999.0 -9999.0 -9999.0 -9999.0 -9999.0 -9999.0 -9999.0 00408.598 00395.916 00383.367 00370.948 00358.693 00347.007 00335.431 00324.101 00312.900 00301.799 00290.780 00279.856 00269.034 00258.527 00248.111 00237.783 00227.522 00217.332 00207.240 00197.553 00187.744 00176.887 00164.619 00152.444 00141.919 00131.587 00121.574 00111.835 00102.127 00092.463 00083.259 00074.210 00067.483 00061.324 00056.578 00052.131 00055.942 00059.776 00065.191 00071.557 00079.360 00087.488 00095.717 00103.961 00112.229 00120.915 00129.641 00140.101 00150.781 00161.618
-9999.0 -9999.0 -9999.0 -9999.0 -9999.0 -9999.0 -9999.0 -9999.0 -9999.0 -9999.0 -9999.0 -9999.0 -9999.0 00407.282 00394.619 00382.091 00369.711 00357.547 00345.813 00334.249 00322.792 00311.439 00300.189 00289.096 00278.186 00267.365 00256.633 00245.994 00235.436 00225.193 00215.020 00204.918 00194.883 00184.462 00172.637 00160.200 00147.993 00135.874 00125.571 00115.329 00105.466 00095.767 00086.091 00076.455 00067.405 00059.276 00052.835 00047.711 00042.598 00046.824 00051.131 00056.617 00064.013 00071.969 00080.168 00088.385 00096.621 00105.104 00113.770 00123.719 00134.315 00145.035 00156.830
-9999.0 -9999.0 -9999.0 -9999.0 -9999.0 -9999.0 -9999.0 -9999.0 -9999.0 -9999.0 -9999.0 -9999.0 00419.026 00406.320 00393.755 00381.319 00369.004 00356.861 00345.061 00333.373 00321.794 00310.325 00299.047 00287.898 00276.838 00265.869 00254.993 00244.368 00233.819 00223.346 00212.946 00202.624 00192.605 00181.987 00169.056 00155.969 00143.656 00131.507 00119.547 00109.307 00099.144 00089.414 00079.750 00070.110 00060.647 00051.593 00044.731 00038.924 00033.374 00037.774 00042.660 00048.737 00056.527 00064.671 00072.862 00081.067 00089.371 00097.965 00107.392 00117.987 00128.595 00140.260 00152.070
-9999.0 -9999.0 -9999.0 -9999.0 -9999.0 -9999.0 -9999.0 -9999.0 -9999.0 -9999.0 -9999.0 -9999.0 00418.365 00405.734 00393.230 00380.844 00368.555 00356.380 00344.514 00332.776 00321.164 00309.678 00298.312 00287.032 00275.851 00264.777 00253.892 00243.123 00232.427 00221.811 00211.358 00201.046 00190.799 00179.680 00165.981 00152.670 00139.440 00127.249 00115.148 00103.270 00093.112 00083.077 00073.420 00063.789 00054.209 00044.976 00036.662 00030.453 00024.344 00029.006 00034.249 00041.372 00049.295 00057.400 00065.566 00073.761 00082.238 00091.122 00101.708 00112.288 00123.845 00135.550 00147.963
-9999.0 -9999.0 -9999.0 -9999.0 -9999.0 -9999.0 -9999.0 -9999.0 -9999.0 -9999.0 -9999.0 -9999.0 00418.035 00405.386 00392.864 00380.805 00369.079 00357.195 00344.909 00332.739 00320.680 00309.086 00297.676 00286.372 00275.168 00264.070 00253.081 00242.206 00231.421 00220.740 00210.211 00199.760 00189.284 00177.501 00163.504 00149.617 00136.423 00123.313 00110.945 00098.853 00087.057 00076.981 00067.099 00057.490 00047.966 00038.525 00029.459 00022.389 00015.428 00020.467 00026.362 00034.127 00042.120 00050.176 00058.289 00066.588 00075.086 00085.472 00096.041 00107.512 00119.203 00131.559 00144.121
-9999.0 -9999.0 -9999.0 -9999.0 -9999.0 -9999.0 -9999.0 -9999.0 -9999.0 -9999.0 -9999.0 -9999.0 00418.621 00406.537 00394.590 00382.772 00371.062 00359.247 00346.954 00334.798 00322.754 00310.817 00298.989 00287.239 00275.571 00263.994 00252.511 00241.437 00230.619 00219.901 00209.282 00198.764 00188.145 00175.879 00161.496 00147.462 00133.670 00120.317 00107.260 00094.690 00082.616 00070.906 00060.919 00051.225 00041.753 00032.363 00023.082 00014.333 00006.660 00012.010 00019.218 00027.063 00035.001 00042.996 00051.077 00059.434 00069.279 00079.841 00091.238 00102.946 00115.211 00127.673 00140.408
-9999.0 -9999.0 -9999.0 -9999.0 -9999.0 -9999.0 -9999.0 -9999.0 -9999.0 -9999.0 -9999.0 -9999.0 -9999.0 00408.513 00396.601 00384.850 00373.207 00361.452 00349.207 00337.014 00324.939 00312.981 00301.138 00289.391 00277.737 00266.177 00254.714 00243.349 00232.058 00220.845 00209.710 00198.642 00187.338 00174.294 00159.802 00145.550 00131.577 00117.824 00104.291 00091.270 00078.493 00066.433 00054.842 00045.055 00035.586 00026.249 00016.995 00007.823 0.0 00000.000 00012.211 00020.042 00027.930 00035.875 00043.995 00053.163 00063.693 00074.987 00086.685 00098.775 00111.153 00124.705 00140.373
-9999.0 -9999.0 -9999.0 -9999.0 -9999.0 -9999.0 -9999.0 -9999.0 -9999.0 -9999.0 -9999.0 -9999.0 -9999.0 00410.716 00398.825 00387.155 00375.657 00364.081 00351.970 00339.713 00327.577 00315.557 00303.654 00291.841 00280.146 00268.551 00257.061 00245.676 00234.382 00223.176 00212.055 00201.021 00190.024 00177.177 00160.735 00144.310 00129.535 00115.613 00101.878 00088.409 00075.308 00062.360 00050.369 00039.006 00029.452 00020.170 00010.967 00000.000 0.0 0.0 00000.000 00013.063 00020.901 00028.822 00037.250 00047.686 00058.640 00070.281 00082.227 00094.723 00110.797 00126.427 00142.019
-9999.0 -9999.0 -9999.0 -9999.0 -9999.0 -9999.0 -9999.0 -9999.0 -9999.0 -9999.0 -9999.0 -9999.0 -9999.0 00413.222 00401.475 00389.844 00378.322 00366.918 00355.094 00342.786 00330.599 00318.531 00306.578 00294.720 00282.973 00271.328 00259.791 00248.360 00237.028 00225.781 00214.617 00203.540 00192.535 00180.638 00164.565 00148.335 00132.157 00115.934 00099.457 00085.739 00072.315 00059.147 00046.488 00034.477 00023.398 00014.116 00000.000 0.0 0.0 0.0 0.0 00000.000 00013.916 00021.798 00031.736 00042.387 00053.620 00065.409 00081.508 00097.442 00113.133 00128.747 00144.505
-9999.0 -9999.0 -9999.0 -9999.0 -9999.0 -9999.0 -9999.0 -9999.0 -9999.0 -9999.0 -9999.0 -9999.0 -9999.0 00415.966 00404.254 00392.838 00381.531 00370.283 00358.720 00346.368 00334.139 00322.030 00310.045 00298.169 00286.394 00274.719 00263.147 00251.678 00240.317 00229.044 00217.856 00206.752 00195.725 00184.133 00169.128 00152.790 00136.590 00120.535 00104.404 00088.163 00071.744 00055.790 00042.815 00030.373 00018.486 00008.105 0.0 0.0 0.0 0.0 0.0 0.0 00000.000 00015.717 00025.945 00036.860 00052.600 00068.928 00084.673 00100.469 00116.321 00132.239 00148.274
-9999.0 -9999.0 -9999.0 -9999.0 -9999.0 -9999.0 -9999.0 -9999.0 -9999.0 -9999.0 -9999.0 -9999.0 -9999.0 00419.184 00407.623 00396.192 00384.869 00373.643 00362.493 00350.393 00338.142 00326.010 00313.997 00302.098 00290.298 00278.607 00267.018 00255.534 00244.155 00232.864 00221.661 00210.541 00199.513 00188.344 00174.798 00158.301 00141.953 00125.744 00109.628 00093.567 00077.561 00061.422 00045.098 00028.508 00013.651 00000.000 0.0 0.0 0.0 0.0 0.0 0.0 00000.000 00009.243 00024.607 00040.983 00056.763 00072.530 00088.358 00104.399 00120.506 00136.688 00152.997
-9999.0 -9999.0 -9999.0 -9999.0 -9999.0 -9999.0 -9999.0 -9999.0 -9999.0 -9999.0 -9999.0 -9999.0 -9999.0 -9999.0 00411.060 00399.679 00388.635 00377.689 00366.650 00354.974 00342.696 00330.538 00318.496 00306.569 00294.734 00283.009 00271.383 00259.865 00248.450 00237.133 00225.897 00214.744 00203.679 00192.684 00180.768 00164.503 00148.117 00131.908 00115.848 00099.851 00083.901 00067.995 00052.171 00036.588 00020.739 00000.000 0.0 0.0 0.0 0.0 0.0 0.0 0.0 00014.726 00030.588 00046.254 00062.086 00078.079 00094.121 00110.213 00126.353 00142.581 00158.943
-9999.0 -9999.0 -9999.0 -9999.0 -9999.0 -9999.0 -9999.0 -9999.0 -9999.0 -9999.0 -9999.0 -9999.0 -9999.0 -9999.0 00415.008 00403.817 00392.733 00381.824 00370.993 00359.811 00347.470 00335.251 00323.150 00311.163 00299.397 00287.739 00276.180 00264.721 00253.365 00242.114 00230.944 00219.868 00208.874 00197.963 00186.745 00172.744 00156.360 00140.131 00124.027 00107.978 00091.978 00076.017 00060.248 00045.248 00030.495 00016.015 00000.000 0.0 0.0 0.0 0.0 0.0 00000.000 00023.461 00038.587 00053.966 00069.595 00085.336 00101.147 00117.024 00132.932 00148.968 00165.234
-9999.0 -9999.0 -9999.0 -9999.0 -9999.0 -9999.0 -9999.0 -9999.0 -9999.0 -9999.0 -9999.0 -9999.0 -9999.0 -9999.0 00419.191 00408.061 00397.039 00386.115 00375.355 00364.740 00353.143 00340.985 00328.945 00317.022 00305.213 00293.492 00281.887 00270.385 00258.985 00247.713 00236.565 00225.496 00214.507 00203.598 00192.753 00180.996 00164.896 00148.523 00132.950 00117.518 00102.169 00086.897 00071.712 00056.705 00041.958 00027.421 00013.073 0.0 0.0 0.0 0.0 00000.000 00018.420 00033.321 00048.453 00063.789 00079.259 00094.807 00110.579 00126.421 00142.371 00158.453 00174.679
-9999.0 -9999.0 -9999.0 -9999.0 -9999.0 -9999.0 -9999.0 -9999.0 -9999.0 -9999.0 -9999.0 -9999.0 -9999.0 -9999.0 -9999.0 00412.458 00401.480 00390.940 00380.496 00370.063 00359.193 00346.974 00334.938 00323.022 00311.220 00299.529 00287.934 00276.433 00265.028 00253.722 00242.516 00231.386 00220.343 00209.655 00199.126 00188.472 00175.729 00159.968 00144.354 00128.875 00113.614 00098.540 00083.519 00068.544 00053.649 00038.954 00024.444 00000.000 0.0 0.0 0.0 00013.420 00028.264 00043.307 00058.573 00074.016 00089.513 00105.062 00120.664 00136.349 00152.172 00168.127 00185.265
-9999.0 -9999.0 -9999.0 -9999.0 -9999.0 -9999.0 -9999.0 -9999.0 -9999.0 -9999.0 -9999.0 -9999.0 -9999.0 -9999.0 -9999.0 00417.393 00406.702 00396.135 00385.661 00375.387 00364.945 00353.494 00341.414 00329.446 00317.584 00305.827 00294.157 00282.594 00271.458 00260.425 00249.496 00238.670 00227.930 00217.279 00206.740 00196.270 00185.342 00171.591 00156.130 00140.795 00125.602 00110.498 00095.442 00080.431 00065.469 00050.608 00035.951 00021.538 00000.000 0.0 00000.000 00023.319 00038.264 00053.388 00068.789 00084.270 00099.797 00115.378 00131.013 00146.772 00162.664 00178.682 00197.916
-9999.0 -9999.0 -9999.0 -9999.0 -9999.0 -9999.0 -9999.0 -9999.0 -9999.0 -9999.0 -9999.0 -9999.0 -9999.0 -9999.0 -9999.0 -9999.0 00411.997 00401.466 00391.135 00380.896 00370.739 00360.147 00348.002 00336.280 00324.679 00313.189 00301.803 00290.509 00279.323 00268.236 00257.302 00246.466 00235.715 00225.041 00214.577 00204.197 00193.881 00182.858 00168.365 00152.951 00137.654 00122.488 00107.401 00092.360 00077.459 00062.742 00048.045 00034.502 00022.990 00000.000 00023.554 00035.766 00048.994 00064.288 00079.590 00094.857 00110.150 00125.761 00141.456 00157.283 00173.254 00191.262 00210.902
-9999.0 -9999.0 -9999.0 -9999.0 -9999.0 -9999.0 -9999.0 -9999.0 -9999.0 -9999.0 -9999.0 -9999.0 -9999.0 -9999.0 -9999.0 -9999.0 00417.551 00407.073 00396.770 00386.553 00376.537 00366.822 00356.254 00344.465 00332.794 00321.236 00309.853 00298.578 00287.394 00276.301 00265.375 00254.608 00243.937 00233.341 00222.834 00212.405 00202.052 00191.757 00180.511 00165.196 00149.817 00134.567 00119.713 00104.987 00090.228 00075.416 00063.243 00051.393 00041.095 00029.867 00041.059 00051.781 00064.392 00077.156 00090.984 00106.341 00121.655 00136.982 00152.435 00168.017 00184.794 00204.267 00224.062
