examples/flatland/Outputs/centerIgnit/b_RAWS/clockwise/3hr/flatland_centerIgnit_counterClockwise3hr_RAWS/flatland_centerIgnit_counterClockwise3hr_RAWS_Intensity.asc
NCOLS 100
NROWS 100
XLLCORNER 20000.000000
YLLCORNER 20000.000000
CELLSIZE 30.000000
NODATA_VALUE -9999.0
[rows 28 to 55 of 100, columns 0 to 62 of 100]
-9999.0 -9999.0 -9999.0 -9999.0 -9999.0 -9999.0 -9999.0 -9999.0 -9999.0 -9999.0 -9999.0 -9999.0 -9999.0 -9999.0 -9999.0 00035.170 00035.758 00036.213 00036.619 00039.003 00045.071 00045.701 00046.207 00046.695 00047.178 00047.609 00047.902 00048.487 00048.929 00049.393 00049.884 00050.384 00050.797 00051.159 00051.577 00051.954 00052.255 00052.560 00052.742 00052.774 00050.366 00050.212 00051.363 00052.233 00053.084 00053.871 00054.610 00055.342 00055.714 00055.334 00054.885 00054.254 00053.542 00052.837 00051.850 00050.862 00047.631 00032.107 00030.950 00030.183 00029.533 00029.090 00028.575
-9999.0 -9999.0 -9999.0 -9999.0 -9999.0 -9999.0 -9999.0 -9999.0 -9999.0 -9999.0 -9999.0 -9999.0 -9999.0 -9999.0 -9999.0 00036.037 00036.593 00037.103 00037.585 00043.017 00045.434 00045.945 00046.448 00046.950 00047.462 00047.773 00048.325 00048.789 00049.245 00049.722 00050.228 00050.720 00051.069 00051.543 00051.976 00052.386 00052.809 00053.109 00053.210 00049.193 00049.157 00050.277 00051.425 00052.413 00053.297 00054.165 00054.994 00055.755 00056.186 00055.770 00055.252 00054.587 00053.821 00053.037 00051.948 00050.921 00049.851 00047.623 00031.229 00030.446 00029.879 00029.436 00028.828
-9999.0 -9999.0 -9999.0 -9999.0 -9999.0 -9999.0 -9999.0 -9999.0 -9999.0 -9999.0 -9999.0 -9999.0 -9999.0 -9999.0 -9999.0 00036.702 00037.272 00037.812 00039.043 00044.717 00045.517 00046.102 00046.690 00047.197 00047.623 00048.021 00048.608 00049.075 00049.563 00050.060 00050.582 00050.960 00051.407 00051.877 00052.327 00052.787 00053.247 00053.431 00049.105 00047.718 00049.060 00050.218 00051.418 00052.582 00053.502 00054.422 00055.276 00056.140 00056.660 00056.190 00055.605 00054.898 00054.099 00053.158 00052.001 00050.903 00049.579 00048.445 00046.555 00030.760 00030.254 00029.700 00029.030
-9999.0 -9999.0 -9999.0 -9999.0 -9999.0 -9999.0 -9999.0 -9999.0 -9999.0 -9999.0 -9999.0 -9999.0 -9999.0 -9999.0 00036.587 00037.192 00037.780 00038.360 00041.607 00045.051 00045.616 00046.172 00046.749 00047.350 00047.750 00048.355 00048.821 00049.336 00049.864 00050.397 00050.857 00051.250 00051.730 00052.183 00052.661 00053.163 00053.445 00050.192 00046.255 00047.279 00048.861 00050.126 00051.384 00052.683 00053.697 00054.631 00055.332 00056.142 00056.721 00056.253 00055.725 00055.113 00054.372 00053.265 00051.924 00050.548 00049.326 00048.546 00047.883 00044.065 00030.664 00029.961 00029.239
-9999.0 -9999.0 -9999.0 -9999.0 -9999.0 -9999.0 -9999.0 -9999.0 -9999.0 -9999.0 -9999.0 -9999.0 -9999.0 -9999.0 00037.081 00037.674 00038.289 00038.845 00043.556 00045.144 00045.719 00046.288 00046.846 00047.350 00047.791 00048.489 00049.038 00049.564 00050.118 00050.692 00051.075 00051.575 00052.043 00052.509 00052.996 00053.397 00052.469 00045.256 00046.161 00047.003 00048.366 00049.998 00051.286 00052.666 00053.634 00054.493 00055.339 00056.231 00057.001 00056.390 00055.848 00055.091 00054.297 00053.282 00051.793 00050.565 00049.603 00048.670 00048.044 00047.689 00041.664 00030.227 00029.382
-9999.0 -9999.0 -9999.0 -9999.0 -9999.0 -9999.0 -9999.0 -9999.0 -9999.0 -9999.0 -9999.0 -9999.0 -9999.0 -9999.0 00037.798 00038.401 00038.811 00039.978 00044.446 00045.227 00045.797 00046.367 00046.944 00047.382 00047.964 00048.561 00049.138 00049.740 00050.370 00050.844 00051.318 00051.854 00052.336 00052.836 00053.342 00053.537 00047.584 00045.446 00046.081 00046.925 00047.767 00049.513 00050.851 00052.269 00053.568 00054.502 00055.371 00056.388 00057.203 00056.540 00055.952 00054.982 00054.102 00052.855 00051.418 00050.569 00049.588 00048.768 00048.323 00047.965 00047.335 00037.910 00029.333
-9999.0 -9999.0 -9999.0 -9999.0 -9999.0 -9999.0 -9999.0 -9999.0 -9999.0 -9999.0 -9999.0 -9999.0 -9999.0 00037.606 00038.254 00038.847 00039.391 00041.416 00044.586 00045.209 00045.828 00046.440 00047.018 00047.377 00048.074 00048.648 00049.229 00049.837 00050.481 00050.940 00051.544 00052.054 00052.590 00053.145 00053.467 00050.013 00045.069 00045.637 00046.075 00046.841 00047.757 00049.104 00050.072 00051.955 00053.266 00054.303 00055.524 00056.546 00057.390 00056.703 00056.009 00054.881 00053.747 00052.597 00051.230 00050.377 00049.634 00048.993 00048.619 00048.020 00047.395 00046.495 00032.355
-9999.0 -9999.0 -9999.0 -9999.0 -9999.0 -9999.0 -9999.0 -9999.0 -9999.0 -9999.0 -9999.0 -9999.0 -9999.0 00038.048 00038.732 00039.339 00039.919 00042.445 00044.526 00045.144 00045.757 00046.376 00046.955 00047.452 00048.129 00048.699 00049.297 00049.931 00050.512 00051.018 00051.619 00052.204 00052.810 00053.315 00053.434 00044.967 00045.012 00045.766 00046.275 00046.741 00047.780 00048.629 00049.646 00051.235 00052.632 00053.982 00055.314 00056.510 00057.576 00056.742 00055.861 00054.730 00053.499 00052.359 00051.153 00050.169 00049.543 00049.303 00048.844 00048.058 00047.161 00045.939 00044.578
-9999.0 -9999.0 -9999.0 -9999.0 -9999.0 -9999.0 -9999.0 -9999.0 -9999.0 -9999.0 -9999.0 -9999.0 -9999.0 00038.506 00039.190 00039.790 00040.367 00043.061 00044.456 00045.070 00045.678 00046.293 00046.808 00047.402 00048.057 00048.692 00049.354 00049.997 00050.486 00051.064 00051.677 00052.268 00052.889 00053.267 00047.717 00043.737 00044.973 00045.658 00046.507 00046.950 00047.382 00048.273 00049.277 00050.867 00052.195 00053.671 00054.991 00056.380 00057.766 00056.717 00055.692 00054.501 00053.198 00051.957 00050.768 00050.008 00049.640 00049.514 00048.923 00047.981 00047.030 00045.668 00044.277
-9999.0 -9999.0 -9999.0 -9999.0 -9999.0 -9999.0 -9999.0 -9999.0 -9999.0 -9999.0 -9999.0 -9999.0 -9999.0 00038.910 00039.544 00040.147 00040.730 00043.389 00044.376 00044.983 00045.589 00046.204 00046.663 00047.345 00047.939 00048.565 00049.234 00049.953 00050.416 00051.056 00051.652 00052.280 00052.939 00053.141 00042.882 00042.979 00044.471 00045.370 00046.371 00047.132 00047.305 00047.847 00048.840 00050.220 00051.691 00053.238 00054.667 00056.290 00058.342 00056.804 00055.562 00054.209 00052.830 00051.493 00050.422 00049.947 00049.803 00049.402 00048.832 00047.889 00046.744 00045.085 00043.811
-9999.0 -9999.0 -9999.0 -9999.0 -9999.0 -9999.0 -9999.0 -9999.0 -9999.0 -9999.0 -9999.0 -9999.0 -9999.0 00039.263 00039.900 00040.508 00041.225 00043.381 00044.263 00044.890 00045.495 00046.107 00046.522 00047.235 00047.830 00048.460 00049.125 00049.790 00050.345 00050.987 00051.610 00052.264 00052.769 00049.761 00041.208 00042.333 00043.927 00045.112 00046.161 00046.867 00047.406 00047.584 00048.247 00049.474 00051.067 00052.798 00054.766 00056.719 00059.296 00057.383 00055.868 00054.033 00052.343 00050.957 00050.279 00050.061 00049.917 00049.407 00048.351 00047.772 00045.925 00044.478 00043.314
-9999.0 -9999.0 -9999.0 -9999.0 -9999.0 -9999.0 -9999.0 -9999.0 -9999.0 -9999.0 -9999.0 -9999.0 -9999.0 00039.607 00040.259 00040.875 00041.674 00043.301 00044.086 00044.703 00045.324 00045.958 00046.364 00047.120 00047.714 00048.342 00049.011 00049.649 00050.274 00050.897 00051.519 00052.172 00052.549 00045.234 00040.602 00041.663 00043.052 00044.830 00045.659 00046.547 00047.356 00047.660 00047.835 00048.625 00050.315 00052.503 00055.043 00057.395 00060.188 00058.089 00056.238 00054.030 00052.001 00050.678 00050.323 00050.181 00049.837 00048.892 00047.775 00046.578 00045.179 00043.952 00042.886
-9999.0 -9999.0 -9999.0 -9999.0 -9999.0 -9999.0 -9999.0 -9999.0 -9999.0 -9999.0 -9999.0 -9999.0 00039.127 00039.954 00040.607 00041.218 00041.939 00043.157 00043.895 00044.516 00045.132 00045.741 00046.159 00046.877 00047.513 00048.183 00048.890 00049.470 00050.081 00050.724 00051.383 00052.074 00052.310 00041.542 00040.020 00041.006 00042.115 00043.589 00044.916 00045.825 00047.048 00047.732 00047.918 00048.227 00049.601 00052.152 00054.636 00057.237 00060.967 00058.249 00056.101 00053.935 00051.732 00050.790 00050.444 00050.243 00049.569 00048.319 00047.120 00045.885 00044.585 00043.477 00042.435
-9999.0 -9999.0 -9999.0 -9999.0 -9999.0 -9999.0 -9999.0 -9999.0 -9999.0 -9999.0 -9999.0 -9999.0 00039.628 00040.369 00041.074 00041.749 00042.225 00042.559 00043.326 00044.042 00044.788 00045.549 00045.904 00046.421 00047.135 00047.908 00048.640 00049.226 00049.867 00050.506 00051.158 00051.839 00051.998 00038.375 00039.460 00040.393 00041.419 00042.483 00043.880 00045.036 00046.240 00047.517 00048.017 00048.407 00049.375 00051.372 00054.208 00057.028 00061.734 00058.591 00056.001 00053.617 00052.090 00051.293 00050.734 00050.216 00048.942 00047.645 00046.330 00045.189 00043.892 00042.982 00041.930
-9999.0 -9999.0 -9999.0 -9999.0 -9999.0 -9999.0 -9999.0 -9999.0 -9999.0 -9999.0 -9999.0 -9999.0 00040.121 00040.897 00041.641 00042.312 00042.480 00041.724 00042.528 00043.220 00043.939 00044.614 00045.153 00045.809 00046.479 00047.202 00047.988 00048.657 00049.451 00050.274 00050.948 00051.594 00050.208 00037.859 00038.827 00039.773 00040.766 00041.637 00042.946 00044.055 00045.344 00046.706 00048.016 00048.827 00049.593 00050.614 00053.445 00057.092 00062.259 00058.737 00055.760 00053.340 00052.543 00051.914 00051.130 00049.786 00048.233 00046.754 00045.458 00044.338 00043.172 00042.579 00040.870
-9999.0 -9999.0 -9999.0 -9999.0 -9999.0 -9999.0 -9999.0 -9999.0 -9999.0 -9999.0 -9999.0 -9999.0 00040.520 00041.267 00041.980 00042.663 00043.056 00040.736 00041.582 00042.192 00042.813 00043.455 00043.978 00045.043 00045.704 00046.419 00047.199 00047.810 00048.534 00049.267 00050.071 00050.849 00047.881 00036.556 00037.880 00039.175 00040.138 00040.833 00041.954 00042.982 00044.232 00045.679 00047.572 00049.264 00050.054 00050.788 00051.927 00054.751 00062.467 00057.407 00054.960 00053.818 00053.123 00052.472 00051.544 00049.283 00047.230 00045.794 00044.685 00043.359 00041.818 00040.819 00038.854
-9999.0 -9999.0 -9999.0 -9999.0 -9999.0 -9999.0 -9999.0 -9999.0 -9999.0 -9999.0 -9999.0 -9999.0 -9999.0 00041.541 00042.243 00042.867 00043.374 00040.703 00041.144 00041.715 00042.281 00042.850 00043.221 00044.163 00044.756 00045.391 00046.077 00046.668 00047.318 00047.997 00048.736 00049.433 00045.075 00035.154 00036.243 00037.633 00039.471 00039.472 00040.978 00042.007 00043.013 00044.498 00046.724 00049.207 00050.523 00051.287 00052.011 00052.800 -9999.0 -9999.000 00055.013 00054.376 00053.723 00053.009 00051.066 00048.745 00046.384 00044.527 00043.574 00041.257 00039.939 00038.070 00036.674
-9999.0 -9999.0 -9999.0 -9999.0 -9999.0 -9999.0 -9999.0 -9999.0 -9999.0 -9999.0 -9999.0 -9999.0 -9999.0 00041.613 00042.286 00042.904 00043.415 00041.256 00040.626 00041.193 00041.755 00042.323 00042.749 00043.413 00043.952 00044.521 00045.126 00045.670 00046.177 00046.725 00047.274 00047.833 00047.295 00033.565 00034.447 00035.573 00036.954 00037.607 00038.887 00040.723 00041.602 00043.268 00045.673 00048.016 00050.972 00051.761 00052.477 -9999.000 -9999.0 -9999.0 -9999.000 00054.942 00054.306 00053.024 00050.144 00048.102 00044.559 00041.918 00040.728 00038.887 00037.389 00035.433 00034.695
-9999.0 -9999.0 -9999.0 -9999.0 -9999.0 -9999.0 -9999.0 -9999.0 -9999.0 -9999.0 -9999.0 -9999.0 -9999.0 00041.610 00042.271 00042.893 00043.433 00042.050 00040.111 00040.665 00041.210 00041.758 00042.226 00042.743 00043.300 00043.849 00044.436 00045.023 00045.492 00046.057 00046.618 00047.207 00047.302 00032.683 00032.623 00033.305 00034.145 00035.627 00036.586 00037.857 00038.934 00040.694 00044.156 00045.602 00049.880 00052.226 -9999.000 -9999.0 -9999.0 -9999.0 -9999.0 -9999.000 00054.871 00052.771 00047.549 00045.654 00042.060 00039.543 00037.238 00036.072 00034.916 00034.305 00033.671
-9999.0 -9999.0 -9999.0 -9999.0 -9999.0 -9999.0 -9999.0 -9999.0 -9999.0 -9999.0 -9999.0 -9999.0 -9999.0 00041.570 00042.244 00042.874 00043.451 00043.247 00039.352 00040.158 00040.692 00041.224 00041.747 00042.121 00042.735 00043.259 00043.817 00044.412 00044.841 00045.373 00045.793 00046.344 00046.604 00037.185 00031.580 00032.048 00032.517 00032.760 00034.071 00034.669 00036.057 00037.902 00040.345 00042.289 00046.730 00052.607 -9999.0 -9999.0 -9999.0 -9999.0 -9999.0 -9999.0 -9999.000 00049.741 00044.592 00041.523 00038.448 00036.498 00034.188 00034.019 00033.678 00033.428 00032.850
-9999.0 -9999.0 -9999.0 -9999.0 -9999.0 -9999.0 -9999.0 -9999.0 -9999.0 -9999.0 -9999.0 -9999.0 -9999.0 00041.300 00042.199 00042.840 00043.447 00043.904 00039.873 00039.582 00040.102 00040.616 00041.135 00041.482 00042.077 00042.572 00043.096 00043.655 00044.125 00044.609 00045.003 00045.508 00045.980 00042.849 00030.776 00031.208 00031.671 00031.990 00032.244 00032.308 00032.565 00034.293 00035.526 00038.286 00041.068 -9999.000 -9999.0 -9999.0 -9999.0 -9999.0 -9999.0 -9999.0 -9999.000 00044.416 00039.869 00036.134 00034.544 00033.679 00033.200 00032.899 00032.723 00032.491 00031.952
-9999.0 -9999.0 -9999.0 -9999.0 -9999.0 -9999.0 -9999.0 -9999.0 -9999.0 -9999.0 -9999.0 -9999.0 -9999.0 -9999.0 00042.133 00042.779 00043.361 00043.837 00041.606 00038.913 00039.416 00039.908 00040.400 00040.809 00041.265 00041.755 00042.231 00042.739 00043.242 00043.622 00044.161 00044.707 00045.203 00045.213 00031.001 00030.439 00030.834 00031.074 00031.189 00031.312 00031.439 00031.650 00032.027 00033.539 00034.517 -9999.000 -9999.0 -9999.0 -9999.0 -9999.0 -9999.0 -9999.0 -9999.0 00035.394 00034.981 00033.192 00032.555 00032.194 00032.013 00031.844 00031.700 00031.336 00030.960
-9999.0 -9999.0 -9999.0 -9999.0 -9999.0 -9999.0 -9999.0 -9999.0 -9999.0 -9999.0 -9999.0 -9999.0 -9999.0 -9999.0 00041.999 00042.634 00043.232 00043.766 00043.689 00037.906 00038.686 00039.156 00039.618 00040.084 00040.357 00040.921 00041.368 00041.841 00042.347 00042.723 00043.172 00043.722 00044.154 00044.433 00038.956 00029.514 00029.848 00030.173 00030.271 00030.350 00030.366 00030.346 00030.503 00031.004 00031.354 00031.500 -9999.000 -9999.0 -9999.0 -9999.0 -9999.0 -9999.0 -9999.000 00032.235 00031.969 00031.469 00030.990 00030.981 00030.939 00030.874 00030.427 00030.072 00030.038
-9999.0 -9999.0 -9999.0 -9999.0 -9999.0 -9999.0 -9999.0 -9999.0 -9999.0 -9999.0 -9999.0 -9999.0 -9999.0 -9999.0 00041.613 00042.472 00043.072 00043.639 00044.066 00040.188 00038.037 00038.506 00038.963 00039.401 00039.724 00040.187 00040.616 00041.058 00041.529 00041.972 00042.306 00042.713 00043.099 00043.494 00043.411 00029.883 00028.750 00028.937 00029.386 00029.509 00029.470 00029.395 00029.272 00029.588 00030.221 00030.891 00031.566 -9999.0 -9999.0 -9999.0 -9999.0 -9999.000 00032.256 00031.519 00030.828 00030.187 00029.980 00029.945 00029.994 00029.898 00029.659 00029.104 00028.824
-9999.0 -9999.0 -9999.0 -9999.0 -9999.0 -9999.0 -9999.0 -9999.0 -9999.0 -9999.0 -9999.0 -9999.0 -9999.0 -9999.0 -9999.0 00042.283 00042.899 00043.467 00043.954 00043.163 00037.181 00037.887 00038.337 00038.786 00039.090 00039.313 00039.825 00040.215 00040.627 00041.065 00041.378 00041.744 00042.091 00042.372 00042.525 00039.473 00028.021 00028.266 00028.519 00028.784 00028.761 00028.817 00028.888 00029.050 00029.662 00030.337 00031.038 -9999.000 -9999.0 -9999.0 -9999.0 00032.497 00031.776 00031.039 00030.293 00029.842 00029.689 00029.540 00029.378 00029.276 00028.951 00028.597 00025.655
-9999.0 -9999.0 -9999.0 -9999.0 -9999.0 -9999.0 -9999.0 -9999.0 -9999.0 -9999.0 -9999.0 -9999.0 -9999.0 -9999.0 -9999.0 00042.068 00042.689 00043.252 00043.778 00044.128 00039.894 00037.281 00037.668 00038.015 00038.326 00038.615 00038.999 00039.377 00039.693 00040.020 00040.340 00040.496 00040.730 00040.915 00041.276 00041.404 00034.485 00027.658 00027.924 00028.206 00028.459 00028.624 00028.764 00028.908 00029.147 00029.746 00030.412 00030.767 -9999.000 -9999.0 -9999.000 00031.272 00030.980 00030.393 00029.781 00029.684 00029.578 00029.428 00029.262 00028.864 00028.488 00028.131 00022.962
-9999.0 -9999.0 -9999.0 -9999.0 -9999.0 -9999.0 -9999.0 -9999.0 -9999.0 -9999.0 -9999.0 -9999.0 -9999.0 -9999.0 -9999.0 -9999.0 00042.418 00042.990 00043.521 00043.977 00043.477 00036.023 00036.529 00036.898 00037.261 00037.765 00037.959 00038.337 00038.598 00038.863 00039.243 00039.589 00039.885 00040.240 00040.599 00040.968 00040.960 00030.900 00027.523 00027.873 00028.239 00028.454 00028.560 00028.610 00028.615 00028.595 00028.835 00028.871 00028.411 -9999.000 00028.556 00029.171 00029.143 00028.904 00028.951 00029.051 00029.089 00029.075 00028.853 00028.544 00028.213 00023.156 00022.627
-9999.0 -9999.0 -9999.0 -9999.0 -9999.0 -9999.0 -9999.0 -9999.0 -9999.0 -9999.0 -9999.0 -9999.0 -9999.0 -9999.0 -9999.0 -9999.0 00042.122 00042.707 00043.240 00043.742 00044.069 00040.489 00035.740 00036.153 00036.504 00036.848 00037.188 00037.396 00037.826 00038.164 00038.537 00038.945 00039.263 00039.598 00040.007 00040.444 00040.893 00040.847 00027.749 00027.538 00027.809 00028.066 00028.029 00028.007 00027.768 00027.536 00027.321 00027.185 00027.024 00026.423 00027.112 00027.323 00027.501 00027.759 00028.017 00028.370 00028.599 00028.569 00028.268 00027.995 00025.591 00022.805 00022.316
