examples/flatland/Outputs/centerIgnit/c_atmRAWS/singleWinds/flatland_centerIgnit_3mph0deg7hr_atmRAWS/flatland_centerIgnit_3mph0deg7hr_atmRAWS_HeatPerUnitArea.asc
NCOLS 100
NROWS 100
XLLCORNER 20000.000000
YLLCORNER 20000.000000
CELLSIZE 30.000000
NODATA_VALUE -9999.0
[rows 28 to 55 of 100, columns 0 to 61 of 100]
-9999.0 -9999.0 -9999.0 -9999.0 -9999.0 -9999.0 -9999.0 -9999.0 -9999.0 -9999.0 -9999.0 -9999.0 -9999.0 -9999.0 -9999.0 -9999.0 -9999.0 -9999.0 -9999.0 -9999.0 -9999.0 -9999.0 -9999.0 -9999.0 -9999.0 -9999.0 -9999.0 -9999.0 -9999.0 -9999.0 -9999.0 -9999.0 -9999.0 -9999.0 -9999.0 -9999.0 -9999.0 -9999.0 -9999.0 -9999.0 01003.130 01007.311 01010.379 01013.196 01015.367 01017.175 01018.629 01019.615 01019.435 01018.920 01017.991 01016.823 01015.123 01013.188 01010.551 01007.587 01004.231 -9999.0 -9999.0 -9999.0 -9999.0 -9999.0
-9999.0 -9999.0 -9999.0 -9999.0 -9999.0 -9999.0 -9999.0 -9999.0 -9999.0 -9999.0 -9999.0 -9999.0 -9999.0 -9999.0 -9999.0 -9999.0 -9999.0 -9999.0 -9999.0 -9999.0 -9999.0 -9999.0 -9999.0 -9999.0 -9999.0 -9999.0 -9999.0 -9999.0 -9999.0 -9999.0 -9999.0 -9999.0 -9999.0 -9999.0 -9999.0 -9999.0 -9999.0 -9999.0 01005.088 01009.425 01013.121 01016.333 01019.010 01020.178 01022.361 01025.469 01026.833 01028.164 01027.844 01027.239 01026.324 01025.118 01021.944 01020.200 01019.185 01016.832 01013.858 01010.178 01005.973 -9999.0 -9999.0 -9999.0
-9999.0 -9999.0 -9999.0 -9999.0 -9999.0 -9999.0 -9999.0 -9999.0 -9999.0 -9999.0 -9999.0 -9999.0 -9999.0 -9999.0 -9999.0 -9999.0 -9999.0 -9999.0 -9999.0 -9999.0 -9999.0 -9999.0 -9999.0 -9999.0 -9999.0 -9999.0 -9999.0 -9999.0 -9999.0 -9999.0 -9999.0 -9999.0 -9999.0 -9999.0 -9999.0 -9999.0 01004.359 01009.593 01014.035 01017.924 01020.010 01023.565 01026.900 01029.048 01031.092 01032.697 01034.067 01035.410 01035.199 01034.566 01033.648 01032.430 01031.014 01029.145 01027.083 01024.851 01020.261 01018.469 01015.018 01011.164 01006.276 -9999.0
-9999.0 -9999.0 -9999.0 -9999.0 -9999.0 -9999.0 -9999.0 -9999.0 -9999.0 -9999.0 -9999.0 -9999.0 -9999.0 -9999.0 -9999.0 -9999.0 -9999.0 -9999.0 -9999.0 -9999.0 -9999.0 -9999.0 -9999.0 -9999.0 -9999.0 -9999.0 -9999.0 -9999.0 -9999.0 -9999.0 -9999.0 -9999.0 -9999.0 -9999.0 01002.229 01008.395 01013.258 01017.492 01020.148 01025.174 01028.384 01031.043 01033.604 01035.935 01037.665 01038.638 01040.274 01042.146 01042.042 01041.089 01039.728 01038.521 01037.686 01036.073 01034.026 01031.620 01028.883 01025.904 01020.616 01018.850 01014.625 01009.758
-9999.0 -9999.0 -9999.0 -9999.0 -9999.0 -9999.0 -9999.0 -9999.0 -9999.0 -9999.0 -9999.0 -9999.0 -9999.0 -9999.0 -9999.0 -9999.0 -9999.0 -9999.0 -9999.0 -9999.0 -9999.0 -9999.0 -9999.0 -9999.0 -9999.0 -9999.0 -9999.0 -9999.0 -9999.0 -9999.0 -9999.0 -9999.0 -9999.0 01004.570 01010.757 01016.004 01019.784 01024.542 01028.209 01031.536 01034.784 01037.464 01038.911 01042.349 01044.390 01046.409 01048.092 01049.762 01049.778 01048.826 01047.748 01046.241 01044.468 01042.510 01039.724 01037.753 01035.376 01032.458 01029.458 01025.716 01020.220 01017.316
-9999.0 -9999.0 -9999.0 -9999.0 -9999.0 -9999.0 -9999.0 -9999.0 -9999.0 -9999.0 -9999.0 -9999.0 -9999.0 -9999.0 -9999.0 -9999.0 -9999.0 -9999.0 -9999.0 -9999.0 -9999.0 -9999.0 -9999.0 -9999.0 -9999.0 -9999.0 -9999.0 -9999.0 -9999.0 -9999.0 -9999.0 -9999.0 01006.416 01012.540 01017.596 01020.531 01026.873 01030.796 01034.218 01037.488 01039.832 01043.750 01046.475 01049.324 01052.011 01054.679 01056.545 01057.952 01058.079 01057.277 01056.292 01054.602 01052.159 01049.845 01047.070 01044.204 01041.061 01038.152 01035.340 01031.732 01028.069 01023.057
-9999.0 -9999.0 -9999.0 -9999.0 -9999.0 -9999.0 -9999.0 -9999.0 -9999.0 -9999.0 -9999.0 -9999.0 -9999.0 -9999.0 -9999.0 -9999.0 -9999.0 -9999.0 -9999.0 -9999.0 -9999.0 -9999.0 -9999.0 -9999.0 -9999.0 -9999.0 -9999.0 -9999.0 -9999.0 -9999.0 -9999.0 01007.494 01013.622 01018.795 01022.905 01028.269 01032.371 01036.404 01038.917 01043.226 01046.737 01050.416 01054.241 01057.112 01059.649 01062.201 01064.370 01066.271 01066.660 01065.498 01064.091 01062.284 01059.831 01057.686 01054.849 01051.284 01047.912 01044.333 01040.177 01037.420 01033.697 01029.828
-9999.0 -9999.0 -9999.0 -9999.0 -9999.0 -9999.0 -9999.0 -9999.0 -9999.0 -9999.0 -9999.0 -9999.0 -9999.0 -9999.0 -9999.0 -9999.0 -9999.0 -9999.0 -9999.0 -9999.0 -9999.0 -9999.0 -9999.0 -9999.0 -9999.0 -9999.0 -9999.0 -9999.0 -9999.0 -9999.0 01008.198 01014.304 01019.417 01024.727 01029.259 01033.551 01037.503 01041.056 01045.375 01049.642 01053.821 01057.534 01061.119 01064.565 01067.723 01070.681 01073.380 01075.800 01076.500 01074.976 01073.130 01070.813 01068.271 01065.197 01061.894 01058.456 01055.275 01050.737 01046.648 01042.697 01038.380 01035.328
-9999.0 -9999.0 -9999.0 -9999.0 -9999.0 -9999.0 -9999.0 -9999.0 -9999.0 -9999.0 -9999.0 -9999.0 -9999.0 -9999.0 -9999.0 -9999.0 -9999.0 -9999.0 -9999.0 -9999.0 -9999.0 -9999.0 -9999.0 -9999.0 -9999.0 -9999.0 -9999.0 -9999.0 -9999.0 01007.385 01014.140 01019.562 01025.275 01029.865 01034.230 01038.003 01042.438 01046.757 01051.369 01056.394 01060.334 01064.468 01068.587 01072.960 01076.670 01078.815 01079.556 01083.602 01084.279 01083.100 01079.491 01078.827 01077.577 01073.588 01069.751 01065.818 01061.494 01057.493 01053.136 01048.473 01044.328 01039.139
-9999.0 -9999.0 -9999.0 -9999.0 -9999.0 -9999.0 -9999.0 -9999.0 -9999.0 -9999.0 -9999.0 -9999.0 -9999.0 -9999.0 -9999.0 -9999.0 -9999.0 -9999.0 -9999.0 -9999.0 -9999.0 -9999.0 -9999.0 -9999.0 -9999.0 -9999.0 -9999.0 -9999.0 01006.018 01013.093 01018.987 01024.693 01029.776 01034.615 01038.324 01043.097 01047.620 01052.646 01057.547 01062.110 01067.007 01072.152 01076.901 01078.899 01083.712 01086.300 01088.661 01090.848 01091.864 01090.383 01088.760 01086.739 01084.210 01078.974 01078.594 01073.391 01068.574 01063.852 01059.091 01055.217 01049.637 01044.692
-9999.0 -9999.0 -9999.0 -9999.0 -9999.0 -9999.0 -9999.0 -9999.0 -9999.0 -9999.0 -9999.0 -9999.0 -9999.0 -9999.0 -9999.0 -9999.0 -9999.0 -9999.0 -9999.0 -9999.0 -9999.0 -9999.0 -9999.0 -9999.0 -9999.0 -9999.0 -9999.0 01004.170 01011.730 01017.881 01022.344 01028.897 01033.767 01038.034 01043.052 01048.102 01053.496 01058.191 01063.259 01068.502 01073.992 01078.784 01083.338 01086.702 01090.201 01093.356 01096.239 01098.648 01098.772 01098.375 01096.365 01094.006 01090.919 01087.930 01084.238 01078.900 01076.171 01070.813 01065.498 01060.018 01055.413 01049.774
-9999.0 -9999.0 -9999.0 -9999.0 -9999.0 -9999.0 -9999.0 -9999.0 -9999.0 -9999.0 -9999.0 -9999.0 -9999.0 -9999.0 -9999.0 -9999.0 -9999.0 -9999.0 -9999.0 -9999.0 -9999.0 -9999.0 -9999.0 -9999.0 -9999.0 -9999.0 01001.921 01009.941 01016.470 01020.495 01027.770 01032.758 01037.503 01042.133 01047.127 01052.788 01058.167 01063.898 01069.406 01075.275 01078.885 01084.628 01088.840 01093.200 01096.961 01098.819 01100.512 01101.535 01102.288 01101.490 01100.692 01098.869 01098.172 01094.241 01090.221 01086.217 01082.367 01077.843 01071.448 01065.597 01060.058 01055.369
-9999.0 -9999.0 -9999.0 -9999.0 -9999.0 -9999.0 -9999.0 -9999.0 -9999.0 -9999.0 -9999.0 -9999.0 -9999.0 -9999.0 -9999.0 -9999.0 -9999.0 -9999.0 -9999.0 -9999.0 -9999.0 -9999.0 -9999.0 -9999.0 -9999.0 -9999.0 01007.514 01014.527 01019.804 01026.313 01031.488 01036.492 01040.553 01045.968 01051.533 01057.315 01062.771 01068.721 01075.332 01078.945 01085.477 01089.948 01094.589 01098.699 01100.562 01101.966 01103.339 01104.472 01105.447 01104.507 01103.563 01102.363 01100.977 01098.822 01096.474 01091.997 01087.133 01082.512 01077.838 01071.390 01065.378 01059.651
-9999.0 -9999.0 -9999.0 -9999.0 -9999.0 -9999.0 -9999.0 -9999.0 -9999.0 -9999.0 -9999.0 -9999.0 -9999.0 -9999.0 -9999.0 -9999.0 -9999.0 -9999.0 -9999.0 -9999.0 -9999.0 -9999.0 -9999.0 -9999.0 -9999.0 01004.716 01012.314 01018.523 01024.508 01029.818 01034.863 01038.736 01044.489 01050.011 01056.213 01061.378 01067.348 01073.831 01078.851 01084.927 01090.069 01095.496 01098.792 01101.064 01102.814 01104.588 01106.040 01108.590 01113.721 01109.096 01106.390 01105.025 01103.415 01101.818 01099.158 01097.099 01091.921 01087.062 01082.324 01077.367 01070.744 01064.788
-9999.0 -9999.0 -9999.0 -9999.0 -9999.0 -9999.0 -9999.0 -9999.0 -9999.0 -9999.0 -9999.0 -9999.0 -9999.0 -9999.0 -9999.0 -9999.0 -9999.0 -9999.0 -9999.0 -9999.0 -9999.0 -9999.0 -9999.0 -9999.0 01000.429 01009.829 01016.505 01020.567 01028.050 01033.137 01037.784 01042.809 01048.052 01054.151 01059.426 01065.535 01072.025 01078.737 01083.796 01088.827 01094.182 01098.741 01101.129 01103.242 01105.093 01106.909 01113.776 01121.155 01129.041 01122.445 01116.158 01109.015 01105.897 01103.868 01101.889 01098.983 01096.864 01091.548 01086.566 01080.565 01076.619 01070.038
-9999.0 -9999.0 -9999.0 -9999.0 -9999.0 -9999.0 -9999.0 -9999.0 -9999.0 -9999.0 -9999.0 -9999.0 -9999.0 -9999.0 -9999.0 -9999.0 -9999.0 -9999.0 -9999.0 -9999.0 -9999.0 -9999.0 -9999.0 -9999.0 01007.051 01014.243 01019.726 01026.165 01031.376 01036.449 01040.678 01046.195 01051.914 01057.713 01063.515 01069.720 01076.714 01082.197 01087.272 01092.653 01098.347 01100.620 01102.703 01104.851 01107.236 01116.502 01124.976 01133.560 01143.176 01135.809 01128.091 01119.715 01110.021 01105.808 01103.754 01101.731 01098.893 01096.268 01091.000 01086.038 01078.963 01075.851
-9999.0 -9999.0 -9999.0 -9999.0 -9999.0 -9999.0 -9999.0 -9999.0 -9999.0 -9999.0 -9999.0 -9999.0 -9999.0 -9999.0 -9999.0 -9999.0 -9999.0 -9999.0 -9999.0 -9999.0 -9999.0 -9999.0 -9999.0 01003.521 01011.440 01017.859 01023.007 01029.378 01034.502 01038.588 01044.310 01049.843 01056.109 01061.394 01067.524 01074.188 01078.886 01085.489 01090.772 01096.381 01098.932 01102.037 01104.195 01106.406 01113.201 01123.756 01134.425 01144.931 -9999.0 -9999.000 01138.526 01128.565 01118.933 01109.372 01105.580 01103.529 01101.510 01098.846 01095.669 01090.443 01085.366 01078.893
-9999.0 -9999.0 -9999.0 -9999.0 -9999.0 -9999.0 -9999.0 -9999.0 -9999.0 -9999.0 -9999.0 -9999.0 -9999.0 -9999.0 -9999.0 -9999.0 -9999.0 -9999.0 -9999.0 -9999.0 -9999.0 -9999.0 -9999.0 01008.088 01015.169 01020.092 01027.087 01032.329 01037.379 01042.184 01047.463 01053.531 01058.917 01065.162 01071.703 01078.723 01083.743 01088.910 01094.409 01098.771 01101.303 01103.451 01105.638 01110.027 01120.433 01130.739 01141.248 -9999.000 -9999.0 -9999.0 -9999.000 01137.461 01127.448 01117.892 01108.606 01105.356 01103.307 01101.276 01098.783 01094.770 01089.479 01084.460
-9999.0 -9999.0 -9999.0 -9999.0 -9999.0 -9999.0 -9999.0 -9999.0 -9999.0 -9999.0 -9999.0 -9999.0 -9999.0 -9999.0 -9999.0 -9999.0 -9999.0 -9999.0 -9999.0 -9999.0 -9999.0 -9999.0 01004.279 01012.110 01018.480 01024.577 01029.993 01035.155 01038.957 01044.993 01050.753 01056.903 01062.563 01068.842 01075.839 01079.015 01086.810 01092.239 01098.020 01100.546 01102.705 01104.885 01107.462 01116.889 01127.142 01137.790 -9999.000 -9999.0 -9999.0 -9999.0 -9999.0 -9999.000 01136.396 01126.384 01116.754 01107.765 01105.069 01102.968 01100.915 01098.687 01093.305 01087.750
-9999.0 -9999.0 -9999.0 -9999.0 -9999.0 -9999.0 -9999.0 -9999.0 -9999.0 -9999.0 -9999.0 -9999.0 -9999.0 -9999.0 -9999.0 -9999.0 -9999.0 -9999.0 -9999.0 -9999.0 -9999.0 -9999.0 01007.819 01015.010 01020.062 01027.074 01032.384 01037.444 01042.368 01047.760 01054.000 01059.488 01065.792 01072.563 01078.790 01084.587 01089.928 01095.561 01098.873 01101.812 01104.007 01106.252 01112.533 01123.431 01134.199 01144.432 -9999.0 -9999.0 -9999.0 -9999.0 -9999.0 -9999.0 -9999.000 01135.275 01125.129 01114.871 01106.660 01104.396 01102.187 01099.249 01096.542 01090.808
-9999.0 -9999.0 -9999.0 -9999.0 -9999.0 -9999.0 -9999.0 -9999.0 -9999.0 -9999.0 -9999.0 -9999.0 -9999.0 -9999.0 -9999.0 -9999.0 -9999.0 -9999.0 -9999.0 -9999.0 -9999.0 01002.707 01010.857 01017.486 01022.243 01029.211 01034.415 01038.585 01044.381 01050.079 01056.422 01061.993 01068.326 01075.328 01078.971 01086.613 01092.121 01097.997 01100.571 01102.769 01105.026 01108.194 01118.272 01128.864 01140.151 -9999.000 -9999.0 -9999.0 -9999.0 -9999.0 -9999.0 -9999.0 -9999.000 01142.656 01131.524 01120.834 01110.163 01105.623 01103.376 01101.159 01098.722 01093.672
-9999.0 -9999.0 -9999.0 -9999.0 -9999.0 -9999.0 -9999.0 -9999.0 -9999.0 -9999.0 -9999.0 -9999.0 -9999.0 -9999.0 -9999.0 -9999.0 -9999.0 -9999.0 -9999.0 -9999.0 -9999.0 01005.993 01013.503 01019.505 01025.805 01031.167 01036.375 01040.762 01046.401 01052.339 01058.152 01064.262 01070.759 01078.046 01083.268 01088.537 01094.195 01098.767 01101.353 01103.574 01105.807 01110.758 01121.791 01132.903 01144.631 -9999.000 -9999.0 -9999.0 -9999.0 -9999.0 -9999.0 -9999.0 -9999.0 01146.779 01138.263 01126.275 01114.762 01106.566 01104.272 01102.051 01098.919 01096.053
-9999.0 -9999.0 -9999.0 -9999.0 -9999.0 -9999.0 -9999.0 -9999.0 -9999.0 -9999.0 -9999.0 -9999.0 -9999.0 -9999.0 -9999.0 -9999.0 -9999.0 -9999.0 -9999.0 -9999.0 -9999.0 01008.751 01015.789 01020.347 01027.702 01032.952 01037.760 01042.914 01048.314 01054.665 01060.125 01066.354 01073.064 01078.817 01084.805 01090.152 01095.801 01098.892 01101.897 01104.086 01106.374 01113.345 01124.975 01132.943 01140.517 01147.086 -9999.000 -9999.0 -9999.0 -9999.0 -9999.0 -9999.0 -9999.000 01143.014 01135.163 01126.449 01117.776 01108.880 01105.125 01102.800 01100.598 01098.063
-9999.0 -9999.0 -9999.0 -9999.0 -9999.0 -9999.0 -9999.0 -9999.0 -9999.0 -9999.0 -9999.0 -9999.0 -9999.0 -9999.0 -9999.0 -9999.0 -9999.0 -9999.0 -9999.0 -9999.0 01003.242 01011.287 01017.764 01022.812 01029.340 01034.485 01038.591 01044.334 01049.946 01056.253 01061.682 01067.908 01074.735 01078.928 01086.049 01091.426 01097.096 01099.935 01102.323 01104.536 01106.842 01113.197 01121.558 01128.925 01136.575 01142.411 01148.257 -9999.0 -9999.0 -9999.0 -9999.0 -9999.000 01145.597 01139.343 01132.098 01123.653 01115.236 01107.528 01105.215 01103.297 01101.280 01098.737
-9999.0 -9999.0 -9999.0 -9999.0 -9999.0 -9999.0 -9999.0 -9999.0 -9999.0 -9999.0 -9999.0 -9999.0 -9999.0 -9999.0 -9999.0 -9999.0 -9999.0 -9999.0 -9999.0 -9999.0 01005.447 01013.006 01019.231 01025.276 01030.624 01035.768 01039.761 01045.596 01051.362 01057.359 01063.145 01069.344 01076.282 01081.102 01086.948 01092.287 01097.973 01100.495 01102.681 01104.497 01106.239 01110.340 01118.216 01125.364 01131.863 01137.882 01143.582 -9999.000 -9999.0 -9999.0 -9999.0 01147.777 01141.380 01135.016 01128.324 01121.104 01112.463 01106.671 01104.817 01102.941 01101.065 01098.774
-9999.0 -9999.0 -9999.0 -9999.0 -9999.0 -9999.0 -9999.0 -9999.0 -9999.0 -9999.0 -9999.0 -9999.0 -9999.0 -9999.0 -9999.0 -9999.0 -9999.0 -9999.0 -9999.0 -9999.0 01007.470 01014.603 01019.874 01026.563 01031.812 01036.945 01041.481 01046.764 01052.574 01058.172 01064.105 01070.358 01077.402 01082.583 01087.599 01092.993 01098.650 01100.469 01102.202 01103.917 01105.588 01108.059 01114.327 01121.260 01127.085 01133.097 01139.056 01144.799 -9999.000 -9999.0 -9999.000 01143.500 01137.250 01130.545 01124.064 01117.674 01110.176 01106.174 01104.399 01102.585 01100.771 01098.708
-9999.0 -9999.0 -9999.0 -9999.0 -9999.0 -9999.0 -9999.0 -9999.0 -9999.0 -9999.0 -9999.0 -9999.0 -9999.0 -9999.0 -9999.0 -9999.0 -9999.0 -9999.0 -9999.0 -9999.0 01009.195 01016.067 01020.394 01027.651 01032.751 01037.558 01042.396 01047.600 01053.592 01058.840 01064.880 01071.134 01078.073 01083.058 01088.116 01092.925 01097.615 01098.987 01101.657 01103.314 01104.960 01106.511 01110.460 01116.640 01122.447 01128.292 01134.367 01140.300 01146.028 -9999.000 01145.629 01139.447 01132.847 01126.260 01119.950 01113.025 01107.697 01105.568 01103.874 01102.181 01100.394 01098.633
-9999.0 -9999.0 -9999.0 -9999.0 -9999.0 -9999.0 -9999.0 -9999.0 -9999.0 -9999.0 -9999.0 -9999.0 -9999.0 -9999.0 -9999.0 -9999.0 -9999.0 -9999.0 -9999.0 01002.554 01010.501 01017.019 01020.760 01028.463 01033.525 01037.998 01043.103 01048.252 01054.275 01059.425 01065.389 01071.708 01078.663 01083.024 01087.280 01091.668 01096.257 01098.830 01101.076 01102.679 01104.192 01105.711 01107.143 01111.408 01117.934 01123.603 01129.502 01135.554 01140.328 01144.954 01140.079 01135.003 01128.453 01122.043 01115.521 01109.438 01106.294 01104.867 01103.291 01101.617 01099.122 01097.544
