examples/flatland/Outputs/centerIgnit/c_atmRAWS/singleWinds/flatland_centerIgnit_3mph0deg7hr_atmRAWS/flatland_centerIgnit_3mph0deg7hr_atmRAWS_Intensity.asc
NCOLS 100
NROWS 100
XLLCORNER 20000.000000
YLLCORNER 20000.000000
CELLSIZE 30.000000
NODATA_VALUE -9999.0
[rows 28 to 55 of 100, columns 0 to 61 of 100]
-9999.0 -9999.0 -9999.0 -9999.0 -9999.0 -9999.0 -9999.0 -9999.0 -9999.0 -9999.0 -9999.0 -9999.0 -9999.0 -9999.0 -9999.0 -9999.0 -9999.0 -9999.0 -9999.0 -9999.0 -9999.0 -9999.0 -9999.0 -9999.0 -9999.0 -9999.0 -9999.0 -9999.0 -9999.0 -9999.0 -9999.0 -9999.0 -9999.0 -9999.0 -9999.0 -9999.0 -9999.0 -9999.0 -9999.0 -9999.0 00018.544 00018.692 00018.809 00018.915 00018.985 00019.040 00019.088 00019.067 00019.058 00019.043 00019.017 00018.983 00018.922 00018.853 00018.765 00018.677 00018.578 -9999.0 -9999.0 -9999.0 -9999.0 -9999.0
-9999.0 -9999.0 -9999.0 -9999.0 -9999.0 -9999.0 -9999.0 -9999.0 -9999.0 -9999.0 -9999.0 -9999.0 -9999.0 -9999.0 -9999.0 -9999.0 -9999.0 -9999.0 -9999.0 -9999.0 -9999.0 -9999.0 -9999.0 -9999.0 -9999.0 -9999.0 -9999.0 -9999.0 -9999.0 -9999.0 -9999.0 -9999.0 -9999.0 -9999.0 -9999.0 -9999.0 -9999.0 -9999.0 00018.915 00019.064 00019.173 00019.284 00019.379 00019.390 00019.471 00019.618 00019.654 00019.674 00019.653 00019.624 00019.599 00019.559 00019.385 00019.328 00019.337 00019.285 00019.188 00019.041 00018.856 -9999.0 -9999.0 -9999.0
-9999.0 -9999.0 -9999.0 -9999.0 -9999.0 -9999.0 -9999.0 -9999.0 -9999.0 -9999.0 -9999.0 -9999.0 -9999.0 -9999.0 -9999.0 -9999.0 -9999.0 -9999.0 -9999.0 -9999.0 -9999.0 -9999.0 -9999.0 -9999.0 -9999.0 -9999.0 -9999.0 -9999.0 -9999.0 -9999.0 -9999.0 -9999.0 -9999.0 -9999.0 -9999.0 -9999.0 00019.092 00019.323 00019.519 00019.677 00019.694 00019.828 00019.973 00020.063 00020.144 00020.186 00020.213 00020.235 00020.216 00020.186 00020.165 00020.124 00020.069 00020.003 00019.946 00019.891 00019.656 00019.622 00019.491 00019.343 00019.216 -9999.0
-9999.0 -9999.0 -9999.0 -9999.0 -9999.0 -9999.0 -9999.0 -9999.0 -9999.0 -9999.0 -9999.0 -9999.0 -9999.0 -9999.0 -9999.0 -9999.0 -9999.0 -9999.0 -9999.0 -9999.0 -9999.0 -9999.0 -9999.0 -9999.0 -9999.0 -9999.0 -9999.0 -9999.0 -9999.0 -9999.0 -9999.0 -9999.0 -9999.0 -9999.0 00019.372 00019.600 00019.719 00019.928 00020.006 00020.268 00020.393 00020.457 00020.545 00020.634 00020.688 00020.679 00020.715 00020.759 00020.740 00020.695 00020.645 00020.613 00020.612 00020.573 00020.540 00020.461 00020.345 00020.218 00019.934 00019.932 00019.806 00019.615
-9999.0 -9999.0 -9999.0 -9999.0 -9999.0 -9999.0 -9999.0 -9999.0 -9999.0 -9999.0 -9999.0 -9999.0 -9999.0 -9999.0 -9999.0 -9999.0 -9999.0 -9999.0 -9999.0 -9999.0 -9999.0 -9999.0 -9999.0 -9999.0 -9999.0 -9999.0 -9999.0 -9999.0 -9999.0 -9999.0 -9999.0 -9999.0 -9999.0 00019.721 00020.001 00020.174 00020.293 00020.529 00020.694 00020.846 00020.992 00021.062 00021.023 00021.170 00021.235 00021.293 00021.328 00021.322 00021.300 00021.273 00021.250 00021.207 00021.158 00021.125 00021.051 00021.006 00020.924 00020.803 00020.682 00020.577 00020.305 00020.191
-9999.0 -9999.0 -9999.0 -9999.0 -9999.0 -9999.0 -9999.0 -9999.0 -9999.0 -9999.0 -9999.0 -9999.0 -9999.0 -9999.0 -9999.0 -9999.0 -9999.0 -9999.0 -9999.0 -9999.0 -9999.0 -9999.0 -9999.0 -9999.0 -9999.0 -9999.0 -9999.0 -9999.0 -9999.0 -9999.0 -9999.0 -9999.0 00020.039 00020.334 00020.581 00020.667 00020.982 00021.132 00021.287 00021.421 00021.486 00021.663 00021.684 00021.754 00021.851 00021.908 00021.952 00021.903 00021.869 00021.863 00021.863 00021.840 00021.770 00021.720 00021.668 00021.571 00021.453 00021.343 00021.329 00021.196 00020.990 00020.697
-9999.0 -9999.0 -9999.0 -9999.0 -9999.0 -9999.0 -9999.0 -9999.0 -9999.0 -9999.0 -9999.0 -9999.0 -9999.0 -9999.0 -9999.0 -9999.0 -9999.0 -9999.0 -9999.0 -9999.0 -9999.0 -9999.0 -9999.0 -9999.0 -9999.0 -9999.0 -9999.0 -9999.0 -9999.0 -9999.0 -9999.0 00020.345 00020.627 00020.891 00021.097 00021.421 00021.642 00021.779 00021.792 00021.995 00022.119 00022.232 00022.316 00022.391 00022.432 00022.450 00022.450 00022.437 00022.419 00022.397 00022.392 00022.386 00022.331 00022.301 00022.275 00022.205 00022.144 00022.020 00021.890 00021.757 00021.548 00021.343
-9999.0 -9999.0 -9999.0 -9999.0 -9999.0 -9999.0 -9999.0 -9999.0 -9999.0 -9999.0 -9999.0 -9999.0 -9999.0 -9999.0 -9999.0 -9999.0 -9999.0 -9999.0 -9999.0 -9999.0 -9999.0 -9999.0 -9999.0 -9999.0 -9999.0 -9999.0 -9999.0 -9999.0 -9999.0 -9999.0 00020.708 00020.992 00021.222 00021.480 00021.741 00021.998 00022.227 00022.416 00022.527 00022.653 00022.812 00022.858 00022.902 00022.966 00023.032 00023.070 00023.082 00023.060 00023.033 00023.011 00023.001 00022.973 00022.928 00022.894 00022.868 00022.853 00022.815 00022.625 00022.450 00022.276 00022.097 00022.089
-9999.0 -9999.0 -9999.0 -9999.0 -9999.0 -9999.0 -9999.0 -9999.0 -9999.0 -9999.0 -9999.0 -9999.0 -9999.0 -9999.0 -9999.0 -9999.0 -9999.0 -9999.0 -9999.0 -9999.0 -9999.0 -9999.0 -9999.0 -9999.0 -9999.0 -9999.0 -9999.0 -9999.0 -9999.0 00021.052 00021.374 00021.613 00021.910 00022.144 00022.352 00022.521 00022.778 00023.013 00023.184 00023.390 00023.491 00023.528 00023.555 00023.606 00023.683 00023.658 00023.545 00023.588 00023.512 00023.544 00023.432 00023.522 00023.584 00023.547 00023.549 00023.514 00023.401 00023.291 00023.087 00022.944 00022.925 00022.678
-9999.0 -9999.0 -9999.0 -9999.0 -9999.0 -9999.0 -9999.0 -9999.0 -9999.0 -9999.0 -9999.0 -9999.0 -9999.0 -9999.0 -9999.0 -9999.0 -9999.0 -9999.0 -9999.0 -9999.0 -9999.0 -9999.0 -9999.0 -9999.0 -9999.0 -9999.0 -9999.0 -9999.0 00021.283 00021.693 00022.053 00022.365 00022.630 00022.852 00022.988 00023.203 00023.357 00023.587 00023.806 00023.982 00024.170 00024.299 00024.312 00024.161 00024.265 00024.232 00024.183 00024.047 00023.961 00024.004 00024.047 00024.122 00024.154 00024.063 00024.315 00024.181 00024.051 00023.950 00023.815 00023.751 00023.609 00023.350
-9999.0 -9999.0 -9999.0 -9999.0 -9999.0 -9999.0 -9999.0 -9999.0 -9999.0 -9999.0 -9999.0 -9999.0 -9999.0 -9999.0 -9999.0 -9999.0 -9999.0 -9999.0 -9999.0 -9999.0 -9999.0 -9999.0 -9999.0 -9999.0 -9999.0 -9999.0 -9999.0 00021.390 00021.837 00022.225 00022.510 00022.997 00023.369 00023.622 00023.838 00023.976 00024.317 00024.333 00024.439 00024.711 00024.874 00024.984 00024.982 00024.901 00024.871 00024.801 00024.713 00024.573 00024.373 00024.519 00024.590 00024.670 00024.714 00024.742 00024.822 00024.735 00024.807 00024.676 00024.550 00024.400 00024.270 00023.973
-9999.0 -9999.0 -9999.0 -9999.0 -9999.0 -9999.0 -9999.0 -9999.0 -9999.0 -9999.0 -9999.0 -9999.0 -9999.0 -9999.0 -9999.0 -9999.0 -9999.0 -9999.0 -9999.0 -9999.0 -9999.0 -9999.0 -9999.0 -9999.0 -9999.0 -9999.0 00021.449 00021.933 00022.350 00022.604 00023.153 00023.533 00023.890 00024.235 00024.605 00024.809 00025.095 00025.280 00025.342 00025.524 00025.515 00025.613 00025.586 00025.537 00025.507 00025.324 00025.166 00024.903 00024.582 00024.815 00024.963 00025.112 00025.324 00025.401 00025.474 00025.502 00025.510 00025.533 00025.378 00025.161 00024.855 00024.603
-9999.0 -9999.0 -9999.0 -9999.0 -9999.0 -9999.0 -9999.0 -9999.0 -9999.0 -9999.0 -9999.0 -9999.0 -9999.0 -9999.0 -9999.0 -9999.0 -9999.0 -9999.0 -9999.0 -9999.0 -9999.0 -9999.0 -9999.0 -9999.0 -9999.0 -9999.0 00021.968 00022.420 00022.777 00023.272 00023.681 00024.080 00024.379 00024.776 00025.129 00025.485 00025.776 00025.986 00026.228 00026.198 00026.375 00026.383 00026.353 00026.263 00026.002 00025.782 00025.441 00025.116 00024.762 00025.025 00025.259 00025.602 00025.847 00026.031 00026.377 00026.454 00026.368 00026.361 00026.127 00025.773 00025.428 00025.082
-9999.0 -9999.0 -9999.0 -9999.0 -9999.0 -9999.0 -9999.0 -9999.0 -9999.0 -9999.0 -9999.0 -9999.0 -9999.0 -9999.0 -9999.0 -9999.0 -9999.0 -9999.0 -9999.0 -9999.0 -9999.0 -9999.0 -9999.0 -9999.0 -9999.0 00021.887 00022.393 00022.841 00023.314 00023.768 00024.186 00024.491 00024.947 00025.354 00025.788 00026.099 00026.456 00026.838 00027.083 00027.276 00027.320 00027.306 00027.374 00026.963 00026.770 00026.415 00026.057 00025.714 00025.232 00025.544 00025.761 00026.112 00026.450 00026.712 00027.051 00027.118 00026.952 00026.858 00026.625 00026.366 00025.947 00025.527
-9999.0 -9999.0 -9999.0 -9999.0 -9999.0 -9999.0 -9999.0 -9999.0 -9999.0 -9999.0 -9999.0 -9999.0 -9999.0 -9999.0 -9999.0 -9999.0 -9999.0 -9999.0 -9999.0 -9999.0 -9999.0 -9999.0 -9999.0 -9999.0 00021.740 00022.329 00022.777 00023.060 00023.686 00024.140 00024.558 00024.997 00025.438 00025.929 00026.289 00026.693 00027.103 00027.513 00027.784 00028.053 00028.350 00028.256 00028.233 00027.810 00027.550 00027.180 00026.949 00026.721 00026.125 00026.527 00026.682 00026.859 00027.125 00027.367 00027.542 00027.604 00027.592 00027.350 00027.051 00026.645 00026.378 00025.922
-9999.0 -9999.0 -9999.0 -9999.0 -9999.0 -9999.0 -9999.0 -9999.0 -9999.0 -9999.0 -9999.0 -9999.0 -9999.0 -9999.0 -9999.0 -9999.0 -9999.0 -9999.0 -9999.0 -9999.0 -9999.0 -9999.0 -9999.0 -9999.0 00022.328 00022.804 00023.192 00023.701 00024.134 00024.564 00024.908 00025.348 00025.818 00026.274 00026.716 00027.173 00027.678 00028.067 00028.353 00028.648 00028.886 00028.910 00028.837 00028.717 00028.541 00028.701 00028.681 00028.406 00027.141 00027.890 00028.257 00028.266 00028.073 00028.140 00028.105 00028.068 00027.892 00027.719 00027.366 00027.045 00026.635 00026.490
-9999.0 -9999.0 -9999.0 -9999.0 -9999.0 -9999.0 -9999.0 -9999.0 -9999.0 -9999.0 -9999.0 -9999.0 -9999.0 -9999.0 -9999.0 -9999.0 -9999.0 -9999.0 -9999.0 -9999.0 -9999.0 -9999.0 -9999.0 00022.299 00022.816 00023.272 00023.661 00024.210 00024.642 00024.974 00025.439 00025.869 00026.340 00026.706 00027.121 00027.559 00027.883 00028.350 00028.721 00029.111 00029.285 00029.506 00029.551 00029.622 00030.043 00030.476 00030.694 00031.606 -9999.0 -9999.000 00029.993 00029.807 00029.186 00028.598 00028.345 00028.208 00028.074 00027.934 00027.828 00027.581 00027.385 00026.889
-9999.0 -9999.0 -9999.0 -9999.0 -9999.0 -9999.0 -9999.0 -9999.0 -9999.0 -9999.0 -9999.0 -9999.0 -9999.0 -9999.0 -9999.0 -9999.0 -9999.0 -9999.0 -9999.0 -9999.0 -9999.0 -9999.0 -9999.0 00022.769 00023.256 00023.618 00024.283 00024.751 00025.182 00025.574 00025.993 00026.451 00026.832 00027.260 00027.696 00028.159 00028.467 00028.824 00029.123 00029.335 00029.474 00029.621 00029.773 00030.080 00030.810 00031.532 00032.265 -9999.000 -9999.0 -9999.0 -9999.000 00030.473 00029.805 00029.168 00028.548 00028.376 00028.338 00028.392 00028.381 00028.263 00028.039 00027.838
-9999.0 -9999.0 -9999.0 -9999.0 -9999.0 -9999.0 -9999.0 -9999.0 -9999.0 -9999.0 -9999.0 -9999.0 -9999.0 -9999.0 -9999.0 -9999.0 -9999.0 -9999.0 -9999.0 -9999.0 -9999.0 -9999.0 00023.023 00023.549 00024.007 00024.475 00024.875 00025.335 00025.661 00026.177 00026.764 00027.216 00027.593 00027.985 00028.393 00028.483 00029.096 00029.516 00029.833 00029.940 00029.899 00029.930 00030.010 00030.589 00031.280 00032.026 -9999.000 -9999.0 -9999.0 -9999.0 -9999.0 -9999.000 00030.402 00029.760 00029.192 00028.925 00029.063 00029.178 00029.249 00029.038 00028.929 00028.735
-9999.0 -9999.0 -9999.0 -9999.0 -9999.0 -9999.0 -9999.0 -9999.0 -9999.0 -9999.0 -9999.0 -9999.0 -9999.0 -9999.0 -9999.0 -9999.0 -9999.0 -9999.0 -9999.0 -9999.0 -9999.0 -9999.0 00023.622 00024.162 00024.573 00025.128 00025.602 00026.077 00026.522 00027.038 00027.582 00028.027 00028.519 00029.030 00029.484 00029.882 00029.926 00030.277 00030.447 00030.873 00030.922 00030.943 00031.216 00031.752 00032.099 00032.492 -9999.0 -9999.0 -9999.0 -9999.0 -9999.0 -9999.0 -9999.000 00030.902 00030.774 00030.358 00030.089 00030.125 00030.131 00030.137 00030.127 00029.789
-9999.0 -9999.0 -9999.0 -9999.0 -9999.0 -9999.0 -9999.0 -9999.0 -9999.0 -9999.0 -9999.0 -9999.0 -9999.0 -9999.0 -9999.0 -9999.0 -9999.0 -9999.0 -9999.0 -9999.0 -9999.0 00023.551 00024.149 00024.685 00025.104 00025.795 00026.329 00026.761 00027.345 00027.718 00028.287 00028.769 00029.299 00029.870 00030.167 00030.740 00031.143 00031.614 00031.750 00031.920 00032.098 00032.367 00032.991 00034.488 00035.251 -9999.000 -9999.0 -9999.0 -9999.0 -9999.0 -9999.0 -9999.0 -9999.000 00034.402 00034.193 00031.798 00031.500 00031.252 00031.127 00031.027 00031.059 00030.733
-9999.0 -9999.0 -9999.0 -9999.0 -9999.0 -9999.0 -9999.0 -9999.0 -9999.0 -9999.0 -9999.0 -9999.0 -9999.0 -9999.0 -9999.0 -9999.0 -9999.0 -9999.0 -9999.0 -9999.0 -9999.0 00024.002 00024.580 00025.086 00025.703 00026.293 00026.835 00027.291 00027.832 00028.376 00028.918 00029.470 00030.129 00030.773 00031.251 00031.743 00032.273 00032.684 00032.774 00033.069 00033.418 00034.256 00035.340 00039.002 00042.793 -9999.000 -9999.0 -9999.0 -9999.0 -9999.0 -9999.0 -9999.0 -9999.0 00042.656 00039.153 00036.509 00034.689 00033.287 00032.064 00032.074 00031.798 00031.573
-9999.0 -9999.0 -9999.0 -9999.0 -9999.0 -9999.0 -9999.0 -9999.0 -9999.0 -9999.0 -9999.0 -9999.0 -9999.0 -9999.0 -9999.0 -9999.0 -9999.0 -9999.0 -9999.0 -9999.0 -9999.0 00024.452 00025.036 00025.462 00026.227 00026.783 00027.304 00027.850 00028.396 00029.019 00029.547 00030.168 00030.977 00031.530 00032.105 00032.638 00033.210 00033.562 00033.909 00034.112 00035.396 00037.696 00040.537 00043.248 00047.531 00053.891 -9999.000 -9999.0 -9999.0 -9999.0 -9999.0 -9999.0 -9999.000 00048.674 00043.376 00040.936 00038.613 00036.638 00035.038 00034.309 00032.917 00032.538
-9999.0 -9999.0 -9999.0 -9999.0 -9999.0 -9999.0 -9999.0 -9999.0 -9999.0 -9999.0 -9999.0 -9999.0 -9999.0 -9999.0 -9999.0 -9999.0 -9999.0 -9999.0 -9999.0 -9999.0 00024.453 00025.110 00025.687 00026.185 00026.747 00027.337 00027.829 00028.485 00029.114 00029.802 00030.405 00031.039 00031.686 00032.149 00032.868 00033.461 00034.089 00034.951 00035.848 00036.920 00038.834 00040.983 00044.288 00046.470 00050.806 00053.430 00054.237 -9999.0 -9999.0 -9999.0 -9999.0 -9999.000 00052.358 00050.745 00046.685 00045.257 00041.664 00039.108 00038.477 00037.002 00036.111 00034.618
-9999.0 -9999.0 -9999.0 -9999.0 -9999.0 -9999.0 -9999.0 -9999.0 -9999.0 -9999.0 -9999.0 -9999.0 -9999.0 -9999.0 -9999.0 -9999.0 -9999.0 -9999.0 -9999.0 -9999.0 00024.903 00025.538 00026.119 00026.736 00027.337 00027.961 00028.469 00029.164 00029.835 00030.517 00031.175 00031.712 00032.442 00033.061 00033.735 00034.315 00035.076 00037.165 00038.421 00040.092 00041.795 00043.404 00046.866 00048.933 00051.442 00053.029 00053.694 -9999.000 -9999.0 -9999.0 -9999.0 00052.604 00051.882 00051.142 00048.678 00046.334 00043.879 00041.610 00041.413 00039.427 00038.216 00037.313
-9999.0 -9999.0 -9999.0 -9999.0 -9999.0 -9999.0 -9999.0 -9999.0 -9999.0 -9999.0 -9999.0 -9999.0 -9999.0 -9999.0 -9999.0 -9999.0 -9999.0 -9999.0 -9999.0 -9999.0 00025.333 00025.963 00026.483 00027.194 00027.908 00028.560 00029.146 00029.780 00030.454 00031.095 00031.763 00032.429 00033.253 00034.207 00035.142 00036.334 00037.944 00039.165 00040.648 00042.731 00044.268 00045.332 00047.501 00049.749 00051.731 00052.476 00053.167 00053.835 -9999.000 -9999.0 -9999.000 00052.122 00051.418 00050.663 00049.788 00047.325 00045.043 00043.320 00042.224 00041.239 00039.990 00039.689
-9999.0 -9999.0 -9999.0 -9999.0 -9999.0 -9999.0 -9999.0 -9999.0 -9999.0 -9999.0 -9999.0 -9999.0 -9999.0 -9999.0 -9999.0 -9999.0 -9999.0 -9999.0 -9999.0 -9999.0 00025.749 00026.383 00026.864 00027.692 00028.400 00029.016 00029.633 00030.279 00030.991 00031.643 00032.377 00033.098 00033.821 00035.768 00037.009 00038.502 00040.408 00041.454 00042.633 00043.951 00045.006 00046.354 00048.147 00050.225 00051.233 00051.919 00052.629 00053.541 00055.382 -9999.000 00054.220 00052.001 00050.927 00050.180 00049.439 00048.102 00046.076 00044.574 00043.266 00042.195 00041.177 00040.353
-9999.0 -9999.0 -9999.0 -9999.0 -9999.0 -9999.0 -9999.0 -9999.0 -9999.0 -9999.0 -9999.0 -9999.0 -9999.0 -9999.0 -9999.0 -9999.0 -9999.0 -9999.0 -9999.0 00025.508 00026.226 00026.892 00027.349 00028.238 00028.839 00029.437 00030.131 00030.866 00031.647 00032.321 00033.268 00034.462 00035.978 00037.274 00038.621 00040.319 00041.838 00042.598 00043.663 00044.749 00045.952 00047.338 00048.676 00049.888 00050.719 00051.378 00052.212 00054.529 00057.577 00062.783 00057.017 00053.508 00050.691 00049.707 00048.971 00048.165 00047.020 00045.633 00044.344 00043.191 00041.831 00041.019
