examples/flatland/Outputs/centerIgnit/c_atmRAWS/singleWinds/flatland_centerIgnit_3mph0deg7hr_atmRAWS/flatland_centerIgnit_3mph0deg7hr_atmRAWS_Intensity.asc
NCOLS 100
NROWS 100
XLLCORNER 20000.000000
YLLCORNER 20000.000000
CELLSIZE 30.000000
NODATA_VALUE -9999.0
[rows 56 to 83 of 100, columns 0 to 61 of 100]
-9999.0 -9999.0 -9999.0 -9999.0 -9999.0 -9999.0 -9999.0 -9999.0 -9999.0 -9999.0 -9999.0 -9999.0 -9999.0 -9999.0 -9999.0 -9999.0 -9999.0 -9999.0 -9999.0 00025.979 00026.704 00027.373 00027.957 00028.685 00029.318 00029.938 00030.692 00031.608 00032.594 00033.584 00034.806 00036.233 00037.952 00038.557 00040.082 00041.258 00042.268 00043.479 00044.523 00045.603 00046.844 00048.042 00049.166 00049.572 00050.112 00050.970 00052.482 00055.074 00057.826 00061.894 00057.485 00054.241 00051.452 00049.494 00048.464 00047.983 00047.592 00046.505 00045.281 00044.128 00042.640 00041.679
-9999.0 -9999.0 -9999.0 -9999.0 -9999.0 -9999.0 -9999.0 -9999.0 -9999.0 -9999.0 -9999.0 -9999.0 -9999.0 -9999.0 -9999.0 -9999.0 -9999.0 -9999.0 -9999.0 00026.410 00027.108 00027.754 00028.430 00029.112 00029.810 00030.396 00031.101 00032.619 00033.747 00034.852 00036.159 00037.724 00038.945 00039.585 00040.753 00041.767 00042.790 00044.131 00045.187 00046.385 00047.498 00048.674 00049.190 00049.365 00049.683 00050.672 00052.978 00055.259 00057.515 00060.964 00057.266 00054.647 00052.228 00049.679 00048.281 00047.884 00047.723 00047.199 00046.053 00044.956 00043.982 00042.374
-9999.0 -9999.0 -9999.0 -9999.0 -9999.0 -9999.0 -9999.0 -9999.0 -9999.0 -9999.0 -9999.0 -9999.0 -9999.0 -9999.0 -9999.0 -9999.0 -9999.0 -9999.0 -9999.0 00026.750 00027.455 00028.125 00028.855 00029.559 00030.283 00031.175 00032.384 00033.597 00034.743 00035.921 00037.320 00038.266 00039.257 00040.228 00041.280 00042.234 00043.285 00044.499 00045.942 00047.011 00048.072 00048.830 00049.104 00049.254 00049.677 00051.082 00053.229 00055.515 00057.595 00060.067 00057.466 00055.096 00052.604 00050.336 00048.541 00047.821 00047.625 00047.411 00046.760 00045.744 00045.043 00043.446
-9999.0 -9999.0 -9999.0 -9999.0 -9999.0 -9999.0 -9999.0 -9999.0 -9999.0 -9999.0 -9999.0 -9999.0 -9999.0 -9999.0 -9999.0 -9999.0 -9999.0 -9999.0 -9999.0 00027.129 00027.875 00028.569 00029.413 00030.346 00031.379 00032.405 00033.735 00034.464 00035.638 00036.745 00037.687 00038.649 00039.710 00040.802 00041.704 00042.691 00043.810 00045.302 00046.617 00047.460 00048.454 00048.846 00048.994 00049.294 00050.091 00051.533 00053.319 00055.362 00057.114 00059.224 00057.059 00054.860 00052.829 00050.979 00049.394 00048.180 00047.543 00047.371 00046.970 00046.332 00045.309 00044.311
-9999.0 -9999.0 -9999.0 -9999.0 -9999.0 -9999.0 -9999.0 -9999.0 -9999.0 -9999.0 -9999.0 -9999.0 -9999.0 -9999.0 -9999.0 -9999.0 -9999.0 -9999.0 -9999.0 00027.572 00028.431 00029.283 00030.265 00031.292 00032.369 00033.508 00034.534 00035.229 00036.184 00037.168 00038.046 00039.061 00040.058 00041.114 00041.912 00043.187 00044.501 00046.085 00047.014 00047.994 00048.447 00048.737 00048.891 00049.501 00050.710 00052.103 00053.550 00055.050 00056.358 00058.222 00056.283 00054.654 00053.170 00051.604 00050.135 00048.769 00047.800 00047.293 00047.069 00046.517 00045.557 00044.737
-9999.0 -9999.0 -9999.0 -9999.0 -9999.0 -9999.0 -9999.0 -9999.0 -9999.0 -9999.0 -9999.0 -9999.0 -9999.0 -9999.0 -9999.0 -9999.0 -9999.0 -9999.0 -9999.0 00028.188 00029.118 00030.033 00031.032 00032.091 00033.213 00033.974 00034.755 00035.624 00036.538 00037.450 00038.304 00039.373 00040.344 00041.413 00042.537 00043.682 00045.224 00046.204 00047.126 00047.953 00048.474 00048.527 00049.106 00050.011 00051.249 00052.538 00053.910 00055.166 00056.304 00057.598 00056.272 00054.886 00053.603 00052.113 00050.776 00049.270 00048.190 00047.320 00046.981 00046.547 00045.760 00045.099
-9999.0 -9999.0 -9999.0 -9999.0 -9999.0 -9999.0 -9999.0 -9999.0 -9999.0 -9999.0 -9999.0 -9999.0 -9999.0 -9999.0 -9999.0 -9999.0 -9999.0 -9999.0 -9999.0 00028.820 00029.735 00030.668 00031.597 00032.645 00033.449 00034.281 00035.023 00035.911 00036.757 00037.680 00038.601 00039.641 00040.632 00041.747 00042.949 00043.873 00045.440 00046.310 00047.162 00047.823 00048.214 00048.659 00049.345 00050.452 00051.703 00052.898 00054.192 00055.388 00056.396 00057.409 00056.399 00055.209 00053.893 00052.540 00051.189 00049.543 00048.537 00047.754 00046.775 00046.300 00045.852 00045.120
-9999.0 -9999.0 -9999.0 -9999.0 -9999.0 -9999.0 -9999.0 -9999.0 -9999.0 -9999.0 -9999.0 -9999.0 -9999.0 -9999.0 -9999.0 -9999.0 -9999.0 -9999.0 -9999.0 00029.402 00030.278 00031.240 00031.816 00032.895 00033.717 00034.572 00035.211 00036.126 00036.985 00037.967 00039.060 00039.977 00040.941 00042.045 00043.231 00044.559 00045.687 00046.414 00047.109 00047.536 00047.934 00048.741 00049.632 00050.536 00052.019 00053.195 00054.357 00055.500 00056.319 00057.236 00056.342 00055.267 00054.113 00053.099 00051.876 00050.081 00048.980 00047.808 00046.845 00046.089 00045.661 00045.154
-9999.0 -9999.0 -9999.0 -9999.0 -9999.0 -9999.0 -9999.0 -9999.0 -9999.0 -9999.0 -9999.0 -9999.0 -9999.0 -9999.0 -9999.0 -9999.0 -9999.0 -9999.0 -9999.0 00029.833 00030.682 00031.501 00032.124 00033.140 00033.966 00034.753 00035.464 00036.357 00037.268 00038.327 00039.445 00040.255 00041.229 00042.317 00043.529 00044.964 00045.706 00046.407 00046.896 00047.270 00047.865 00048.609 00049.792 00050.846 00052.427 00053.578 00054.481 00055.476 00056.089 00057.020 00056.096 00055.206 00054.374 00053.474 00052.189 00050.734 00049.407 00047.709 00046.900 00046.084 00045.457 00044.778
-9999.0 -9999.0 -9999.0 -9999.0 -9999.0 -9999.0 -9999.0 -9999.0 -9999.0 -9999.0 -9999.0 -9999.0 -9999.0 -9999.0 -9999.0 -9999.0 -9999.0 -9999.0 -9999.0 00030.067 00030.926 00031.681 00032.369 00033.341 00034.121 00034.916 00035.753 00036.567 00037.605 00038.629 00039.548 00040.464 00041.463 00042.569 00043.842 00044.897 00045.668 00046.114 00046.641 00047.100 00047.810 00048.554 00050.119 00051.420 00052.791 00053.814 00054.680 00055.449 00056.123 00056.860 00056.148 00055.254 00054.454 00053.495 00052.563 00051.251 00049.969 00048.337 00046.956 00046.139 00045.371 00044.791
-9999.0 -9999.0 -9999.0 -9999.0 -9999.0 -9999.0 -9999.0 -9999.0 -9999.0 -9999.0 -9999.0 -9999.0 -9999.0 -9999.0 -9999.0 -9999.0 -9999.0 -9999.0 -9999.0 00030.191 00031.044 00031.820 00032.599 00033.401 00034.267 00035.116 00036.007 00036.815 00037.892 00038.741 00039.650 00040.705 00041.667 00042.847 00043.971 00044.719 00045.443 00046.006 00046.169 00047.051 00047.777 00048.857 00050.420 00051.613 00052.846 00053.944 00054.665 00055.357 00055.991 00056.697 00056.050 00055.246 00054.463 00053.650 00052.664 00051.357 00050.094 00048.845 00047.243 00046.215 00045.258 00044.613
-9999.0 -9999.0 -9999.0 -9999.0 -9999.0 -9999.0 -9999.0 -9999.0 -9999.0 -9999.0 -9999.0 -9999.0 -9999.0 -9999.0 -9999.0 -9999.0 -9999.0 -9999.0 -9999.0 -9999.0 00031.160 00031.991 00032.826 00033.360 00034.452 00035.324 00036.273 00037.145 00037.986 00038.845 00039.806 00040.852 00041.950 00043.054 00043.836 00044.527 00045.122 00045.631 00046.334 00046.727 00047.774 00049.199 00050.457 00051.606 00052.778 00053.695 00054.540 00055.354 00056.016 00056.498 00056.058 00055.296 00054.378 00053.445 00052.547 00051.384 00050.184 00049.027 00047.684 00046.064 00045.467 00044.534
-9999.0 -9999.0 -9999.0 -9999.0 -9999.0 -9999.0 -9999.0 -9999.0 -9999.0 -9999.0 -9999.0 -9999.0 -9999.0 -9999.0 -9999.0 -9999.0 -9999.0 -9999.0 -9999.0 -9999.0 00031.299 00032.193 00033.060 00033.664 00034.637 00035.560 00036.473 00037.270 00037.966 00038.998 00039.952 00040.992 00042.134 00042.983 00043.663 00044.312 00044.776 00045.341 00046.142 00046.968 00047.760 00049.408 00050.471 00051.560 00052.667 00053.442 00054.246 00055.026 00055.615 00056.133 00055.694 00054.959 00054.106 00053.232 00052.366 00051.386 00050.241 00049.119 00047.725 00046.666 00045.415 00044.464
-9999.0 -9999.0 -9999.0 -9999.0 -9999.0 -9999.0 -9999.0 -9999.0 -9999.0 -9999.0 -9999.0 -9999.0 -9999.0 -9999.0 -9999.0 -9999.0 -9999.0 -9999.0 -9999.0 -9999.0 00031.464 00032.358 00033.132 00033.906 00034.705 00035.731 00036.506 00037.305 00038.071 00039.109 00040.081 00041.110 00042.097 00042.892 00043.480 00043.978 00044.455 00045.170 00045.993 00046.969 00048.254 00049.111 00050.465 00051.495 00052.439 00053.186 00053.933 00054.642 00055.073 00055.638 00055.133 00054.481 00053.812 00053.012 00052.176 00051.364 00050.193 00048.896 00048.102 00046.865 00045.484 00044.440
-9999.0 -9999.0 -9999.0 -9999.0 -9999.0 -9999.0 -9999.0 -9999.0 -9999.0 -9999.0 -9999.0 -9999.0 -9999.0 -9999.0 -9999.0 -9999.0 -9999.0 -9999.0 -9999.0 -9999.0 -9999.0 00032.397 00033.194 00034.032 00034.756 00035.746 00036.530 00037.292 00038.244 00039.136 00040.202 00041.194 00041.941 00042.649 00043.269 00043.644 00044.276 00045.016 00045.862 00047.033 00048.350 00049.412 00050.125 00051.235 00052.197 00052.928 00053.620 00054.274 00054.693 00055.178 00054.763 00054.132 00053.526 00052.771 00052.019 00051.063 00049.841 00049.207 00048.056 00046.957 00045.639 00044.420
-9999.0 -9999.0 -9999.0 -9999.0 -9999.0 -9999.0 -9999.0 -9999.0 -9999.0 -9999.0 -9999.0 -9999.0 -9999.0 -9999.0 -9999.0 -9999.0 -9999.0 -9999.0 -9999.0 -9999.0 -9999.0 00032.419 00033.246 00034.090 00034.902 00035.698 00036.522 00037.387 00038.671 00039.460 00040.196 00041.067 00041.758 00042.400 00042.903 00043.450 00044.093 00044.915 00045.853 00047.059 00048.178 00049.232 00050.197 00050.913 00051.720 00052.790 00053.344 00053.898 00054.329 00054.741 00054.402 00053.800 00053.247 00052.622 00051.612 00050.859 00049.941 00048.956 00047.932 00046.865 00045.733 00044.439
-9999.0 -9999.0 -9999.0 -9999.0 -9999.0 -9999.0 -9999.0 -9999.0 -9999.0 -9999.0 -9999.0 -9999.0 -9999.0 -9999.0 -9999.0 -9999.0 -9999.0 -9999.0 -9999.0 -9999.0 -9999.0 00032.431 00033.318 00034.306 00034.987 00035.506 00036.550 00037.734 00038.687 00039.499 00040.170 00040.901 00041.555 00042.056 00042.557 00043.274 00044.020 00044.787 00045.891 00047.029 00048.000 00048.996 00049.871 00050.822 00051.810 00052.429 00052.808 00053.188 00053.959 00054.315 00054.034 00053.140 00052.681 00052.242 00051.716 00050.776 00049.674 00048.711 00047.799 00046.804 00045.571 00044.401
-9999.0 -9999.0 -9999.0 -9999.0 -9999.0 -9999.0 -9999.0 -9999.0 -9999.0 -9999.0 -9999.0 -9999.0 -9999.0 -9999.0 -9999.0 -9999.0 -9999.0 -9999.0 -9999.0 -9999.0 -9999.0 -9999.0 00033.469 00034.281 00034.993 00035.645 00036.724 00037.833 00038.620 00039.406 00040.141 00040.639 00041.284 00041.738 00042.329 00043.060 00043.918 00044.783 00045.867 00046.885 00047.819 00048.712 00049.557 00050.490 00051.372 00052.111 00052.668 00053.188 00053.523 00053.770 00053.573 00053.165 00052.579 00051.945 00051.310 00050.435 00049.426 00048.471 00047.608 00046.885 00045.738 00044.422
-9999.0 -9999.0 -9999.0 -9999.0 -9999.0 -9999.0 -9999.0 -9999.0 -9999.0 -9999.0 -9999.0 -9999.0 -9999.0 -9999.0 -9999.0 -9999.0 -9999.0 -9999.0 -9999.0 -9999.0 -9999.0 -9999.0 00033.416 00034.191 00034.926 00035.918 00036.763 00037.750 00038.543 00039.266 00039.946 00040.563 00040.836 00041.474 00042.146 00042.905 00043.742 00044.650 00045.708 00046.689 00047.632 00048.438 00049.261 00050.160 00050.952 00051.599 00052.130 00052.622 00053.030 00053.348 00053.128 00052.630 00052.060 00051.458 00050.851 00050.082 00049.178 00048.239 00047.430 00046.626 00045.926 00044.535
-9999.0 -9999.0 -9999.0 -9999.0 -9999.0 -9999.0 -9999.0 -9999.0 -9999.0 -9999.0 -9999.0 -9999.0 -9999.0 -9999.0 -9999.0 -9999.0 -9999.0 -9999.0 -9999.0 -9999.0 -9999.0 -9999.0 -9999.0 00034.087 00034.960 00036.105 00036.850 00037.357 00038.398 00039.105 00039.727 00040.235 00040.679 00041.182 00041.993 00042.764 00043.589 00044.467 00045.691 00046.735 00047.358 00048.149 00048.977 00049.827 00050.550 00051.110 00051.618 00052.086 00052.448 00052.732 00052.546 00052.097 00051.569 00050.993 00050.412 00049.741 00048.929 00047.998 00047.167 00046.467 00045.692 00044.585
-9999.0 -9999.0 -9999.0 -9999.0 -9999.0 -9999.0 -9999.0 -9999.0 -9999.0 -9999.0 -9999.0 -9999.0 -9999.0 -9999.0 -9999.0 -9999.0 -9999.0 -9999.0 -9999.0 -9999.0 -9999.0 -9999.0 -9999.0 00034.046 00034.979 00036.044 00036.764 00037.426 00038.085 00038.880 00039.440 00039.917 00040.493 00041.089 00041.750 00042.632 00043.443 00044.341 00045.667 00046.485 00047.223 00047.883 00048.647 00049.448 00050.163 00050.644 00051.125 00051.576 00051.893 00052.149 00051.991 00051.581 00051.094 00050.549 00049.992 00049.392 00048.600 00047.776 00046.997 00046.194 00045.381 00044.592
-9999.0 -9999.0 -9999.0 -9999.0 -9999.0 -9999.0 -9999.0 -9999.0 -9999.0 -9999.0 -9999.0 -9999.0 -9999.0 -9999.0 -9999.0 -9999.0 -9999.0 -9999.0 -9999.0 -9999.0 -9999.0 -9999.0 -9999.0 -9999.0 00035.058 00036.068 00036.671 00037.342 00037.855 00038.638 00039.114 00039.627 00040.290 00040.985 00041.600 00042.313 00043.298 00044.342 00045.429 00046.135 00046.861 00047.630 00048.409 00049.084 00049.684 00050.165 00050.632 00051.051 00051.321 00051.586 00051.412 00050.988 00050.597 00050.087 00049.533 00049.034 00048.351 00047.547 00046.669 00045.814 00045.007 00044.324
-9999.0 -9999.0 -9999.0 -9999.0 -9999.0 -9999.0 -9999.0 -9999.0 -9999.0 -9999.0 -9999.0 -9999.0 -9999.0 -9999.0 -9999.0 -9999.0 -9999.0 -9999.0 -9999.0 -9999.0 -9999.0 -9999.0 -9999.0 -9999.0 00034.885 00035.814 00036.501 00037.167 00037.764 00038.077 00038.799 00039.422 00040.088 00040.787 00041.467 00042.161 00043.239 00044.304 00045.072 00045.756 00046.506 00047.249 00048.038 00048.744 00049.327 00049.750 00050.149 00050.519 00050.759 00051.010 00050.850 00050.448 00050.124 00049.673 00049.197 00048.664 00047.969 00047.202 00046.487 00045.604 00044.700 00044.067
-9999.0 -9999.0 -9999.0 -9999.0 -9999.0 -9999.0 -9999.0 -9999.0 -9999.0 -9999.0 -9999.0 -9999.0 -9999.0 -9999.0 -9999.0 -9999.0 -9999.0 -9999.0 -9999.0 -9999.0 -9999.0 -9999.0 -9999.0 -9999.0 -9999.0 00035.557 00036.279 00036.925 00037.487 00037.951 00038.265 00039.206 00039.889 00040.583 00041.214 00042.345 00043.254 00044.023 00044.756 00045.304 00046.255 00046.898 00047.608 00048.254 00048.807 00049.282 00049.711 00050.106 00050.337 00050.547 00050.420 00050.055 00049.710 00049.218 00048.701 00048.158 00047.489 00046.828 00046.173 00045.453 00044.423 00043.661
-9999.0 -9999.0 -9999.0 -9999.0 -9999.0 -9999.0 -9999.0 -9999.0 -9999.0 -9999.0 -9999.0 -9999.0 -9999.0 -9999.0 -9999.0 -9999.0 -9999.0 -9999.0 -9999.0 -9999.0 -9999.0 -9999.0 -9999.0 -9999.0 -9999.0 -9999.0 00035.998 00036.653 00037.154 00037.664 00038.256 00038.670 00039.676 00040.339 00041.177 00042.303 00043.161 00043.826 00044.281 00045.061 00046.027 00046.599 00047.168 00047.713 00048.304 00048.787 00049.154 00049.501 00049.753 00049.966 00049.852 00049.473 00049.142 00048.714 00048.276 00047.699 00047.041 00046.442 00045.832 00045.171 00044.148 00043.513
-9999.0 -9999.0 -9999.0 -9999.0 -9999.0 -9999.0 -9999.0 -9999.0 -9999.0 -9999.0 -9999.0 -9999.0 -9999.0 -9999.0 -9999.0 -9999.0 -9999.0 -9999.0 -9999.0 -9999.0 -9999.0 -9999.0 -9999.0 -9999.0 -9999.0 -9999.0 -9999.0 00036.279 00036.823 00037.441 00038.081 00038.662 00039.198 00040.093 00041.168 00042.100 00042.936 00043.553 00044.128 00044.807 00045.532 00046.221 00046.755 00047.284 00047.848 00048.325 00048.643 00048.936 00049.180 00049.369 00049.274 00048.929 00048.601 00048.230 00047.837 00047.288 00046.660 00046.070 00045.357 00044.792 00044.153 00043.251
-9999.0 -9999.0 -9999.0 -9999.0 -9999.0 -9999.0 -9999.0 -9999.0 -9999.0 -9999.0 -9999.0 -9999.0 -9999.0 -9999.0 -9999.0 -9999.0 -9999.0 -9999.0 -9999.0 -9999.0 -9999.0 -9999.0 -9999.0 -9999.0 -9999.0 -9999.0 -9999.0 00035.603 00036.522 00037.198 00037.862 00038.520 00039.070 00039.828 00041.078 00041.879 00042.604 00043.206 00043.790 00044.700 00045.280 00045.736 00046.213 00046.843 00047.394 00047.832 00048.129 00048.404 00048.636 00048.805 00048.727 00048.413 00048.094 00047.744 00047.378 00046.842 00046.150 00045.594 00045.139 00044.567 00043.931 00043.018
-9999.0 -9999.0 -9999.0 -9999.0 -9999.0 -9999.0 -9999.0 -9999.0 -9999.0 -9999.0 -9999.0 -9999.0 -9999.0 -9999.0 -9999.0 -9999.0 -9999.0 -9999.0 -9999.0 -9999.0 -9999.0 -9999.0 -9999.0 -9999.0 -9999.0 -9999.0 -9999.0 -9999.0 00036.229 00036.934 00037.620 00038.288 00038.963 00039.832 00040.559 00041.636 00042.269 00042.850 00043.541 00044.370 00044.924 00045.471 00045.940 00046.377 00046.795 00047.219 00047.573 00047.889 00048.117 00048.271 00048.206 00047.918 00047.560 00047.154 00046.758 00046.371 00045.900 00045.353 00044.785 00044.193 00043.589 00042.796
