examples/flatland/Outputs/centerIgnit/c_atmRAWS/singleWinds/flatland_centerIgnit_3mph0deg7hr_atmRAWS/flatland_centerIgnit_3mph0deg7hr_atmRAWS_HeatPerUnitArea.asc
NCOLS 100
NROWS 100
XLLCORNER 20000.000000
YLLCORNER 20000.000000
CELLSIZE 30.000000
NODATA_VALUE -9999.0
[rows 56 to 83 of 100, columns 0 to 61 of 100]
-9999.0 -9999.0 -9999.0 -9999.0 -9999.0 -9999.0 -9999.0 -9999.0 -9999.0 -9999.0 -9999.0 -9999.0 -9999.0 -9999.0 -9999.0 -9999.0 -9999.0 -9999.0 -9999.0 01003.886 01011.628 01017.917 01022.808 01029.138 01034.088 01038.270 01043.576 01048.748 01054.733 01059.811 01065.749 01071.668 01077.642 01081.988 01086.208 01090.462 01094.872 01098.698 01100.452 01101.940 01103.451 01104.749 01106.020 01108.061 01112.703 01119.117 01124.774 01130.174 01134.378 01138.576 01134.477 01129.715 01124.003 01117.922 01110.990 01106.770 01105.394 01104.001 01102.598 01101.049 01098.820 01096.316
-9999.0 -9999.0 -9999.0 -9999.0 -9999.0 -9999.0 -9999.0 -9999.0 -9999.0 -9999.0 -9999.0 -9999.0 -9999.0 -9999.0 -9999.0 -9999.0 -9999.0 -9999.0 -9999.0 01005.065 01012.455 01018.533 01024.299 01029.626 01034.535 01038.464 01043.835 01049.030 01055.060 01059.798 01065.020 01070.355 01076.190 01078.933 01084.986 01089.137 01093.305 01097.603 01098.888 01101.200 01102.524 01103.791 01105.028 01106.277 01108.943 01114.117 01120.101 01124.487 01128.341 01131.990 01128.306 01124.148 01119.699 01113.057 01107.938 01105.857 01104.491 01103.143 01101.759 01100.376 01098.691 01094.752
-9999.0 -9999.0 -9999.0 -9999.0 -9999.0 -9999.0 -9999.0 -9999.0 -9999.0 -9999.0 -9999.0 -9999.0 -9999.0 -9999.0 -9999.0 -9999.0 -9999.0 -9999.0 -9999.0 01005.858 01013.081 01019.044 01024.802 01029.911 01034.783 01038.586 01044.058 01049.046 01054.344 01058.728 01063.929 01069.086 01074.657 01078.825 01083.741 01087.632 01091.642 01095.581 01098.725 01100.339 01101.582 01102.814 01104.041 01105.282 01106.538 01109.702 01114.726 01118.992 01122.216 01125.375 01122.260 01118.827 01114.107 01109.269 01106.333 01104.957 01103.597 01102.261 01100.937 01098.852 01097.409 01093.220
-9999.0 -9999.0 -9999.0 -9999.0 -9999.0 -9999.0 -9999.0 -9999.0 -9999.0 -9999.0 -9999.0 -9999.0 -9999.0 -9999.0 -9999.0 -9999.0 -9999.0 -9999.0 -9999.0 01006.474 01013.464 01019.318 01025.032 01030.087 01034.936 01038.594 01043.564 01048.056 01053.228 01057.901 01062.745 01067.706 01073.034 01078.623 01082.316 01086.107 01089.798 01093.626 01097.398 01098.822 01100.651 01101.851 01103.066 01104.295 01105.518 01106.716 01109.486 01112.731 01115.952 01119.046 01116.181 01112.455 01109.212 01106.654 01105.353 01104.051 01102.707 01101.379 01099.503 01098.669 01095.152 01091.500
-9999.0 -9999.0 -9999.0 -9999.0 -9999.0 -9999.0 -9999.0 -9999.0 -9999.0 -9999.0 -9999.0 -9999.0 -9999.0 -9999.0 -9999.0 -9999.0 -9999.0 -9999.0 -9999.0 01006.851 01013.689 01019.390 01025.154 01030.114 01034.475 01038.152 01042.717 01047.162 01051.979 01056.997 01061.347 01066.187 01071.212 01076.573 01078.920 01084.343 01087.912 01091.577 01094.880 01098.295 01098.884 01100.896 01102.101 01103.321 01104.490 01105.616 01106.483 01107.955 01110.017 01111.891 01110.131 01107.861 01106.436 01105.488 01104.383 01103.123 01101.828 01100.510 01098.772 01096.622 01093.006 01089.441
-9999.0 -9999.0 -9999.0 -9999.0 -9999.0 -9999.0 -9999.0 -9999.0 -9999.0 -9999.0 -9999.0 -9999.0 -9999.0 -9999.0 -9999.0 -9999.0 -9999.0 -9999.0 -9999.0 01006.975 01013.798 01019.410 01024.718 01029.342 01033.684 01037.679 01041.817 01046.105 01050.774 01055.857 01059.865 01064.561 01069.309 01074.377 01078.760 01082.595 01086.084 01089.254 01092.466 01095.705 01098.673 01098.979 01101.144 01102.316 01103.466 01104.420 01105.270 01105.950 01106.519 01107.139 01106.563 01105.947 01105.258 01104.324 01103.409 01102.175 01100.942 01098.871 01097.832 01094.263 01090.817 01087.383
-9999.0 -9999.0 -9999.0 -9999.0 -9999.0 -9999.0 -9999.0 -9999.0 -9999.0 -9999.0 -9999.0 -9999.0 -9999.0 -9999.0 -9999.0 -9999.0 -9999.0 -9999.0 -9999.0 01007.068 01013.336 01018.662 01022.853 01028.520 01032.860 01037.092 01040.354 01044.930 01049.378 01054.325 01058.311 01062.860 01067.412 01072.042 01076.980 01078.917 01083.959 01086.972 01090.066 01093.168 01096.379 01098.728 01099.987 01101.301 01102.403 01103.236 01104.058 01104.667 01105.174 01105.621 01105.227 01104.688 01104.002 01103.178 01102.273 01101.225 01099.213 01098.677 01095.451 01091.965 01088.609 01085.365
-9999.0 -9999.0 -9999.0 -9999.0 -9999.0 -9999.0 -9999.0 -9999.0 -9999.0 -9999.0 -9999.0 -9999.0 -9999.0 -9999.0 -9999.0 -9999.0 -9999.0 -9999.0 -9999.0 01005.896 01012.382 01017.801 01020.735 01027.633 01031.893 01036.098 01038.873 01043.764 01047.951 01052.470 01057.016 01061.001 01065.271 01069.664 01074.346 01078.732 01080.109 01084.729 01087.666 01090.689 01093.820 01097.054 01098.769 01100.296 01101.239 01102.065 01102.791 01103.399 01103.837 01104.257 01103.917 01103.400 01102.758 01102.039 01101.142 01100.168 01098.743 01096.517 01093.134 01089.742 01086.467 01083.318
-9999.0 -9999.0 -9999.0 -9999.0 -9999.0 -9999.0 -9999.0 -9999.0 -9999.0 -9999.0 -9999.0 -9999.0 -9999.0 -9999.0 -9999.0 -9999.0 -9999.0 -9999.0 -9999.0 01004.692 01011.326 01016.829 01020.314 01026.575 01030.860 01034.911 01038.216 01042.494 01046.430 01050.754 01055.461 01058.846 01063.211 01067.395 01071.761 01075.951 01078.806 01082.496 01085.330 01088.264 01091.309 01094.376 01097.442 01098.786 01099.558 01100.903 01101.541 01102.119 01102.549 01102.915 01102.610 01102.123 01101.531 01100.877 01099.267 01098.754 01097.286 01093.981 01090.792 01087.548 01084.362 01078.959
-9999.0 -9999.0 -9999.0 -9999.0 -9999.0 -9999.0 -9999.0 -9999.0 -9999.0 -9999.0 -9999.0 -9999.0 -9999.0 -9999.0 -9999.0 -9999.0 -9999.0 -9999.0 -9999.0 01003.343 01010.108 01015.709 01019.845 01025.426 01029.665 01033.712 01037.481 01040.684 01044.872 01048.961 01053.248 01057.286 01061.002 01065.131 01068.892 01072.865 01077.039 01078.865 01083.080 01085.939 01088.879 01091.725 01094.671 01097.221 01098.714 01098.890 01100.310 01100.841 01101.248 01101.585 01101.314 01100.862 01100.325 01098.876 01098.705 01096.947 01094.424 01091.475 01088.397 01085.397 01082.307 01078.768
-9999.0 -9999.0 -9999.0 -9999.0 -9999.0 -9999.0 -9999.0 -9999.0 -9999.0 -9999.0 -9999.0 -9999.0 -9999.0 -9999.0 -9999.0 -9999.0 -9999.0 -9999.0 -9999.0 01001.376 01008.643 01014.429 01019.277 01023.525 01028.454 01032.384 01036.246 01038.820 01043.377 01047.064 01051.110 01055.465 01058.764 01062.566 01066.124 01069.899 01073.779 01077.889 01078.919 01083.655 01086.408 01089.177 01091.886 01094.120 01096.329 01098.285 01098.748 01098.855 01098.966 01100.272 01099.292 01098.863 01098.754 01098.182 01096.306 01093.931 01091.495 01089.070 01086.099 01083.192 01078.864 01076.660
-9999.0 -9999.0 -9999.0 -9999.0 -9999.0 -9999.0 -9999.0 -9999.0 -9999.0 -9999.0 -9999.0 -9999.0 -9999.0 -9999.0 -9999.0 -9999.0 -9999.0 -9999.0 -9999.0 -9999.0 01007.141 01012.934 01017.920 01020.662 01027.015 01030.956 01034.774 01037.975 01041.544 01045.201 01048.973 01053.133 01056.872 01059.895 01063.550 01067.044 01070.708 01074.602 01078.710 01078.967 01084.006 01086.663 01088.974 01091.106 01093.226 01094.915 01096.541 01097.753 01098.651 01098.723 01098.669 01097.902 01096.548 01094.874 01093.137 01090.971 01088.694 01086.407 01083.809 01078.932 01078.019 01073.657
-9999.0 -9999.0 -9999.0 -9999.0 -9999.0 -9999.0 -9999.0 -9999.0 -9999.0 -9999.0 -9999.0 -9999.0 -9999.0 -9999.0 -9999.0 -9999.0 -9999.0 -9999.0 -9999.0 -9999.0 01005.198 01011.340 01016.499 01020.002 01025.495 01029.491 01033.250 01036.824 01038.997 01043.397 01046.974 01050.671 01054.453 01057.634 01060.838 01064.298 01067.791 01071.510 01075.438 01078.748 01078.989 01084.116 01086.155 01088.153 01090.179 01091.663 01093.192 01094.299 01095.153 01096.000 01095.398 01094.404 01093.181 01091.681 01090.006 01088.096 01085.964 01083.755 01078.983 01078.722 01074.783 01070.806
-9999.0 -9999.0 -9999.0 -9999.0 -9999.0 -9999.0 -9999.0 -9999.0 -9999.0 -9999.0 -9999.0 -9999.0 -9999.0 -9999.0 -9999.0 -9999.0 -9999.0 -9999.0 -9999.0 -9999.0 01003.206 01009.518 01014.764 01019.305 01022.857 01027.930 01031.537 01035.094 01037.993 01041.426 01044.885 01048.149 01051.673 01055.479 01058.244 01061.576 01064.991 01068.523 01072.155 01075.872 01078.767 01078.973 01083.426 01085.315 01087.091 01088.534 01089.900 01090.966 01091.740 01092.523 01091.998 01091.045 01089.931 01088.611 01086.980 01085.330 01083.271 01078.948 01078.743 01075.628 01071.704 01067.930
-9999.0 -9999.0 -9999.0 -9999.0 -9999.0 -9999.0 -9999.0 -9999.0 -9999.0 -9999.0 -9999.0 -9999.0 -9999.0 -9999.0 -9999.0 -9999.0 -9999.0 -9999.0 -9999.0 -9999.0 -9999.0 01007.436 01012.916 01017.628 01020.407 01026.108 01029.809 01033.291 01036.756 01038.871 01042.769 01045.844 01049.114 01052.562 01056.184 01058.774 01062.295 01065.625 01068.986 01072.468 01076.019 01078.723 01078.906 01082.577 01084.118 01085.513 01086.725 01087.730 01088.453 01089.148 01088.695 01087.808 01086.797 01085.561 01084.060 01082.487 01078.898 01078.656 01075.461 01072.348 01068.679 01065.160
-9999.0 -9999.0 -9999.0 -9999.0 -9999.0 -9999.0 -9999.0 -9999.0 -9999.0 -9999.0 -9999.0 -9999.0 -9999.0 -9999.0 -9999.0 -9999.0 -9999.0 -9999.0 -9999.0 -9999.0 -9999.0 01005.113 01010.921 01015.848 01019.600 01023.852 01027.985 01031.478 01034.912 01037.679 01040.024 01043.614 01046.654 01049.857 01053.329 01056.721 01059.450 01062.811 01065.921 01069.207 01072.220 01075.014 01077.814 01078.824 01078.954 01082.597 01083.664 01084.585 01085.278 01085.899 01085.506 01084.688 01083.773 01082.587 01078.953 01078.809 01077.785 01074.769 01071.832 01068.866 01065.766 01062.440
-9999.0 -9999.0 -9999.0 -9999.0 -9999.0 -9999.0 -9999.0 -9999.0 -9999.0 -9999.0 -9999.0 -9999.0 -9999.0 -9999.0 -9999.0 -9999.0 -9999.0 -9999.0 -9999.0 -9999.0 -9999.0 01002.654 01008.695 01013.664 01017.989 01020.438 01026.064 01029.631 01032.818 01035.879 01038.171 01041.203 01044.277 01047.290 01050.549 01054.074 01057.171 01059.862 01063.053 01066.032 01068.633 01071.267 01073.822 01076.294 01078.322 01078.811 01078.904 01078.984 01082.206 01082.772 01082.432 01079.052 01078.916 01078.808 01078.386 01076.130 01073.804 01071.091 01068.394 01065.566 01062.927 01059.579
-9999.0 -9999.0 -9999.0 -9999.0 -9999.0 -9999.0 -9999.0 -9999.0 -9999.0 -9999.0 -9999.0 -9999.0 -9999.0 -9999.0 -9999.0 -9999.0 -9999.0 -9999.0 -9999.0 -9999.0 -9999.0 -9999.0 01006.056 01011.383 01015.939 01019.585 01023.296 01027.564 01030.677 01033.704 01036.711 01038.565 01042.021 01044.857 01047.911 01051.204 01054.576 01057.387 01060.042 01062.837 01065.249 01067.680 01070.066 01072.190 01074.072 01075.938 01077.401 01078.591 01078.762 01078.812 01078.784 01078.716 01077.560 01075.950 01074.195 01072.102 01069.905 01067.610 01065.047 01062.476 01059.690 01057.304
-9999.0 -9999.0 -9999.0 -9999.0 -9999.0 -9999.0 -9999.0 -9999.0 -9999.0 -9999.0 -9999.0 -9999.0 -9999.0 -9999.0 -9999.0 -9999.0 -9999.0 -9999.0 -9999.0 -9999.0 -9999.0 -9999.0 01003.193 01008.823 01013.622 01017.806 01020.285 01025.282 01028.514 01031.533 01034.451 01037.299 01038.893 01042.609 01045.458 01048.393 01051.526 01054.801 01057.480 01059.478 01062.025 01064.299 01066.505 01068.340 01070.094 01071.725 01073.093 01074.137 01075.054 01075.809 01075.404 01074.371 01073.211 01071.791 01070.152 01068.310 01066.281 01064.318 01061.832 01059.217 01057.099 01054.628
-9999.0 -9999.0 -9999.0 -9999.0 -9999.0 -9999.0 -9999.0 -9999.0 -9999.0 -9999.0 -9999.0 -9999.0 -9999.0 -9999.0 -9999.0 -9999.0 -9999.0 -9999.0 -9999.0 -9999.0 -9999.0 -9999.0 -9999.0 01006.026 01011.157 01015.627 01019.180 01020.713 01026.221 01029.315 01032.202 01035.057 01037.629 01039.582 01043.120 01045.837 01048.651 01051.671 01054.585 01056.856 01058.655 01060.947 01063.021 01064.727 01066.370 01067.779 01069.055 01069.968 01070.784 01071.465 01071.122 01070.182 01069.137 01067.890 01066.363 01064.745 01062.885 01060.892 01058.575 01056.703 01054.177 01051.329
-9999.0 -9999.0 -9999.0 -9999.0 -9999.0 -9999.0 -9999.0 -9999.0 -9999.0 -9999.0 -9999.0 -9999.0 -9999.0 -9999.0 -9999.0 -9999.0 -9999.0 -9999.0 -9999.0 -9999.0 -9999.0 -9999.0 -9999.0 01002.954 01008.447 01012.891 01016.723 01019.702 01022.724 01026.972 01029.922 01032.787 01035.646 01037.942 01040.189 01043.379 01046.004 01048.732 01051.175 01053.720 01056.142 01057.865 01059.403 01061.190 01062.878 01064.087 01065.242 01066.075 01066.790 01067.406 01067.117 01066.260 01065.325 01064.237 01062.815 01061.272 01059.317 01057.741 01056.126 01053.513 01050.908 01048.271
-9999.0 -9999.0 -9999.0 -9999.0 -9999.0 -9999.0 -9999.0 -9999.0 -9999.0 -9999.0 -9999.0 -9999.0 -9999.0 -9999.0 -9999.0 -9999.0 -9999.0 -9999.0 -9999.0 -9999.0 -9999.0 -9999.0 -9999.0 -9999.0 01005.215 01009.915 01014.073 01017.701 01020.050 01024.539 01027.603 01030.516 01033.349 01036.119 01038.115 01040.480 01043.497 01045.807 01048.013 01050.362 01052.622 01054.988 01056.614 01057.891 01059.124 01060.404 01061.564 01062.440 01063.062 01063.638 01063.399 01062.600 01061.689 01060.574 01059.105 01057.967 01056.582 01054.766 01052.647 01050.230 01047.825 01045.463
-9999.0 -9999.0 -9999.0 -9999.0 -9999.0 -9999.0 -9999.0 -9999.0 -9999.0 -9999.0 -9999.0 -9999.0 -9999.0 -9999.0 -9999.0 -9999.0 -9999.0 -9999.0 -9999.0 -9999.0 -9999.0 -9999.0 -9999.0 -9999.0 00999.385 01006.735 01011.174 01015.074 01018.466 01020.330 01025.175 01028.196 01031.045 01033.711 01036.360 01038.195 01040.546 01043.076 01045.099 01047.210 01049.317 01051.290 01053.100 01054.880 01056.314 01057.242 01058.040 01058.679 01059.220 01059.793 01059.567 01058.791 01058.157 01057.346 01056.337 01054.930 01053.092 01051.154 01049.229 01047.161 01044.926 01042.833
-9999.0 -9999.0 -9999.0 -9999.0 -9999.0 -9999.0 -9999.0 -9999.0 -9999.0 -9999.0 -9999.0 -9999.0 -9999.0 -9999.0 -9999.0 -9999.0 -9999.0 -9999.0 -9999.0 -9999.0 -9999.0 -9999.0 -9999.0 -9999.0 -9999.0 01003.132 01007.977 01012.142 01015.837 01019.142 01020.602 01025.776 01028.636 01031.334 01033.886 01036.478 01038.083 01039.646 01042.408 01044.285 01046.262 01047.897 01049.560 01051.166 01052.531 01053.851 01054.918 01055.812 01056.313 01056.710 01056.565 01055.976 01055.123 01053.970 01052.617 01051.167 01049.605 01047.825 01046.084 01044.304 01042.259 01039.374
-9999.0 -9999.0 -9999.0 -9999.0 -9999.0 -9999.0 -9999.0 -9999.0 -9999.0 -9999.0 -9999.0 -9999.0 -9999.0 -9999.0 -9999.0 -9999.0 -9999.0 -9999.0 -9999.0 -9999.0 -9999.0 -9999.0 -9999.0 -9999.0 -9999.0 -9999.0 01004.365 01008.894 01012.918 01016.524 01019.528 01020.911 01026.130 01028.864 01031.451 01033.923 01036.049 01037.729 01038.831 01041.353 01043.338 01044.777 01046.296 01047.761 01048.938 01050.136 01051.045 01051.830 01052.431 01052.964 01052.784 01052.004 01051.242 01050.214 01049.059 01047.717 01046.391 01044.736 01043.162 01041.343 01038.783 01037.634
-9999.0 -9999.0 -9999.0 -9999.0 -9999.0 -9999.0 -9999.0 -9999.0 -9999.0 -9999.0 -9999.0 -9999.0 -9999.0 -9999.0 -9999.0 -9999.0 -9999.0 -9999.0 -9999.0 -9999.0 -9999.0 -9999.0 -9999.0 -9999.0 -9999.0 -9999.0 -9999.0 01005.359 01009.757 01013.663 01017.159 01019.712 01021.763 01026.302 01028.970 01031.251 01033.341 01035.390 01037.284 01038.339 01039.722 01041.875 01043.276 01044.572 01045.638 01046.731 01047.511 01048.199 01048.751 01049.209 01049.067 01048.384 01047.682 01046.782 01045.789 01044.542 01043.357 01041.852 01039.544 01038.287 01037.268 01035.233
-9999.0 -9999.0 -9999.0 -9999.0 -9999.0 -9999.0 -9999.0 -9999.0 -9999.0 -9999.0 -9999.0 -9999.0 -9999.0 -9999.0 -9999.0 -9999.0 -9999.0 -9999.0 -9999.0 -9999.0 -9999.0 -9999.0 -9999.0 -9999.0 -9999.0 -9999.0 -9999.0 00998.665 01006.320 01010.568 01014.242 01017.499 01019.810 01022.087 01026.334 01028.539 01030.634 01032.647 01034.526 01036.413 01037.642 01038.458 01039.590 01041.407 01042.586 01043.555 01044.264 01044.872 01045.370 01045.775 01045.664 01045.054 01044.415 01043.620 01042.722 01041.419 01039.644 01038.464 01037.600 01036.244 01034.558 01032.533
-9999.0 -9999.0 -9999.0 -9999.0 -9999.0 -9999.0 -9999.0 -9999.0 -9999.0 -9999.0 -9999.0 -9999.0 -9999.0 -9999.0 -9999.0 -9999.0 -9999.0 -9999.0 -9999.0 -9999.0 -9999.0 -9999.0 -9999.0 -9999.0 -9999.0 -9999.0 -9999.0 -9999.0 01002.509 01007.145 01011.076 01014.567 01017.668 01019.851 01021.472 01025.709 01027.880 01029.868 01031.758 01033.547 01035.023 01036.469 01037.576 01038.222 01038.784 01039.812 01040.874 01041.744 01042.249 01042.611 01042.525 01041.975 01041.088 01039.951 01038.849 01038.246 01037.575 01036.531 01034.974 01033.367 01031.729 01029.810
