examples/flatland/Outputs/centerIgnit/c_atmRAWS/singleWinds/flatland_centerIgnit_3mph0deg7hr_atmRAWS/flatland_centerIgnit_3mph0deg7hr_atmRAWS_ReactionIntensity.asc
NCOLS 100
NROWS 100
XLLCORNER 20000.000000
YLLCORNER 20000.000000
CELLSIZE 30.000000
NODATA_VALUE -9999.0
[rows 56 to 83 of 100, columns 0 to 61 of 100]
-9999.0 -9999.0 -9999.0 -9999.0 -9999.0 -9999.0 -9999.0 -9999.0 -9999.0 -9999.0 -9999.0 -9999.0 -9999.0 -9999.0 -9999.0 -9999.0 -9999.0 -9999.0 -9999.0 00152.506 00153.684 00154.638 00155.381 00156.343 00157.096 00157.731 00158.536 00159.322 00160.231 00161.003 00161.905 00162.803 00163.711 00164.372 00165.013 00165.659 00166.330 00166.911 00167.177 00167.403 00167.633 00167.830 00168.023 00168.333 00169.037 00170.012 00170.871 00171.693 00172.325 00172.968 00172.339 00171.623 00170.755 00169.831 00168.778 00168.137 00167.928 00167.717 00167.503 00167.268 00166.930 00166.549
-9999.0 -9999.0 -9999.0 -9999.0 -9999.0 -9999.0 -9999.0 -9999.0 -9999.0 -9999.0 -9999.0 -9999.0 -9999.0 -9999.0 -9999.0 -9999.0 -9999.0 -9999.0 -9999.0 00152.685 00153.808 00154.732 00155.608 00156.417 00157.163 00157.760 00158.576 00159.365 00160.281 00161.001 00161.794 00162.605 00163.490 00163.908 00164.828 00165.458 00166.091 00166.743 00166.940 00167.291 00167.492 00167.685 00167.873 00168.062 00168.466 00169.252 00170.161 00170.828 00171.414 00171.967 00171.409 00170.777 00170.100 00169.091 00168.314 00167.999 00167.791 00167.586 00167.376 00167.166 00166.910 00166.311
-9999.0 -9999.0 -9999.0 -9999.0 -9999.0 -9999.0 -9999.0 -9999.0 -9999.0 -9999.0 -9999.0 -9999.0 -9999.0 -9999.0 -9999.0 -9999.0 -9999.0 -9999.0 -9999.0 00152.806 00153.903 00154.810 00155.685 00156.460 00157.201 00157.779 00158.610 00159.367 00160.172 00160.839 00161.628 00162.412 00163.258 00163.892 00164.638 00165.229 00165.839 00166.437 00166.915 00167.160 00167.349 00167.536 00167.723 00167.911 00168.102 00168.582 00169.344 00169.993 00170.483 00170.962 00170.490 00169.969 00169.250 00168.516 00168.071 00167.862 00167.655 00167.452 00167.251 00166.934 00166.714 00166.078
-9999.0 -9999.0 -9999.0 -9999.0 -9999.0 -9999.0 -9999.0 -9999.0 -9999.0 -9999.0 -9999.0 -9999.0 -9999.0 -9999.0 -9999.0 -9999.0 -9999.0 -9999.0 -9999.0 00152.900 00153.961 00154.852 00155.719 00156.487 00157.224 00157.780 00158.534 00159.218 00160.002 00160.713 00161.449 00162.202 00163.011 00163.861 00164.422 00164.998 00165.558 00166.140 00166.714 00166.930 00167.208 00167.390 00167.575 00167.761 00167.947 00168.129 00168.549 00169.041 00169.529 00170.001 00169.564 00168.999 00168.507 00168.120 00167.922 00167.724 00167.520 00167.318 00167.033 00166.907 00166.372 00165.817
-9999.0 -9999.0 -9999.0 -9999.0 -9999.0 -9999.0 -9999.0 -9999.0 -9999.0 -9999.0 -9999.0 -9999.0 -9999.0 -9999.0 -9999.0 -9999.0 -9999.0 -9999.0 -9999.0 00152.957 00153.995 00154.863 00155.738 00156.491 00157.154 00157.713 00158.406 00159.081 00159.814 00160.575 00161.236 00161.972 00162.734 00163.548 00163.906 00164.730 00165.272 00165.829 00166.331 00166.849 00166.939 00167.245 00167.428 00167.613 00167.791 00167.962 00168.094 00168.317 00168.630 00168.915 00168.647 00168.302 00168.086 00167.943 00167.775 00167.583 00167.386 00167.186 00166.922 00166.595 00166.046 00165.505
-9999.0 -9999.0 -9999.0 -9999.0 -9999.0 -9999.0 -9999.0 -9999.0 -9999.0 -9999.0 -9999.0 -9999.0 -9999.0 -9999.0 -9999.0 -9999.0 -9999.0 -9999.0 -9999.0 00152.976 00154.012 00154.866 00155.672 00156.374 00157.034 00157.641 00158.270 00158.920 00159.629 00160.403 00161.010 00161.724 00162.446 00163.216 00163.882 00164.464 00164.994 00165.476 00165.964 00166.456 00166.907 00166.954 00167.283 00167.461 00167.635 00167.780 00167.909 00168.013 00168.099 00168.193 00168.106 00168.012 00167.908 00167.766 00167.627 00167.439 00167.252 00166.937 00166.779 00166.237 00165.714 00165.192
-9999.0 -9999.0 -9999.0 -9999.0 -9999.0 -9999.0 -9999.0 -9999.0 -9999.0 -9999.0 -9999.0 -9999.0 -9999.0 -9999.0 -9999.0 -9999.0 -9999.0 -9999.0 -9999.0 00152.991 00153.942 00154.751 00155.387 00156.249 00156.908 00157.552 00158.047 00158.743 00159.418 00160.169 00160.775 00161.466 00162.157 00162.860 00163.610 00163.906 00164.671 00165.129 00165.599 00166.070 00166.558 00166.916 00167.107 00167.306 00167.474 00167.600 00167.725 00167.818 00167.895 00167.963 00167.903 00167.821 00167.717 00167.592 00167.454 00167.295 00166.989 00166.908 00166.418 00165.888 00165.378 00164.885
-9999.0 -9999.0 -9999.0 -9999.0 -9999.0 -9999.0 -9999.0 -9999.0 -9999.0 -9999.0 -9999.0 -9999.0 -9999.0 -9999.0 -9999.0 -9999.0 -9999.0 -9999.0 -9999.0 00152.813 00153.797 00154.620 00155.067 00156.115 00156.761 00157.400 00157.823 00158.565 00159.201 00159.888 00160.578 00161.184 00161.832 00162.500 00163.211 00163.878 00164.086 00164.789 00165.235 00165.694 00166.169 00166.660 00166.922 00167.154 00167.297 00167.422 00167.533 00167.625 00167.691 00167.756 00167.704 00167.625 00167.528 00167.419 00167.282 00167.134 00166.918 00166.578 00166.065 00165.550 00165.052 00164.574
-9999.0 -9999.0 -9999.0 -9999.0 -9999.0 -9999.0 -9999.0 -9999.0 -9999.0 -9999.0 -9999.0 -9999.0 -9999.0 -9999.0 -9999.0 -9999.0 -9999.0 -9999.0 -9999.0 00152.629 00153.637 00154.473 00155.003 00155.953 00156.605 00157.220 00157.722 00158.372 00158.970 00159.626 00160.342 00160.857 00161.519 00162.155 00162.818 00163.454 00163.889 00164.449 00164.880 00165.326 00165.788 00166.254 00166.719 00166.924 00167.042 00167.246 00167.343 00167.431 00167.496 00167.552 00167.505 00167.431 00167.341 00167.242 00166.997 00166.920 00166.697 00166.194 00165.709 00165.217 00164.733 00163.912
-9999.0 -9999.0 -9999.0 -9999.0 -9999.0 -9999.0 -9999.0 -9999.0 -9999.0 -9999.0 -9999.0 -9999.0 -9999.0 -9999.0 -9999.0 -9999.0 -9999.0 -9999.0 -9999.0 00152.423 00153.451 00154.304 00154.932 00155.779 00156.423 00157.038 00157.611 00158.097 00158.734 00159.354 00160.005 00160.619 00161.184 00161.811 00162.382 00162.985 00163.619 00163.898 00164.538 00164.972 00165.419 00165.852 00166.299 00166.687 00166.913 00166.940 00167.156 00167.236 00167.298 00167.350 00167.308 00167.240 00167.158 00166.938 00166.912 00166.644 00166.261 00165.814 00165.346 00164.890 00164.421 00163.883
-9999.0 -9999.0 -9999.0 -9999.0 -9999.0 -9999.0 -9999.0 -9999.0 -9999.0 -9999.0 -9999.0 -9999.0 -9999.0 -9999.0 -9999.0 -9999.0 -9999.0 -9999.0 -9999.0 00152.125 00153.229 00154.108 00154.846 00155.490 00156.239 00156.836 00157.423 00157.814 00158.506 00159.066 00159.681 00160.343 00160.844 00161.422 00161.962 00162.536 00163.125 00163.749 00163.906 00164.625 00165.043 00165.464 00165.876 00166.215 00166.550 00166.848 00166.919 00166.935 00166.952 00167.150 00167.001 00166.936 00166.919 00166.832 00166.547 00166.186 00165.817 00165.448 00164.997 00164.555 00163.898 00163.562
-9999.0 -9999.0 -9999.0 -9999.0 -9999.0 -9999.0 -9999.0 -9999.0 -9999.0 -9999.0 -9999.0 -9999.0 -9999.0 -9999.0 -9999.0 -9999.0 -9999.0 -9999.0 -9999.0 -9999.0 00153.002 00153.881 00154.638 00155.056 00156.020 00156.620 00157.199 00157.686 00158.228 00158.784 00159.356 00159.988 00160.556 00161.015 00161.571 00162.101 00162.658 00163.250 00163.874 00163.914 00164.679 00165.082 00165.433 00165.757 00166.079 00166.336 00166.583 00166.767 00166.904 00166.915 00166.907 00166.790 00166.584 00166.330 00166.066 00165.737 00165.391 00165.043 00164.648 00163.908 00163.769 00163.106
-9999.0 -9999.0 -9999.0 -9999.0 -9999.0 -9999.0 -9999.0 -9999.0 -9999.0 -9999.0 -9999.0 -9999.0 -9999.0 -9999.0 -9999.0 -9999.0 -9999.0 -9999.0 -9999.0 -9999.0 00152.705 00153.639 00154.423 00154.956 00155.789 00156.396 00156.968 00157.511 00157.841 00158.509 00159.052 00159.614 00160.188 00160.672 00161.158 00161.684 00162.215 00162.780 00163.376 00163.880 00163.917 00164.695 00165.005 00165.309 00165.616 00165.842 00166.074 00166.242 00166.372 00166.501 00166.409 00166.258 00166.072 00165.845 00165.590 00165.300 00164.976 00164.640 00163.916 00163.876 00163.277 00162.673
-9999.0 -9999.0 -9999.0 -9999.0 -9999.0 -9999.0 -9999.0 -9999.0 -9999.0 -9999.0 -9999.0 -9999.0 -9999.0 -9999.0 -9999.0 -9999.0 -9999.0 -9999.0 -9999.0 -9999.0 00152.403 00153.361 00154.159 00154.850 00155.388 00156.160 00156.707 00157.248 00157.688 00158.210 00158.736 00159.232 00159.767 00160.345 00160.765 00161.271 00161.790 00162.326 00162.878 00163.442 00163.883 00163.914 00164.590 00164.878 00165.147 00165.367 00165.574 00165.736 00165.854 00165.972 00165.893 00165.748 00165.579 00165.378 00165.130 00164.880 00164.567 00163.911 00163.879 00163.405 00162.809 00162.236
-9999.0 -9999.0 -9999.0 -9999.0 -9999.0 -9999.0 -9999.0 -9999.0 -9999.0 -9999.0 -9999.0 -9999.0 -9999.0 -9999.0 -9999.0 -9999.0 -9999.0 -9999.0 -9999.0 -9999.0 -9999.0 00153.046 00153.878 00154.593 00155.017 00155.882 00156.445 00156.974 00157.500 00157.822 00158.414 00158.881 00159.378 00159.902 00160.452 00160.846 00161.381 00161.886 00162.397 00162.925 00163.464 00163.876 00163.904 00164.461 00164.695 00164.908 00165.092 00165.244 00165.354 00165.460 00165.391 00165.256 00165.102 00164.915 00164.687 00164.448 00163.903 00163.866 00163.380 00162.907 00162.350 00161.815
-9999.0 -9999.0 -9999.0 -9999.0 -9999.0 -9999.0 -9999.0 -9999.0 -9999.0 -9999.0 -9999.0 -9999.0 -9999.0 -9999.0 -9999.0 -9999.0 -9999.0 -9999.0 -9999.0 -9999.0 -9999.0 00152.692 00153.575 00154.325 00154.895 00155.540 00156.168 00156.699 00157.220 00157.641 00157.997 00158.542 00159.004 00159.490 00160.017 00160.533 00160.948 00161.459 00161.931 00162.430 00162.887 00163.312 00163.737 00163.892 00163.912 00164.465 00164.627 00164.767 00164.872 00164.966 00164.907 00164.782 00164.643 00164.463 00163.911 00163.889 00163.733 00163.275 00162.828 00162.378 00161.908 00161.403
-9999.0 -9999.0 -9999.0 -9999.0 -9999.0 -9999.0 -9999.0 -9999.0 -9999.0 -9999.0 -9999.0 -9999.0 -9999.0 -9999.0 -9999.0 -9999.0 -9999.0 -9999.0 -9999.0 -9999.0 -9999.0 00152.319 00153.236 00153.991 00154.649 00155.022 00155.876 00156.418 00156.902 00157.367 00157.716 00158.176 00158.643 00159.100 00159.595 00160.130 00160.602 00161.010 00161.495 00161.948 00162.343 00162.743 00163.132 00163.506 00163.815 00163.890 00163.904 00163.916 00164.405 00164.491 00164.440 00163.926 00163.906 00163.889 00163.825 00163.481 00163.129 00162.716 00162.306 00161.878 00161.476 00160.968
-9999.0 -9999.0 -9999.0 -9999.0 -9999.0 -9999.0 -9999.0 -9999.0 -9999.0 -9999.0 -9999.0 -9999.0 -9999.0 -9999.0 -9999.0 -9999.0 -9999.0 -9999.0 -9999.0 -9999.0 -9999.0 -9999.0 00152.836 00153.646 00154.338 00154.892 00155.455 00156.104 00156.577 00157.037 00157.493 00157.775 00158.301 00158.731 00159.195 00159.695 00160.207 00160.634 00161.038 00161.463 00161.829 00162.198 00162.561 00162.883 00163.170 00163.452 00163.675 00163.856 00163.882 00163.890 00163.886 00163.875 00163.699 00163.454 00163.189 00162.869 00162.537 00162.187 00161.798 00161.408 00160.984 00160.622
-9999.0 -9999.0 -9999.0 -9999.0 -9999.0 -9999.0 -9999.0 -9999.0 -9999.0 -9999.0 -9999.0 -9999.0 -9999.0 -9999.0 -9999.0 -9999.0 -9999.0 -9999.0 -9999.0 -9999.0 -9999.0 -9999.0 00152.401 00153.256 00153.985 00154.621 00154.998 00155.757 00156.248 00156.707 00157.150 00157.583 00157.826 00158.389 00158.822 00159.269 00159.744 00160.241 00160.648 00160.952 00161.340 00161.684 00162.020 00162.298 00162.565 00162.812 00163.020 00163.180 00163.318 00163.433 00163.371 00163.215 00163.038 00162.822 00162.574 00162.293 00161.986 00161.687 00161.310 00160.913 00160.591 00160.215
-9999.0 -9999.0 -9999.0 -9999.0 -9999.0 -9999.0 -9999.0 -9999.0 -9999.0 -9999.0 -9999.0 -9999.0 -9999.0 -9999.0 -9999.0 -9999.0 -9999.0 -9999.0 -9999.0 -9999.0 -9999.0 -9999.0 -9999.0 00152.831 00153.611 00154.291 00154.831 00155.064 00155.899 00156.370 00156.808 00157.242 00157.633 00157.930 00158.467 00158.880 00159.308 00159.766 00160.208 00160.554 00160.828 00161.175 00161.490 00161.749 00162.000 00162.213 00162.407 00162.546 00162.670 00162.773 00162.721 00162.579 00162.419 00162.230 00161.998 00161.752 00161.470 00161.167 00160.815 00160.531 00160.146 00159.714
-9999.0 -9999.0 -9999.0 -9999.0 -9999.0 -9999.0 -9999.0 -9999.0 -9999.0 -9999.0 -9999.0 -9999.0 -9999.0 -9999.0 -9999.0 -9999.0 -9999.0 -9999.0 -9999.0 -9999.0 -9999.0 -9999.0 -9999.0 00152.365 00153.199 00153.874 00154.457 00154.910 00155.368 00156.014 00156.462 00156.897 00157.331 00157.681 00158.022 00158.506 00158.905 00159.320 00159.691 00160.077 00160.446 00160.707 00160.941 00161.212 00161.469 00161.652 00161.828 00161.955 00162.063 00162.156 00162.112 00161.983 00161.840 00161.675 00161.459 00161.225 00160.928 00160.688 00160.444 00160.045 00159.650 00159.250
-9999.0 -9999.0 -9999.0 -9999.0 -9999.0 -9999.0 -9999.0 -9999.0 -9999.0 -9999.0 -9999.0 -9999.0 -9999.0 -9999.0 -9999.0 -9999.0 -9999.0 -9999.0 -9999.0 -9999.0 -9999.0 -9999.0 -9999.0 -9999.0 00152.707 00153.422 00154.054 00154.605 00154.963 00155.645 00156.110 00156.552 00156.983 00157.403 00157.707 00158.065 00158.524 00158.875 00159.211 00159.567 00159.911 00160.270 00160.517 00160.711 00160.899 00161.093 00161.269 00161.403 00161.496 00161.584 00161.548 00161.427 00161.288 00161.118 00160.896 00160.723 00160.512 00160.236 00159.914 00159.546 00159.182 00158.823
-9999.0 -9999.0 -9999.0 -9999.0 -9999.0 -9999.0 -9999.0 -9999.0 -9999.0 -9999.0 -9999.0 -9999.0 -9999.0 -9999.0 -9999.0 -9999.0 -9999.0 -9999.0 -9999.0 -9999.0 -9999.0 -9999.0 -9999.0 -9999.0 00151.821 00152.940 00153.614 00154.206 00154.721 00155.005 00155.741 00156.200 00156.633 00157.038 00157.440 00157.719 00158.077 00158.460 00158.768 00159.088 00159.408 00159.708 00159.983 00160.253 00160.472 00160.612 00160.734 00160.831 00160.913 00161.000 00160.966 00160.848 00160.752 00160.628 00160.475 00160.261 00159.982 00159.687 00159.395 00159.081 00158.742 00158.423
-9999.0 -9999.0 -9999.0 -9999.0 -9999.0 -9999.0 -9999.0 -9999.0 -9999.0 -9999.0 -9999.0 -9999.0 -9999.0 -9999.0 -9999.0 -9999.0 -9999.0 -9999.0 -9999.0 -9999.0 -9999.0 -9999.0 -9999.0 -9999.0 -9999.0 00152.391 00153.128 00153.761 00154.323 00154.825 00155.047 00155.832 00156.267 00156.677 00157.065 00157.458 00157.702 00157.939 00158.359 00158.644 00158.945 00159.193 00159.445 00159.689 00159.897 00160.097 00160.259 00160.396 00160.472 00160.532 00160.510 00160.421 00160.290 00160.115 00159.910 00159.689 00159.452 00159.182 00158.917 00158.647 00158.337 00157.898
-9999.0 -9999.0 -9999.0 -9999.0 -9999.0 -9999.0 -9999.0 -9999.0 -9999.0 -9999.0 -9999.0 -9999.0 -9999.0 -9999.0 -9999.0 -9999.0 -9999.0 -9999.0 -9999.0 -9999.0 -9999.0 -9999.0 -9999.0 -9999.0 -9999.0 -9999.0 00152.578 00153.267 00153.878 00154.427 00154.884 00155.094 00155.886 00156.301 00156.695 00157.070 00157.392 00157.649 00157.816 00158.199 00158.500 00158.719 00158.949 00159.172 00159.351 00159.533 00159.671 00159.791 00159.882 00159.962 00159.935 00159.817 00159.701 00159.544 00159.369 00159.165 00158.964 00158.713 00158.473 00158.197 00157.809 00157.634
-9999.0 -9999.0 -9999.0 -9999.0 -9999.0 -9999.0 -9999.0 -9999.0 -9999.0 -9999.0 -9999.0 -9999.0 -9999.0 -9999.0 -9999.0 -9999.0 -9999.0 -9999.0 -9999.0 -9999.0 -9999.0 -9999.0 -9999.0 -9999.0 -9999.0 -9999.0 -9999.0 00152.729 00153.398 00153.991 00154.523 00154.912 00155.222 00155.912 00156.317 00156.664 00156.981 00157.292 00157.581 00157.741 00157.951 00158.279 00158.490 00158.688 00158.850 00159.015 00159.134 00159.239 00159.323 00159.392 00159.370 00159.267 00159.160 00159.023 00158.873 00158.683 00158.503 00158.275 00157.924 00157.733 00157.579 00157.269
-9999.0 -9999.0 -9999.0 -9999.0 -9999.0 -9999.0 -9999.0 -9999.0 -9999.0 -9999.0 -9999.0 -9999.0 -9999.0 -9999.0 -9999.0 -9999.0 -9999.0 -9999.0 -9999.0 -9999.0 -9999.0 -9999.0 -9999.0 -9999.0 -9999.0 -9999.0 -9999.0 00151.712 00152.876 00153.521 00154.079 00154.574 00154.926 00155.271 00155.916 00156.252 00156.571 00156.876 00157.162 00157.448 00157.635 00157.759 00157.931 00158.207 00158.386 00158.533 00158.641 00158.734 00158.809 00158.870 00158.854 00158.761 00158.664 00158.543 00158.407 00158.209 00157.939 00157.760 00157.629 00157.422 00157.166 00156.858
-9999.0 -9999.0 -9999.0 -9999.0 -9999.0 -9999.0 -9999.0 -9999.0 -9999.0 -9999.0 -9999.0 -9999.0 -9999.0 -9999.0 -9999.0 -9999.0 -9999.0 -9999.0 -9999.0 -9999.0 -9999.0 -9999.0 -9999.0 -9999.0 -9999.0 -9999.0 -9999.0 -9999.0 00152.297 00153.003 00153.599 00154.129 00154.600 00154.933 00155.178 00155.822 00156.152 00156.454 00156.741 00157.013 00157.237 00157.457 00157.625 00157.723 00157.809 00157.964 00158.126 00158.259 00158.335 00158.390 00158.377 00158.294 00158.158 00157.986 00157.819 00157.727 00157.625 00157.466 00157.229 00156.985 00156.736 00156.445
