examples/flatland/Outputs/centerIgnit/c_atmRAWS/singleWinds/flatland_centerIgnit_3mph0deg7hr_atmRAWS/flatland_centerIgnit_3mph0deg7hr_atmRAWS_SpreadRate.asc
NCOLS 100
NROWS 100
XLLCORNER 20000.000000
YLLCORNER 20000.000000
CELLSIZE 30.000000
NODATA_VALUE -9999.0
[rows 64 to 95 of 100, columns 0 to 71 of 100]
-9999.0 -9999.0 -9999.0 -9999.0 -9999.0 -9999.0 -9999.0 -9999.0 -9999.0 -9999.0 -9999.0 -9999.0 -9999.0 -9999.0 -9999.0 -9999.0 -9999.0 -9999.0 -9999.0 01.78 01.82 01.86 01.89 01.94 01.98 02.01 02.05 02.09 02.14 02.19 02.24 02.28 02.33 02.38 02.44 02.51 02.54 02.57 02.59 02.61 02.63 02.67 02.72 02.78 02.86 02.92 02.97 03.02 03.05 03.10 03.05 03.01 02.96 02.91 02.85 02.77 02.70 02.62 02.58 02.54 02.52 02.49 02.47 02.44 02.40 02.34 02.28 02.23 02.18 02.13 02.09 02.05
-9999.0 -9999.0 -9999.0 -9999.0 -9999.0 -9999.0 -9999.0 -9999.0 -9999.0 -9999.0 -9999.0 -9999.0 -9999.0 -9999.0 -9999.0 -9999.0 -9999.0 -9999.0 -9999.0 01.80 01.84 01.87 01.90 01.95 01.99 02.03 02.07 02.11 02.16 02.21 02.25 02.30 02.34 02.40 02.46 02.51 02.54 02.56 02.58 02.60 02.63 02.67 02.75 02.81 02.88 02.94 02.98 03.02 03.06 03.10 03.06 03.01 02.97 02.92 02.87 02.80 02.74 02.66 02.59 02.55 02.52 02.49 02.47 02.44 02.40 02.36 02.30 02.25 02.20 02.14 02.10 02.06
-9999.0 -9999.0 -9999.0 -9999.0 -9999.0 -9999.0 -9999.0 -9999.0 -9999.0 -9999.0 -9999.0 -9999.0 -9999.0 -9999.0 -9999.0 -9999.0 -9999.0 -9999.0 -9999.0 01.81 01.85 01.88 01.92 01.96 02.00 02.04 02.08 02.13 02.18 02.22 02.26 02.31 02.36 02.42 02.47 02.51 02.54 02.56 02.57 02.61 02.64 02.69 02.77 02.83 02.89 02.95 02.99 03.02 03.06 03.09 03.06 03.02 02.97 02.93 02.88 02.82 02.75 02.69 02.61 02.56 02.52 02.49 02.46 02.44 02.41 02.37 02.33 02.27 02.23 02.16 02.11 02.08
-9999.0 -9999.0 -9999.0 -9999.0 -9999.0 -9999.0 -9999.0 -9999.0 -9999.0 -9999.0 -9999.0 -9999.0 -9999.0 -9999.0 -9999.0 -9999.0 -9999.0 -9999.0 -9999.0 -9999.0 01.86 01.89 01.93 01.96 02.01 02.06 02.10 02.15 02.19 02.23 02.28 02.33 02.38 02.44 02.47 02.50 02.53 02.55 02.58 02.60 02.64 02.72 02.78 02.84 02.90 02.94 02.98 03.03 03.06 03.09 03.06 03.02 02.98 02.93 02.88 02.83 02.77 02.71 02.64 02.56 02.53 02.49 02.45 02.43 02.41 02.37 02.34 02.29 02.25 02.20 02.13 02.09
-9999.0 -9999.0 -9999.0 -9999.0 -9999.0 -9999.0 -9999.0 -9999.0 -9999.0 -9999.0 -9999.0 -9999.0 -9999.0 -9999.0 -9999.0 -9999.0 -9999.0 -9999.0 -9999.0 -9999.0 01.87 01.91 01.95 01.98 02.03 02.07 02.12 02.16 02.19 02.24 02.29 02.34 02.40 02.44 02.47 02.50 02.52 02.54 02.57 02.61 02.66 02.73 02.79 02.84 02.90 02.94 02.98 03.02 03.05 03.07 03.05 03.01 02.97 02.93 02.88 02.83 02.78 02.72 02.65 02.60 02.54 02.49 02.45 02.42 02.40 02.38 02.34 02.30 02.26 02.21 02.17 02.11
-9999.0 -9999.0 -9999.0 -9999.0 -9999.0 -9999.0 -9999.0 -9999.0 -9999.0 -9999.0 -9999.0 -9999.0 -9999.0 -9999.0 -9999.0 -9999.0 -9999.0 -9999.0 -9999.0 -9999.0 01.88 01.92 01.96 02.00 02.04 02.09 02.12 02.16 02.20 02.25 02.30 02.35 02.40 02.44 02.47 02.49 02.50 02.54 02.57 02.62 02.68 02.73 02.79 02.85 02.89 02.93 02.97 03.01 03.03 03.06 03.03 03.00 02.96 02.92 02.88 02.84 02.78 02.72 02.68 02.61 02.55 02.50 02.46 02.42 02.39 02.37 02.34 02.30 02.26 02.22 02.18 02.13
-9999.0 -9999.0 -9999.0 -9999.0 -9999.0 -9999.0 -9999.0 -9999.0 -9999.0 -9999.0 -9999.0 -9999.0 -9999.0 -9999.0 -9999.0 -9999.0 -9999.0 -9999.0 -9999.0 -9999.0 -9999.0 01.93 01.97 02.01 02.04 02.09 02.13 02.17 02.21 02.26 02.31 02.36 02.40 02.43 02.46 02.47 02.50 02.53 02.57 02.63 02.70 02.75 02.79 02.84 02.89 02.93 02.96 02.99 03.01 03.04 03.02 02.99 02.96 02.92 02.88 02.83 02.77 02.74 02.68 02.63 02.56 02.50 02.46 02.42 02.39 02.36 02.34 02.30 02.27 02.23 02.19 02.15
-9999.0 -9999.0 -9999.0 -9999.0 -9999.0 -9999.0 -9999.0 -9999.0 -9999.0 -9999.0 -9999.0 -9999.0 -9999.0 -9999.0 -9999.0 -9999.0 -9999.0 -9999.0 -9999.0 -9999.0 -9999.0 01.94 01.97 02.01 02.05 02.09 02.13 02.17 02.24 02.28 02.32 02.36 02.39 02.42 02.44 02.47 02.50 02.54 02.58 02.64 02.70 02.75 02.79 02.83 02.88 02.93 02.95 02.98 03.00 03.02 03.01 02.98 02.95 02.92 02.87 02.83 02.78 02.73 02.68 02.63 02.57 02.51 02.46 02.43 02.39 02.35 02.33 02.30 02.27 02.23 02.20 02.17
-9999.0 -9999.0 -9999.0 -9999.0 -9999.0 -9999.0 -9999.0 -9999.0 -9999.0 -9999.0 -9999.0 -9999.0 -9999.0 -9999.0 -9999.0 -9999.0 -9999.0 -9999.0 -9999.0 -9999.0 -9999.0 01.94 01.98 02.03 02.06 02.09 02.14 02.20 02.25 02.29 02.32 02.36 02.39 02.41 02.43 02.46 02.50 02.54 02.59 02.65 02.70 02.74 02.79 02.83 02.88 02.92 02.94 02.96 02.99 03.01 03.00 02.95 02.93 02.91 02.88 02.83 02.78 02.73 02.68 02.64 02.57 02.51 02.47 02.43 02.39 02.35 02.32 02.29 02.27 02.24 02.20 02.17
-9999.0 -9999.0 -9999.0 -9999.0 -9999.0 -9999.0 -9999.0 -9999.0 -9999.0 -9999.0 -9999.0 -9999.0 -9999.0 -9999.0 -9999.0 -9999.0 -9999.0 -9999.0 -9999.0 -9999.0 -9999.0 -9999.0 02.00 02.03 02.07 02.10 02.15 02.21 02.25 02.29 02.32 02.35 02.38 02.40 02.42 02.46 02.50 02.54 02.60 02.65 02.69 02.74 02.78 02.83 02.87 02.91 02.93 02.96 02.98 02.99 02.98 02.96 02.93 02.90 02.87 02.82 02.77 02.72 02.68 02.65 02.59 02.52 02.48 02.43 02.39 02.35 02.31 02.28 02.26 02.23 02.20 02.16
-9999.0 -9999.0 -9999.0 -9999.0 -9999.0 -9999.0 -9999.0 -9999.0 -9999.0 -9999.0 -9999.0 -9999.0 -9999.0 -9999.0 -9999.0 -9999.0 -9999.0 -9999.0 -9999.0 -9999.0 -9999.0 -9999.0 02.00 02.03 02.07 02.12 02.16 02.21 02.25 02.28 02.32 02.35 02.36 02.39 02.42 02.46 02.50 02.54 02.59 02.64 02.69 02.73 02.77 02.82 02.86 02.89 02.91 02.94 02.96 02.98 02.96 02.94 02.91 02.88 02.85 02.81 02.77 02.72 02.68 02.64 02.61 02.53 02.48 02.43 02.39 02.35 02.31 02.28 02.25 02.23 02.20 02.15
-9999.0 -9999.0 -9999.0 -9999.0 -9999.0 -9999.0 -9999.0 -9999.0 -9999.0 -9999.0 -9999.0 -9999.0 -9999.0 -9999.0 -9999.0 -9999.0 -9999.0 -9999.0 -9999.0 -9999.0 -9999.0 -9999.0 -9999.0 02.03 02.07 02.13 02.17 02.20 02.25 02.28 02.31 02.33 02.35 02.38 02.42 02.45 02.49 02.54 02.60 02.65 02.68 02.72 02.76 02.81 02.84 02.87 02.90 02.92 02.94 02.95 02.94 02.92 02.89 02.87 02.84 02.80 02.76 02.71 02.67 02.64 02.60 02.54 02.48 02.42 02.38 02.34 02.31 02.28 02.24 02.22 02.19 02.15
-9999.0 -9999.0 -9999.0 -9999.0 -9999.0 -9999.0 -9999.0 -9999.0 -9999.0 -9999.0 -9999.0 -9999.0 -9999.0 -9999.0 -9999.0 -9999.0 -9999.0 -9999.0 -9999.0 -9999.0 -9999.0 -9999.0 -9999.0 02.04 02.08 02.14 02.17 02.20 02.23 02.27 02.30 02.32 02.35 02.38 02.41 02.45 02.49 02.54 02.61 02.65 02.68 02.72 02.76 02.80 02.83 02.86 02.88 02.90 02.92 02.93 02.92 02.90 02.88 02.85 02.82 02.79 02.75 02.71 02.67 02.63 02.59 02.55 02.50 02.44 02.37 02.35 02.31 02.27 02.24 02.21 02.17 02.16
-9999.0 -9999.0 -9999.0 -9999.0 -9999.0 -9999.0 -9999.0 -9999.0 -9999.0 -9999.0 -9999.0 -9999.0 -9999.0 -9999.0 -9999.0 -9999.0 -9999.0 -9999.0 -9999.0 -9999.0 -9999.0 -9999.0 -9999.0 -9999.0 02.09 02.14 02.17 02.20 02.23 02.26 02.28 02.31 02.34 02.37 02.40 02.44 02.49 02.54 02.60 02.64 02.67 02.71 02.75 02.78 02.81 02.84 02.86 02.88 02.90 02.91 02.90 02.88 02.86 02.83 02.81 02.78 02.75 02.70 02.66 02.62 02.58 02.54 02.50 02.45 02.38 02.34 02.31 02.27 02.24 02.19 02.17 02.15
-9999.0 -9999.0 -9999.0 -9999.0 -9999.0 -9999.0 -9999.0 -9999.0 -9999.0 -9999.0 -9999.0 -9999.0 -9999.0 -9999.0 -9999.0 -9999.0 -9999.0 -9999.0 -9999.0 -9999.0 -9999.0 -9999.0 -9999.0 -9999.0 02.09 02.13 02.17 02.20 02.22 02.24 02.27 02.30 02.33 02.37 02.40 02.44 02.49 02.55 02.59 02.62 02.66 02.70 02.74 02.77 02.80 02.82 02.84 02.86 02.88 02.89 02.88 02.86 02.84 02.82 02.79 02.77 02.73 02.69 02.66 02.61 02.57 02.54 02.50 02.45 02.40 02.34 02.30 02.27 02.23 02.19 02.16 02.14
-9999.0 -9999.0 -9999.0 -9999.0 -9999.0 -9999.0 -9999.0 -9999.0 -9999.0 -9999.0 -9999.0 -9999.0 -9999.0 -9999.0 -9999.0 -9999.0 -9999.0 -9999.0 -9999.0 -9999.0 -9999.0 -9999.0 -9999.0 -9999.0 -9999.0 02.13 02.16 02.19 02.21 02.23 02.25 02.29 02.33 02.36 02.39 02.45 02.50 02.54 02.58 02.60 02.65 02.69 02.72 02.75 02.78 02.81 02.83 02.85 02.86 02.87 02.86 02.84 02.83 02.80 02.78 02.75 02.71 02.68 02.65 02.61 02.56 02.52 02.49 02.45 02.41 02.35 02.30 02.26 02.22 02.19 02.16 02.13
-9999.0 -9999.0 -9999.0 -9999.0 -9999.0 -9999.0 -9999.0 -9999.0 -9999.0 -9999.0 -9999.0 -9999.0 -9999.0 -9999.0 -9999.0 -9999.0 -9999.0 -9999.0 -9999.0 -9999.0 -9999.0 -9999.0 -9999.0 -9999.0 -9999.0 -9999.0 02.15 02.18 02.20 02.22 02.25 02.27 02.32 02.35 02.40 02.45 02.50 02.53 02.56 02.60 02.65 02.68 02.70 02.73 02.76 02.79 02.81 02.82 02.84 02.85 02.84 02.82 02.80 02.78 02.76 02.73 02.70 02.67 02.64 02.60 02.55 02.52 02.49 02.45 02.41 02.36 02.30 02.25 02.22 02.19 02.16 02.12
-9999.0 -9999.0 -9999.0 -9999.0 -9999.0 -9999.0 -9999.0 -9999.0 -9999.0 -9999.0 -9999.0 -9999.0 -9999.0 -9999.0 -9999.0 -9999.0 -9999.0 -9999.0 -9999.0 -9999.0 -9999.0 -9999.0 -9999.0 -9999.0 -9999.0 -9999.0 -9999.0 02.17 02.19 02.22 02.25 02.27 02.30 02.34 02.40 02.45 02.49 02.52 02.55 02.59 02.63 02.66 02.69 02.72 02.75 02.77 02.79 02.80 02.81 02.82 02.82 02.80 02.78 02.76 02.74 02.72 02.68 02.65 02.62 02.59 02.55 02.51 02.48 02.44 02.40 02.36 02.29 02.25 02.22 02.19 02.15 02.12
-9999.0 -9999.0 -9999.0 -9999.0 -9999.0 -9999.0 -9999.0 -9999.0 -9999.0 -9999.0 -9999.0 -9999.0 -9999.0 -9999.0 -9999.0 -9999.0 -9999.0 -9999.0 -9999.0 -9999.0 -9999.0 -9999.0 -9999.0 -9999.0 -9999.0 -9999.0 -9999.0 02.14 02.18 02.21 02.24 02.27 02.30 02.34 02.40 02.44 02.48 02.51 02.54 02.59 02.62 02.64 02.67 02.70 02.73 02.75 02.77 02.78 02.79 02.80 02.80 02.78 02.76 02.74 02.73 02.70 02.66 02.63 02.61 02.58 02.55 02.50 02.46 02.43 02.40 02.34 02.31 02.26 02.22 02.18 02.15 -9999.0
-9999.0 -9999.0 -9999.0 -9999.0 -9999.0 -9999.0 -9999.0 -9999.0 -9999.0 -9999.0 -9999.0 -9999.0 -9999.0 -9999.0 -9999.0 -9999.0 -9999.0 -9999.0 -9999.0 -9999.0 -9999.0 -9999.0 -9999.0 -9999.0 -9999.0 -9999.0 -9999.0 -9999.0 02.17 02.20 02.23 02.26 02.30 02.34 02.38 02.44 02.47 02.50 02.53 02.58 02.60 02.63 02.66 02.68 02.70 02.72 02.74 02.76 02.77 02.78 02.77 02.76 02.74 02.72 02.70 02.68 02.65 02.63 02.60 02.57 02.53 02.49 02.45 02.42 02.37 02.34 02.31 02.26 02.21 02.18 02.14 -9999.0
-9999.0 -9999.0 -9999.0 -9999.0 -9999.0 -9999.0 -9999.0 -9999.0 -9999.0 -9999.0 -9999.0 -9999.0 -9999.0 -9999.0 -9999.0 -9999.0 -9999.0 -9999.0 -9999.0 -9999.0 -9999.0 -9999.0 -9999.0 -9999.0 -9999.0 -9999.0 -9999.0 -9999.0 -9999.0 02.19 02.22 02.26 02.30 02.35 02.38 02.41 02.45 02.48 02.52 02.56 02.59 02.61 02.64 02.67 02.69 02.71 02.72 02.73 02.74 02.75 02.75 02.73 02.72 02.71 02.69 02.67 02.64 02.61 02.58 02.55 02.52 02.49 02.44 02.40 02.37 02.34 02.30 02.26 02.22 02.17 -9999.0 -9999.0
-9999.0 -9999.0 -9999.0 -9999.0 -9999.0 -9999.0 -9999.0 -9999.0 -9999.0 -9999.0 -9999.0 -9999.0 -9999.0 -9999.0 -9999.0 -9999.0 -9999.0 -9999.0 -9999.0 -9999.0 -9999.0 -9999.0 -9999.0 -9999.0 -9999.0 -9999.0 -9999.0 -9999.0 -9999.0 -9999.0 02.21 02.25 02.30 02.34 02.38 02.41 02.43 02.47 02.51 02.54 02.57 02.60 02.62 02.65 02.67 02.69 02.70 02.72 02.73 02.73 02.73 02.72 02.70 02.69 02.67 02.65 02.62 02.59 02.56 02.54 02.51 02.47 02.42 02.40 02.37 02.33 02.30 02.26 02.21 -9999.0 -9999.0 -9999.0
-9999.0 -9999.0 -9999.0 -9999.0 -9999.0 -9999.0 -9999.0 -9999.0 -9999.0 -9999.0 -9999.0 -9999.0 -9999.0 -9999.0 -9999.0 -9999.0 -9999.0 -9999.0 -9999.0 -9999.0 -9999.0 -9999.0 -9999.0 -9999.0 -9999.0 -9999.0 -9999.0 -9999.0 -9999.0 -9999.0 -9999.0 02.25 02.30 02.33 02.37 02.40 02.42 02.45 02.49 02.53 02.55 02.58 02.60 02.63 02.65 02.67 02.68 02.69 02.70 02.71 02.71 02.69 02.68 02.66 02.65 02.63 02.60 02.57 02.55 02.52 02.48 02.46 02.42 02.39 02.35 02.32 02.29 02.25 -9999.0 -9999.0 -9999.0 -9999.0
-9999.0 -9999.0 -9999.0 -9999.0 -9999.0 -9999.0 -9999.0 -9999.0 -9999.0 -9999.0 -9999.0 -9999.0 -9999.0 -9999.0 -9999.0 -9999.0 -9999.0 -9999.0 -9999.0 -9999.0 -9999.0 -9999.0 -9999.0 -9999.0 -9999.0 -9999.0 -9999.0 -9999.0 -9999.0 -9999.0 -9999.0 -9999.0 02.29 02.32 02.36 02.38 02.41 02.45 02.48 02.50 02.52 02.56 02.58 02.61 02.63 02.64 02.66 02.67 02.68 02.69 02.68 02.67 02.66 02.64 02.63 02.61 02.58 02.56 02.51 02.49 02.47 02.45 02.41 02.37 02.34 02.31 02.28 -9999.0 -9999.0 -9999.0 -9999.0 -9999.0
-9999.0 -9999.0 -9999.0 -9999.0 -9999.0 -9999.0 -9999.0 -9999.0 -9999.0 -9999.0 -9999.0 -9999.0 -9999.0 -9999.0 -9999.0 -9999.0 -9999.0 -9999.0 -9999.0 -9999.0 -9999.0 -9999.0 -9999.0 -9999.0 -9999.0 -9999.0 -9999.0 -9999.0 -9999.0 -9999.0 -9999.0 -9999.0 -9999.0 02.31 02.34 02.37 02.40 02.43 02.47 02.49 02.52 02.53 02.55 02.58 02.61 02.62 02.64 02.65 02.65 02.66 02.66 02.65 02.64 02.62 02.60 02.58 02.55 02.53 02.51 02.49 02.46 02.44 02.40 02.36 02.33 02.30 -9999.0 -9999.0 -9999.0 -9999.0 -9999.0 -9999.0
-9999.0 -9999.0 -9999.0 -9999.0 -9999.0 -9999.0 -9999.0 -9999.0 -9999.0 -9999.0 -9999.0 -9999.0 -9999.0 -9999.0 -9999.0 -9999.0 -9999.0 -9999.0 -9999.0 -9999.0 -9999.0 -9999.0 -9999.0 -9999.0 -9999.0 -9999.0 -9999.0 -9999.0 -9999.0 -9999.0 -9999.0 -9999.0 -9999.0 -9999.0 02.30 02.35 02.38 02.42 02.46 02.48 02.50 02.52 02.54 02.56 02.58 02.59 02.60 02.61 02.62 02.63 02.63 02.61 02.60 02.59 02.57 02.56 02.54 02.52 02.49 02.47 02.45 02.42 02.39 02.35 -9999.0 -9999.0 -9999.0 -9999.0 -9999.0 -9999.0 -9999.0 -9999.0
-9999.0 -9999.0 -9999.0 -9999.0 -9999.0 -9999.0 -9999.0 -9999.0 -9999.0 -9999.0 -9999.0 -9999.0 -9999.0 -9999.0 -9999.0 -9999.0 -9999.0 -9999.0 -9999.0 -9999.0 -9999.0 -9999.0 -9999.0 -9999.0 -9999.0 -9999.0 -9999.0 -9999.0 -9999.0 -9999.0 -9999.0 -9999.0 -9999.0 -9999.0 -9999.0 -9999.0 02.37 02.40 02.44 02.46 02.48 02.50 02.53 02.54 02.56 02.58 02.59 02.60 02.60 02.61 02.61 02.60 02.59 02.57 02.56 02.54 02.52 02.50 02.48 02.45 02.43 02.40 02.38 -9999.0 -9999.0 -9999.0 -9999.0 -9999.0 -9999.0 -9999.0 -9999.0 -9999.0
-9999.0 -9999.0 -9999.0 -9999.0 -9999.0 -9999.0 -9999.0 -9999.0 -9999.0 -9999.0 -9999.0 -9999.0 -9999.0 -9999.0 -9999.0 -9999.0 -9999.0 -9999.0 -9999.0 -9999.0 -9999.0 -9999.0 -9999.0 -9999.0 -9999.0 -9999.0 -9999.0 -9999.0 -9999.0 -9999.0 -9999.0 -9999.0 -9999.0 -9999.0 -9999.0 -9999.0 -9999.0 -9999.0 02.42 02.44 02.46 02.48 02.51 02.52 02.54 02.56 02.57 02.58 02.58 02.59 02.59 02.58 02.57 02.55 02.54 02.52 02.50 02.48 02.46 02.43 02.41 -9999.0 -9999.0 -9999.0 -9999.0 -9999.0 -9999.0 -9999.0 -9999.0 -9999.0 -9999.0 -9999.0
-9999.0 -9999.0 -9999.0 -9999.0 -9999.0 -9999.0 -9999.0 -9999.0 -9999.0 -9999.0 -9999.0 -9999.0 -9999.0 -9999.0 -9999.0 -9999.0 -9999.0 -9999.0 -9999.0 -9999.0 -9999.0 -9999.0 -9999.0 -9999.0 -9999.0 -9999.0 -9999.0 -9999.0 -9999.0 -9999.0 -9999.0 -9999.0 -9999.0 -9999.0 -9999.0 -9999.0 -9999.0 -9999.0 -9999.0 -9999.0 02.44 02.46 02.48 02.50 02.52 02.53 02.55 02.55 02.56 02.57 02.57 02.55 02.54 02.53 02.52 02.50 02.48 02.46 02.44 -9999.0 -9999.0 -9999.0 -9999.0 -9999.0 -9999.0 -9999.0 -9999.0 -9999.0 -9999.0 -9999.0 -9999.0 -9999.0
-9999.0 -9999.0 -9999.0 -9999.0 -9999.0 -9999.0 -9999.0 -9999.0 -9999.0 -9999.0 -9999.0 -9999.0 -9999.0 -9999.0 -9999.0 -9999.0 -9999.0 -9999.0 -9999.0 -9999.0 -9999.0 -9999.0 -9999.0 -9999.0 -9999.0 -9999.0 -9999.0 -9999.0 -9999.0 -9999.0 -9999.0 -9999.0 -9999.0 -9999.0 -9999.0 -9999.0 -9999.0 -9999.0 -9999.0 -9999.0 -9999.0 -9999.0 02.44 02.48 02.50 02.51 02.52 02.53 02.54 02.54 02.54 02.53 02.52 02.51 02.50 02.48 02.45 -9999.0 -9999.0 -9999.0 -9999.0 -9999.0 -9999.0 -9999.0 -9999.0 -9999.0 -9999.0 -9999.0 -9999.0 -9999.0 -9999.0 -9999.0
-9999.0 -9999.0 -9999.0 -9999.0 -9999.0 -9999.0 -9999.0 -9999.0 -9999.0 -9999.0 -9999.0 -9999.0 -9999.0 -9999.0 -9999.0 -9999.0 -9999.0 -9999.0 -9999.0 -9999.0 -9999.0 -9999.0 -9999.0 -9999.0 -9999.0 -9999.0 -9999.0 -9999.0 -9999.0 -9999.0 -9999.0 -9999.0 -9999.0 -9999.0 -9999.0 -9999.0 -9999.0 -9999.0 -9999.0 -9999.0 -9999.0 -9999.0 -9999.0 -9999.0 -9999.0 -9999.0 02.47 02.50 02.51 02.52 02.52 02.51 02.48 -9999.0 -9999.0 -9999.0 -9999.0 -9999.0 -9999.0 -9999.0 -9999.0 -9999.0 -9999.0 -9999.0 -9999.0 -9999.0 -9999.0 -9999.0 -9999.0 -9999.0 -9999.0 -9999.0
-9999.0 -9999.0 -9999.0 -9999.0 -9999.0 -9999.0 -9999.0 -9999.0 -9999.0 -9999.0 -9999.0 -9999.0 -9999.0 -9999.0 -9999.0 -9999.0 -9999.0 -9999.0 -9999.0 -9999.0 -9999.0 -9999.0 -9999.0 -9999.0 -9999.0 -9999.0 -9999.0 -9999.0 -9999.0 -9999.0 -9999.0 -9999.0 -9999.0 -9999.0 -9999.0 -9999.0 -9999.0 -9999.0 -9999.0 -9999.0 -9999.0 -9999.0 -9999.0 -9999.0 -9999.0 -9999.0 -9999.0 -9999.0 -9999.0 -9999.0 -9999.0 -9999.0 -9999.0 -9999.0 -9999.0 -9999.0 -9999.0 -9999.0 -9999.0 -9999.0 -9999.0 -9999.0 -9999.0 -9999.0 -9999.0 -9999.0 -9999.0 -9999.0 -9999.0 -9999.0 -9999.0 -9999.0
