examples/flatland/Outputs/centerIgnit/c_atmRAWS/singleWinds/flatland_centerIgnit_3mph0deg7hr_atmRAWS/flatland_centerIgnit_3mph0deg7hr_atmRAWS_ArrivalTime.asc
NCOLS 100
NROWS 100
XLLCORNER 20000.000000
YLLCORNER 20000.000000
CELLSIZE 30.000000
NODATA_VALUE -9999.0
[rows 28 to 55 of 100, columns 0 to 61 of 100]
-9999.0 -9999.0 -9999.0 -9999.0 -9999.0 -9999.0 -9999.0 -9999.0 -9999.0 -9999.0 -9999.0 -9999.0 -9999.0 -9999.0 -9999.0 -9999.0 -9999.0 -9999.0 -9999.0 -9999.0 -9999.0 -9999.0 -9999.0 -9999.0 -9999.0 -9999.0 -9999.0 -9999.0 -9999.0 -9999.0 -9999.0 -9999.0 -9999.0 -9999.0 -9999.0 -9999.0 -9999.0 -9999.0 -9999.0 -9999.0 00415.804 00406.113 00398.228 00390.491 00384.183 00378.523 00373.878 00369.459 00370.830 00372.895 00375.911 00379.648 00384.897 00390.519 00397.784 00405.416 00413.287 -9999.0 -9999.0 -9999.0 -9999.0 -9999.0
-9999.0 -9999.0 -9999.0 -9999.0 -9999.0 -9999.0 -9999.0 -9999.0 -9999.0 -9999.0 -9999.0 -9999.0 -9999.0 -9999.0 -9999.0 -9999.0 -9999.0 -9999.0 -9999.0 -9999.0 -9999.0 -9999.0 -9999.0 -9999.0 -9999.0 -9999.0 -9999.0 -9999.0 -9999.0 -9999.0 -9999.0 -9999.0 -9999.0 -9999.0 -9999.0 -9999.0 -9999.0 -9999.0 00411.318 00400.713 00390.718 00381.212 00372.600 00365.023 00358.204 00352.369 00347.734 00343.167 00344.271 00346.352 00349.485 00353.544 00358.689 00364.855 00372.032 00379.630 00388.583 00398.751 00409.270 -9999.0 -9999.0 -9999.0
-9999.0 -9999.0 -9999.0 -9999.0 -9999.0 -9999.0 -9999.0 -9999.0 -9999.0 -9999.0 -9999.0 -9999.0 -9999.0 -9999.0 -9999.0 -9999.0 -9999.0 -9999.0 -9999.0 -9999.0 -9999.0 -9999.0 -9999.0 -9999.0 -9999.0 -9999.0 -9999.0 -9999.0 -9999.0 -9999.0 -9999.0 -9999.0 -9999.0 -9999.0 -9999.0 -9999.0 00412.990 00400.267 00388.068 00376.132 00366.353 00356.791 00347.520 00340.052 00332.757 00327.060 00322.085 00317.468 00318.202 00320.381 00323.619 00328.006 00333.029 00339.714 00346.900 00354.436 00364.375 00374.361 00385.206 00396.189 00408.573 -9999.0
-9999.0 -9999.0 -9999.0 -9999.0 -9999.0 -9999.0 -9999.0 -9999.0 -9999.0 -9999.0 -9999.0 -9999.0 -9999.0 -9999.0 -9999.0 -9999.0 -9999.0 -9999.0 -9999.0 -9999.0 -9999.0 -9999.0 -9999.0 -9999.0 -9999.0 -9999.0 -9999.0 -9999.0 -9999.0 -9999.0 -9999.0 -9999.0 -9999.0 -9999.0 00417.839 00403.377 00390.355 00377.514 00365.261 00353.357 00342.392 00332.929 00323.775 00315.593 00308.352 00302.248 00297.013 00292.292 00292.644 00295.071 00298.280 00302.978 00308.228 00315.113 00322.236 00330.893 00340.634 00350.901 00361.573 00373.132 00386.367 00399.839
-9999.0 -9999.0 -9999.0 -9999.0 -9999.0 -9999.0 -9999.0 -9999.0 -9999.0 -9999.0 -9999.0 -9999.0 -9999.0 -9999.0 -9999.0 -9999.0 -9999.0 -9999.0 -9999.0 -9999.0 -9999.0 -9999.0 -9999.0 -9999.0 -9999.0 -9999.0 -9999.0 -9999.0 -9999.0 -9999.0 -9999.0 -9999.0 -9999.0 00412.512 00397.243 00382.253 00368.110 00355.466 00342.997 00331.187 00319.609 00309.609 00300.503 00291.583 00284.476 00277.881 00272.482 00267.642 00267.596 00270.273 00273.579 00278.408 00284.205 00291.040 00298.288 00307.806 00317.552 00327.906 00338.624 00351.556 00364.687 00378.071
-9999.0 -9999.0 -9999.0 -9999.0 -9999.0 -9999.0 -9999.0 -9999.0 -9999.0 -9999.0 -9999.0 -9999.0 -9999.0 -9999.0 -9999.0 -9999.0 -9999.0 -9999.0 -9999.0 -9999.0 -9999.0 -9999.0 -9999.0 -9999.0 -9999.0 -9999.0 -9999.0 -9999.0 -9999.0 -9999.0 -9999.0 -9999.0 00408.242 00392.371 00377.175 00362.257 00347.623 00333.813 00321.562 00309.453 00298.036 00286.725 00277.683 00268.853 00261.015 00254.083 00248.624 00243.519 00243.043 00245.944 00249.549 00254.285 00260.632 00267.363 00275.765 00285.132 00295.134 00305.308 00317.702 00330.489 00343.486 00357.388
-9999.0 -9999.0 -9999.0 -9999.0 -9999.0 -9999.0 -9999.0 -9999.0 -9999.0 -9999.0 -9999.0 -9999.0 -9999.0 -9999.0 -9999.0 -9999.0 -9999.0 -9999.0 -9999.0 -9999.0 -9999.0 -9999.0 -9999.0 -9999.0 -9999.0 -9999.0 -9999.0 -9999.0 -9999.0 -9999.0 -9999.0 00405.651 00389.260 00373.300 00357.567 00342.788 00328.236 00313.957 00300.469 00288.555 00276.830 00265.687 00255.227 00246.552 00237.974 00231.155 00225.193 00219.858 00218.879 00221.987 00225.948 00230.929 00237.491 00244.447 00253.637 00263.165 00273.053 00284.700 00297.222 00309.872 00323.433 00337.293
-9999.0 -9999.0 -9999.0 -9999.0 -9999.0 -9999.0 -9999.0 -9999.0 -9999.0 -9999.0 -9999.0 -9999.0 -9999.0 -9999.0 -9999.0 -9999.0 -9999.0 -9999.0 -9999.0 -9999.0 -9999.0 -9999.0 -9999.0 -9999.0 -9999.0 -9999.0 -9999.0 -9999.0 -9999.0 -9999.0 00403.861 00387.296 00370.959 00354.853 00339.302 00323.962 00309.355 00295.146 00281.156 00267.944 00256.343 00245.011 00234.079 00224.602 00216.124 00208.578 00202.120 00196.619 00195.067 00198.418 00202.703 00208.257 00214.704 00222.828 00231.992 00241.578 00252.499 00264.757 00277.112 00290.373 00303.901 00317.745
-9999.0 -9999.0 -9999.0 -9999.0 -9999.0 -9999.0 -9999.0 -9999.0 -9999.0 -9999.0 -9999.0 -9999.0 -9999.0 -9999.0 -9999.0 -9999.0 -9999.0 -9999.0 -9999.0 -9999.0 -9999.0 -9999.0 -9999.0 -9999.0 -9999.0 -9999.0 -9999.0 -9999.0 -9999.0 00405.930 00387.782 00369.843 00353.027 00337.164 00321.522 00306.235 00291.275 00276.757 00262.898 00249.178 00236.172 00224.894 00213.892 00203.120 00194.626 00186.353 00179.815 00173.870 00171.654 00175.407 00179.836 00185.939 00192.601 00201.586 00210.827 00221.055 00233.064 00245.151 00258.115 00271.283 00284.720 00299.654
-9999.0 -9999.0 -9999.0 -9999.0 -9999.0 -9999.0 -9999.0 -9999.0 -9999.0 -9999.0 -9999.0 -9999.0 -9999.0 -9999.0 -9999.0 -9999.0 -9999.0 -9999.0 -9999.0 -9999.0 -9999.0 -9999.0 -9999.0 -9999.0 -9999.0 -9999.0 -9999.0 -9999.0 00409.169 00390.787 00372.684 00354.968 00337.497 00320.210 00304.237 00289.015 00274.004 00259.379 00244.947 00231.400 00217.969 00205.082 00194.134 00183.419 00173.438 00165.266 00157.978 00151.615 00148.554 00152.910 00157.704 00163.913 00171.832 00180.792 00190.281 00202.060 00213.916 00226.605 00239.434 00252.641 00267.947 00283.408
-9999.0 -9999.0 -9999.0 -9999.0 -9999.0 -9999.0 -9999.0 -9999.0 -9999.0 -9999.0 -9999.0 -9999.0 -9999.0 -9999.0 -9999.0 -9999.0 -9999.0 -9999.0 -9999.0 -9999.0 -9999.0 -9999.0 -9999.0 -9999.0 -9999.0 -9999.0 -9999.0 00413.424 00394.681 00376.254 00358.223 00340.578 00323.176 00306.083 00289.192 00272.444 00257.215 00242.597 00228.256 00214.111 00200.589 00187.431 00174.655 00164.022 00153.469 00144.369 00136.369 00129.642 00125.617 00130.482 00135.981 00142.501 00151.323 00160.191 00171.722 00183.386 00195.748 00208.264 00221.975 00237.007 00252.130 00267.544
-9999.0 -9999.0 -9999.0 -9999.0 -9999.0 -9999.0 -9999.0 -9999.0 -9999.0 -9999.0 -9999.0 -9999.0 -9999.0 -9999.0 -9999.0 -9999.0 -9999.0 -9999.0 -9999.0 -9999.0 -9999.0 -9999.0 -9999.0 -9999.0 -9999.0 -9999.0 00418.532 00399.360 00380.771 00362.525 00344.526 00326.825 00309.359 00292.321 00275.567 00259.013 00242.650 00226.449 00211.737 00197.733 00183.917 00170.450 00157.474 00144.798 00134.356 00123.983 00115.771 00108.171 00102.873 00108.533 00114.455 00122.305 00131.025 00141.838 00153.416 00165.519 00177.745 00192.003 00206.767 00221.678 00236.884 00252.245
-9999.0 -9999.0 -9999.0 -9999.0 -9999.0 -9999.0 -9999.0 -9999.0 -9999.0 -9999.0 -9999.0 -9999.0 -9999.0 -9999.0 -9999.0 -9999.0 -9999.0 -9999.0 -9999.0 -9999.0 -9999.0 -9999.0 -9999.0 -9999.0 -9999.0 -9999.0 00405.596 00386.633 00367.941 00349.508 00331.352 00313.626 00296.335 00279.270 00262.419 00245.802 00229.593 00213.546 00197.618 00181.815 00167.776 00154.229 00140.831 00127.977 00115.408 00105.095 00095.205 00087.056 00080.110 00086.822 00093.566 00102.219 00112.379 00123.899 00135.708 00148.163 00162.713 00177.271 00191.989 00206.873 00222.295 00237.956
-9999.0 -9999.0 -9999.0 -9999.0 -9999.0 -9999.0 -9999.0 -9999.0 -9999.0 -9999.0 -9999.0 -9999.0 -9999.0 -9999.0 -9999.0 -9999.0 -9999.0 -9999.0 -9999.0 -9999.0 -9999.0 -9999.0 -9999.0 -9999.0 -9999.0 00412.156 00393.009 00374.170 00355.578 00337.302 00319.330 00301.615 00284.119 00266.857 00249.834 00233.371 00217.087 00200.983 00185.111 00169.471 00153.892 00138.330 00124.909 00111.755 00098.868 00086.218 00075.991 00066.392 00057.362 00065.370 00073.553 00083.125 00094.608 00106.154 00119.626 00133.965 00148.375 00162.878 00177.868 00193.046 00208.399 00223.945
-9999.0 -9999.0 -9999.0 -9999.0 -9999.0 -9999.0 -9999.0 -9999.0 -9999.0 -9999.0 -9999.0 -9999.0 -9999.0 -9999.0 -9999.0 -9999.0 -9999.0 -9999.0 -9999.0 -9999.0 -9999.0 -9999.0 -9999.0 -9999.0 00418.934 00399.647 00380.654 00361.949 00343.547 00325.442 00307.591 00289.975 00272.585 00255.437 00238.551 00221.856 00205.354 00189.031 00173.147 00157.494 00141.979 00126.571 00111.218 00095.833 00082.648 00069.842 00057.170 00046.935 00035.225 00044.899 00054.074 00065.395 00076.958 00091.326 00105.642 00119.921 00134.592 00149.424 00164.395 00179.480 00194.704 00210.086
-9999.0 -9999.0 -9999.0 -9999.0 -9999.0 -9999.0 -9999.0 -9999.0 -9999.0 -9999.0 -9999.0 -9999.0 -9999.0 -9999.0 -9999.0 -9999.0 -9999.0 -9999.0 -9999.0 -9999.0 -9999.0 -9999.0 -9999.0 -9999.0 00406.762 00387.459 00368.551 00350.008 00331.750 00313.773 00296.038 00278.544 00261.297 00244.306 00227.509 00210.898 00194.495 00178.274 00162.236 00146.319 00130.529 00114.973 00099.680 00084.364 00069.006 00053.614 00041.071 00028.846 00014.881 00025.690 00036.575 00048.997 00063.281 00077.568 00092.123 00106.754 00121.437 00136.186 00151.052 00166.041 00181.167 00196.433
-9999.0 -9999.0 -9999.0 -9999.0 -9999.0 -9999.0 -9999.0 -9999.0 -9999.0 -9999.0 -9999.0 -9999.0 -9999.0 -9999.0 -9999.0 -9999.0 -9999.0 -9999.0 -9999.0 -9999.0 -9999.0 -9999.0 -9999.0 00414.906 00395.451 00376.323 00357.446 00338.882 00320.580 00302.555 00284.755 00267.339 00250.209 00233.321 00216.623 00200.109 00183.835 00167.713 00151.730 00135.880 00120.161 00104.516 00088.926 00073.384 00057.893 00042.751 00027.709 00012.766 0.0 00000.000 00021.845 00035.855 00050.109 00064.559 00079.112 00093.714 00108.356 00123.050 00137.824 00152.734 00168.101 00183.598
-9999.0 -9999.0 -9999.0 -9999.0 -9999.0 -9999.0 -9999.0 -9999.0 -9999.0 -9999.0 -9999.0 -9999.0 -9999.0 -9999.0 -9999.0 -9999.0 -9999.0 -9999.0 -9999.0 -9999.0 -9999.0 -9999.0 -9999.0 00404.128 00384.755 00365.684 00346.875 00328.368 00310.126 00292.147 00274.496 00257.077 00239.888 00222.910 00206.125 00189.531 00173.313 00157.253 00141.332 00125.557 00109.888 00094.275 00078.709 00063.197 00047.821 00032.653 00017.709 00000.000 0.0 0.0 00000.000 00023.306 00037.403 00051.675 00066.148 00080.710 00095.323 00110.120 00125.160 00140.297 00155.586 00171.015
-9999.0 -9999.0 -9999.0 -9999.0 -9999.0 -9999.0 -9999.0 -9999.0 -9999.0 -9999.0 -9999.0 -9999.0 -9999.0 -9999.0 -9999.0 -9999.0 -9999.0 -9999.0 -9999.0 -9999.0 -9999.0 -9999.0 00413.206 00393.611 00374.348 00355.352 00336.696 00318.322 00300.211 00282.341 00264.723 00247.333 00230.172 00213.231 00196.503 00179.994 00163.682 00147.488 00131.438 00115.524 00099.678 00084.067 00068.527 00053.075 00037.847 00022.820 00000.000 0.0 0.0 0.0 0.0 00000.000 00024.835 00038.956 00053.250 00067.933 00082.798 00097.760 00112.814 00128.372 00144.526 00160.768
-9999.0 -9999.0 -9999.0 -9999.0 -9999.0 -9999.0 -9999.0 -9999.0 -9999.0 -9999.0 -9999.0 -9999.0 -9999.0 -9999.0 -9999.0 -9999.0 -9999.0 -9999.0 -9999.0 -9999.0 -9999.0 -9999.0 00404.826 00385.233 00365.942 00346.922 00328.201 00309.741 00291.538 00273.574 00255.866 00238.395 00221.129 00204.076 00187.222 00170.602 00154.265 00138.121 00122.131 00106.195 00090.313 00074.503 00058.773 00043.257 00028.015 00013.078 0.0 0.0 0.0 0.0 0.0 0.0 00000.000 00026.469 00040.836 00055.763 00071.625 00087.537 00103.486 00119.471 00135.497 00151.664
-9999.0 -9999.0 -9999.0 -9999.0 -9999.0 -9999.0 -9999.0 -9999.0 -9999.0 -9999.0 -9999.0 -9999.0 -9999.0 -9999.0 -9999.0 -9999.0 -9999.0 -9999.0 -9999.0 -9999.0 -9999.0 00416.757 00396.978 00377.525 00358.340 00339.473 00320.880 00302.575 00284.502 00266.677 00249.079 00231.719 00214.568 00197.614 00180.872 00164.292 00147.839 00131.532 00115.340 00099.199 00083.112 00067.073 00051.135 00035.437 00019.610 00000.000 0.0 0.0 0.0 0.0 0.0 0.0 00000.000 00015.674 00031.704 00047.278 00062.982 00078.830 00094.876 00111.002 00127.180 00143.450
-9999.0 -9999.0 -9999.0 -9999.0 -9999.0 -9999.0 -9999.0 -9999.0 -9999.0 -9999.0 -9999.0 -9999.0 -9999.0 -9999.0 -9999.0 -9999.0 -9999.0 -9999.0 -9999.0 -9999.0 -9999.0 00409.223 00389.599 00370.271 00351.235 00332.490 00314.041 00295.841 00277.892 00260.169 00242.707 00225.452 00208.392 00191.534 00174.875 00158.349 00141.965 00125.715 00109.551 00093.464 00077.572 00061.769 00045.951 00029.880 00012.998 00000.000 0.0 0.0 0.0 0.0 0.0 0.0 0.0 00010.012 00022.303 00039.438 00055.970 00072.369 00088.388 00104.473 00120.602 00136.804
-9999.0 -9999.0 -9999.0 -9999.0 -9999.0 -9999.0 -9999.0 -9999.0 -9999.0 -9999.0 -9999.0 -9999.0 -9999.0 -9999.0 -9999.0 -9999.0 -9999.0 -9999.0 -9999.0 -9999.0 -9999.0 00402.454 00382.930 00363.719 00344.764 00326.128 00307.755 00289.632 00271.743 00254.113 00236.713 00219.647 00202.856 00186.277 00169.869 00153.609 00137.483 00121.498 00105.582 00089.726 00073.942 00057.789 00041.161 00029.810 00019.053 00009.371 00000.000 0.0 0.0 0.0 0.0 0.0 00000.000 00015.081 00026.717 00039.040 00051.882 00065.736 00082.513 00098.978 00115.203 00131.327
-9999.0 -9999.0 -9999.0 -9999.0 -9999.0 -9999.0 -9999.0 -9999.0 -9999.0 -9999.0 -9999.0 -9999.0 -9999.0 -9999.0 -9999.0 -9999.0 -9999.0 -9999.0 -9999.0 -9999.0 00415.559 00395.856 00376.636 00357.675 00339.029 00320.645 00302.546 00284.681 00267.068 00249.692 00232.565 00215.649 00198.913 00182.390 00166.025 00149.795 00133.979 00118.317 00102.567 00086.645 00070.370 00057.970 00046.303 00035.226 00024.624 00016.005 00007.650 0.0 0.0 0.0 0.0 00000.000 00011.432 00020.654 00030.971 00042.902 00055.347 00068.444 00081.839 00095.503 00110.203 00126.783
-9999.0 -9999.0 -9999.0 -9999.0 -9999.0 -9999.0 -9999.0 -9999.0 -9999.0 -9999.0 -9999.0 -9999.0 -9999.0 -9999.0 -9999.0 -9999.0 -9999.0 -9999.0 -9999.0 -9999.0 00410.491 00391.037 00371.880 00353.012 00334.439 00316.188 00298.204 00280.454 00262.934 00245.651 00228.568 00211.888 00195.501 00179.301 00163.263 00147.357 00131.639 00115.934 00099.891 00086.899 00074.647 00062.670 00051.222 00040.456 00031.194 00022.684 00014.278 00000.000 0.0 0.0 0.0 00008.335 00017.508 00026.758 00036.212 00046.894 00058.868 00071.497 00084.580 00097.968 00111.680 00125.581
-9999.0 -9999.0 -9999.0 -9999.0 -9999.0 -9999.0 -9999.0 -9999.0 -9999.0 -9999.0 -9999.0 -9999.0 -9999.0 -9999.0 -9999.0 -9999.0 -9999.0 -9999.0 -9999.0 -9999.0 00405.709 00386.416 00367.407 00348.665 00330.216 00312.025 00294.135 00276.742 00259.562 00242.627 00225.890 00209.336 00192.989 00177.085 00161.269 00145.456 00129.566 00116.115 00103.443 00091.036 00079.055 00067.352 00056.474 00046.646 00037.937 00029.411 00020.952 00012.560 00000.000 0.0 00000.000 00014.393 00023.615 00032.919 00042.305 00052.015 00062.970 00075.045 00087.507 00100.570 00113.894 00127.625
-9999.0 -9999.0 -9999.0 -9999.0 -9999.0 -9999.0 -9999.0 -9999.0 -9999.0 -9999.0 -9999.0 -9999.0 -9999.0 -9999.0 -9999.0 -9999.0 -9999.0 -9999.0 -9999.0 -9999.0 00401.294 00382.048 00363.336 00344.938 00326.853 00309.016 00291.420 00274.057 00256.924 00240.130 00223.720 00207.494 00191.461 00175.585 00159.616 00145.640 00132.640 00119.913 00107.320 00095.314 00083.586 00072.683 00062.348 00053.423 00044.753 00036.175 00027.663 00019.235 00011.140 00000.000 00011.698 00020.518 00029.770 00039.129 00048.569 00058.148 00068.076 00079.200 00091.288 00103.534 00116.630 00129.742
-9999.0 -9999.0 -9999.0 -9999.0 -9999.0 -9999.0 -9999.0 -9999.0 -9999.0 -9999.0 -9999.0 -9999.0 -9999.0 -9999.0 -9999.0 -9999.0 -9999.0 -9999.0 -9999.0 00417.109 00397.918 00379.035 00360.428 00342.109 00324.058 00306.272 00288.984 00271.945 00255.147 00238.561 00222.310 00206.198 00190.127 00175.690 00162.274 00149.086 00136.253 00123.594 00111.629 00099.870 00088.953 00078.226 00069.187 00060.316 00051.611 00042.975 00034.412 00026.080 00019.348 00012.611 00019.719 00026.881 00035.954 00045.365 00054.858 00064.440 00074.213 00084.244 00095.488 00107.588 00119.690 00132.755
