examples/flatland/Outputs/centerIgnit/c_atmRAWS/singleWinds/flatland_centerIgnit_3mph0deg7hr_atmRAWS/flatland_centerIgnit_3mph0deg7hr_atmRAWS_ReactionIntensity.asc
NCOLS 100
NROWS 100
XLLCORNER 20000.000000
YLLCORNER 20000.000000
CELLSIZE 30.000000
NODATA_VALUE -9999.0
[rows 28 to 55 of 100, columns 0 to 61 of 100]
-9999.0 -9999.0 -9999.0 -9999.0 -9999.0 -9999.0 -9999.0 -9999.0 -9999.0 -9999.0 -9999.0 -9999.0 -9999.0 -9999.0 -9999.0 -9999.0 -9999.0 -9999.0 -9999.0 -9999.0 -9999.0 -9999.0 -9999.0 -9999.0 -9999.0 -9999.0 -9999.0 -9999.0 -9999.0 -9999.0 -9999.0 -9999.0 -9999.0 -9999.0 -9999.0 -9999.0 -9999.0 -9999.0 -9999.0 -9999.0 00152.391 00153.028 00153.492 00153.920 00154.251 00154.525 00154.746 00154.897 00154.870 00154.791 00154.649 00154.472 00154.214 00153.919 00153.519 00153.069 00152.558 -9999.0 -9999.0 -9999.0 -9999.0 -9999.0
-9999.0 -9999.0 -9999.0 -9999.0 -9999.0 -9999.0 -9999.0 -9999.0 -9999.0 -9999.0 -9999.0 -9999.0 -9999.0 -9999.0 -9999.0 -9999.0 -9999.0 -9999.0 -9999.0 -9999.0 -9999.0 -9999.0 -9999.0 -9999.0 -9999.0 -9999.0 -9999.0 -9999.0 -9999.0 -9999.0 -9999.0 -9999.0 -9999.0 -9999.0 -9999.0 -9999.0 -9999.0 -9999.0 00152.688 00153.347 00153.909 00154.398 00154.805 00154.982 00155.313 00155.785 00155.993 00156.195 00156.147 00156.054 00155.915 00155.732 00155.250 00154.986 00154.831 00154.473 00154.021 00153.462 00152.823 -9999.0 -9999.0 -9999.0
-9999.0 -9999.0 -9999.0 -9999.0 -9999.0 -9999.0 -9999.0 -9999.0 -9999.0 -9999.0 -9999.0 -9999.0 -9999.0 -9999.0 -9999.0 -9999.0 -9999.0 -9999.0 -9999.0 -9999.0 -9999.0 -9999.0 -9999.0 -9999.0 -9999.0 -9999.0 -9999.0 -9999.0 -9999.0 -9999.0 -9999.0 -9999.0 -9999.0 -9999.0 -9999.0 -9999.0 00152.577 00153.373 00154.048 00154.639 00154.957 00155.496 00156.003 00156.329 00156.640 00156.883 00157.092 00157.295 00157.263 00157.168 00157.028 00156.843 00156.629 00156.344 00156.031 00155.692 00154.995 00154.722 00154.198 00153.613 00152.869 -9999.0
-9999.0 -9999.0 -9999.0 -9999.0 -9999.0 -9999.0 -9999.0 -9999.0 -9999.0 -9999.0 -9999.0 -9999.0 -9999.0 -9999.0 -9999.0 -9999.0 -9999.0 -9999.0 -9999.0 -9999.0 -9999.0 -9999.0 -9999.0 -9999.0 -9999.0 -9999.0 -9999.0 -9999.0 -9999.0 -9999.0 -9999.0 -9999.0 -9999.0 -9999.0 00152.255 00153.191 00153.929 00154.573 00154.978 00155.741 00156.229 00156.633 00157.022 00157.375 00157.639 00157.787 00158.035 00158.320 00158.304 00158.159 00157.952 00157.769 00157.642 00157.396 00157.086 00156.720 00156.304 00155.851 00155.049 00154.780 00154.138 00153.398
-9999.0 -9999.0 -9999.0 -9999.0 -9999.0 -9999.0 -9999.0 -9999.0 -9999.0 -9999.0 -9999.0 -9999.0 -9999.0 -9999.0 -9999.0 -9999.0 -9999.0 -9999.0 -9999.0 -9999.0 -9999.0 -9999.0 -9999.0 -9999.0 -9999.0 -9999.0 -9999.0 -9999.0 -9999.0 -9999.0 -9999.0 -9999.0 -9999.0 00152.609 00153.550 00154.348 00154.922 00155.645 00156.202 00156.707 00157.201 00157.608 00157.828 00158.350 00158.660 00158.966 00159.223 00159.476 00159.478 00159.334 00159.170 00158.941 00158.672 00158.375 00157.951 00157.652 00157.290 00156.847 00156.391 00155.823 00154.989 00154.547
-9999.0 -9999.0 -9999.0 -9999.0 -9999.0 -9999.0 -9999.0 -9999.0 -9999.0 -9999.0 -9999.0 -9999.0 -9999.0 -9999.0 -9999.0 -9999.0 -9999.0 -9999.0 -9999.0 -9999.0 -9999.0 -9999.0 -9999.0 -9999.0 -9999.0 -9999.0 -9999.0 -9999.0 -9999.0 -9999.0 -9999.0 -9999.0 00152.891 00153.821 00154.589 00155.036 00155.999 00156.595 00157.115 00157.612 00157.967 00158.563 00158.976 00159.409 00159.818 00160.223 00160.507 00160.720 00160.740 00160.618 00160.469 00160.211 00159.841 00159.488 00159.067 00158.632 00158.154 00157.713 00157.285 00156.737 00156.181 00155.419
-9999.0 -9999.0 -9999.0 -9999.0 -9999.0 -9999.0 -9999.0 -9999.0 -9999.0 -9999.0 -9999.0 -9999.0 -9999.0 -9999.0 -9999.0 -9999.0 -9999.0 -9999.0 -9999.0 -9999.0 -9999.0 -9999.0 -9999.0 -9999.0 -9999.0 -9999.0 -9999.0 -9999.0 -9999.0 -9999.0 -9999.0 00153.055 00153.985 00154.772 00155.395 00156.211 00156.834 00157.447 00157.829 00158.483 00159.016 00159.575 00160.156 00160.593 00160.978 00161.366 00161.695 00161.985 00162.043 00161.867 00161.653 00161.379 00161.006 00160.680 00160.248 00159.707 00159.195 00158.651 00158.020 00157.602 00157.036 00156.448
-9999.0 -9999.0 -9999.0 -9999.0 -9999.0 -9999.0 -9999.0 -9999.0 -9999.0 -9999.0 -9999.0 -9999.0 -9999.0 -9999.0 -9999.0 -9999.0 -9999.0 -9999.0 -9999.0 -9999.0 -9999.0 -9999.0 -9999.0 -9999.0 -9999.0 -9999.0 -9999.0 -9999.0 -9999.0 -9999.0 00153.161 00154.089 00154.867 00155.673 00156.361 00157.014 00157.614 00158.153 00158.810 00159.457 00160.092 00160.657 00161.201 00161.725 00162.204 00162.654 00163.064 00163.431 00163.537 00163.306 00163.026 00162.674 00162.288 00161.821 00161.319 00160.797 00160.313 00159.624 00159.003 00158.403 00157.747 00157.283
-9999.0 -9999.0 -9999.0 -9999.0 -9999.0 -9999.0 -9999.0 -9999.0 -9999.0 -9999.0 -9999.0 -9999.0 -9999.0 -9999.0 -9999.0 -9999.0 -9999.0 -9999.0 -9999.0 -9999.0 -9999.0 -9999.0 -9999.0 -9999.0 -9999.0 -9999.0 -9999.0 -9999.0 -9999.0 00153.039 00154.064 00154.889 00155.756 00156.453 00157.117 00157.690 00158.364 00159.019 00159.720 00160.484 00161.082 00161.710 00162.336 00163.000 00163.563 00163.890 00164.003 00164.617 00164.720 00164.541 00163.993 00163.892 00163.701 00163.096 00162.513 00161.916 00161.258 00160.651 00159.988 00159.281 00158.651 00157.863
-9999.0 -9999.0 -9999.0 -9999.0 -9999.0 -9999.0 -9999.0 -9999.0 -9999.0 -9999.0 -9999.0 -9999.0 -9999.0 -9999.0 -9999.0 -9999.0 -9999.0 -9999.0 -9999.0 -9999.0 -9999.0 -9999.0 -9999.0 -9999.0 -9999.0 -9999.0 -9999.0 -9999.0 00152.830 00153.905 00154.801 00155.668 00156.440 00157.175 00157.739 00158.463 00159.151 00159.914 00160.659 00161.353 00162.096 00162.877 00163.598 00163.903 00164.633 00165.027 00165.386 00165.718 00165.873 00165.647 00165.401 00165.094 00164.709 00163.915 00163.857 00163.066 00162.334 00161.616 00160.894 00160.305 00159.457 00158.706
-9999.0 -9999.0 -9999.0 -9999.0 -9999.0 -9999.0 -9999.0 -9999.0 -9999.0 -9999.0 -9999.0 -9999.0 -9999.0 -9999.0 -9999.0 -9999.0 -9999.0 -9999.0 -9999.0 -9999.0 -9999.0 -9999.0 -9999.0 -9999.0 -9999.0 -9999.0 -9999.0 00152.549 00153.699 00154.632 00155.310 00156.306 00157.047 00157.695 00158.457 00159.224 00160.043 00160.757 00161.526 00162.323 00163.158 00163.886 00164.578 00165.088 00165.620 00166.099 00166.537 00166.903 00166.922 00166.862 00166.556 00166.198 00165.729 00165.275 00164.714 00163.903 00163.488 00162.674 00161.867 00161.034 00160.335 00159.478
-9999.0 -9999.0 -9999.0 -9999.0 -9999.0 -9999.0 -9999.0 -9999.0 -9999.0 -9999.0 -9999.0 -9999.0 -9999.0 -9999.0 -9999.0 -9999.0 -9999.0 -9999.0 -9999.0 -9999.0 -9999.0 -9999.0 -9999.0 -9999.0 -9999.0 -9999.0 00152.209 00153.426 00154.418 00155.030 00156.136 00156.893 00157.614 00158.318 00159.076 00159.936 00160.753 00161.625 00162.461 00163.352 00163.901 00164.773 00165.413 00166.075 00166.646 00166.929 00167.187 00167.342 00167.456 00167.335 00167.214 00166.937 00166.831 00166.233 00165.623 00165.014 00164.430 00163.742 00162.770 00161.882 00161.040 00160.328
-9999.0 -9999.0 -9999.0 -9999.0 -9999.0 -9999.0 -9999.0 -9999.0 -9999.0 -9999.0 -9999.0 -9999.0 -9999.0 -9999.0 -9999.0 -9999.0 -9999.0 -9999.0 -9999.0 -9999.0 -9999.0 -9999.0 -9999.0 -9999.0 -9999.0 -9999.0 00153.058 00154.123 00154.926 00155.913 00156.700 00157.460 00158.077 00158.900 00159.745 00160.624 00161.453 00162.356 00163.360 00163.910 00164.902 00165.581 00166.286 00166.911 00167.194 00167.407 00167.616 00167.788 00167.936 00167.793 00167.650 00167.468 00167.257 00166.930 00166.572 00165.893 00165.154 00164.452 00163.741 00162.761 00161.849 00160.978
-9999.0 -9999.0 -9999.0 -9999.0 -9999.0 -9999.0 -9999.0 -9999.0 -9999.0 -9999.0 -9999.0 -9999.0 -9999.0 -9999.0 -9999.0 -9999.0 -9999.0 -9999.0 -9999.0 -9999.0 -9999.0 -9999.0 -9999.0 -9999.0 -9999.0 00152.631 00153.787 00154.730 00155.640 00156.446 00157.213 00157.802 00158.675 00159.513 00160.457 00161.241 00162.147 00163.133 00163.896 00164.819 00165.599 00166.424 00166.925 00167.270 00167.536 00167.806 00168.026 00168.412 00169.192 00168.489 00168.079 00167.872 00167.627 00167.385 00166.981 00166.667 00165.881 00165.143 00164.423 00163.669 00162.664 00161.759
-9999.0 -9999.0 -9999.0 -9999.0 -9999.0 -9999.0 -9999.0 -9999.0 -9999.0 -9999.0 -9999.0 -9999.0 -9999.0 -9999.0 -9999.0 -9999.0 -9999.0 -9999.0 -9999.0 -9999.0 -9999.0 -9999.0 -9999.0 -9999.0 00151.980 00153.409 00154.424 00155.041 00156.178 00156.950 00157.657 00158.420 00159.217 00160.142 00160.944 00161.873 00162.858 00163.879 00164.647 00165.411 00166.224 00166.918 00167.280 00167.601 00167.882 00168.158 00169.200 00170.320 00171.519 00170.517 00169.562 00168.477 00168.005 00167.696 00167.396 00166.954 00166.632 00165.825 00165.067 00164.156 00163.555 00162.557
-9999.0 -9999.0 -9999.0 -9999.0 -9999.0 -9999.0 -9999.0 -9999.0 -9999.0 -9999.0 -9999.0 -9999.0 -9999.0 -9999.0 -9999.0 -9999.0 -9999.0 -9999.0 -9999.0 -9999.0 -9999.0 -9999.0 -9999.0 -9999.0 00152.988 00154.079 00154.914 00155.891 00156.683 00157.454 00158.096 00158.934 00159.804 00160.684 00161.565 00162.508 00163.570 00164.404 00165.175 00165.992 00166.858 00167.203 00167.519 00167.846 00168.208 00169.615 00170.901 00172.209 00173.668 00172.549 00171.374 00170.102 00168.630 00167.991 00167.679 00167.372 00166.941 00166.541 00165.741 00164.987 00163.913 00163.439
-9999.0 -9999.0 -9999.0 -9999.0 -9999.0 -9999.0 -9999.0 -9999.0 -9999.0 -9999.0 -9999.0 -9999.0 -9999.0 -9999.0 -9999.0 -9999.0 -9999.0 -9999.0 -9999.0 -9999.0 -9999.0 -9999.0 -9999.0 00152.450 00153.655 00154.629 00155.411 00156.379 00157.158 00157.779 00158.648 00159.488 00160.441 00161.243 00162.174 00163.187 00163.901 00164.904 00165.706 00166.558 00166.946 00167.418 00167.746 00168.082 00169.112 00170.718 00172.336 00173.926 -9999.0 -9999.000 00172.958 00171.446 00169.983 00168.531 00167.957 00167.645 00167.338 00166.933 00166.450 00165.656 00164.885 00163.902
-9999.0 -9999.0 -9999.0 -9999.0 -9999.0 -9999.0 -9999.0 -9999.0 -9999.0 -9999.0 -9999.0 -9999.0 -9999.0 -9999.0 -9999.0 -9999.0 -9999.0 -9999.0 -9999.0 -9999.0 -9999.0 -9999.0 -9999.0 00153.145 00154.221 00154.969 00156.031 00156.827 00157.596 00158.325 00159.127 00160.048 00160.868 00161.816 00162.809 00163.876 00164.639 00165.424 00166.259 00166.922 00167.307 00167.633 00167.965 00168.631 00170.211 00171.778 00173.373 -9999.000 -9999.0 -9999.0 -9999.000 00172.799 00171.277 00169.826 00168.415 00167.922 00167.611 00167.303 00166.924 00166.314 00165.510 00164.748
-9999.0 -9999.0 -9999.0 -9999.0 -9999.0 -9999.0 -9999.0 -9999.0 -9999.0 -9999.0 -9999.0 -9999.0 -9999.0 -9999.0 -9999.0 -9999.0 -9999.0 -9999.0 -9999.0 -9999.0 -9999.0 -9999.0 00152.565 00153.756 00154.724 00155.651 00156.473 00157.257 00157.835 00158.752 00159.626 00160.561 00161.421 00162.375 00163.437 00163.921 00165.103 00165.929 00166.808 00167.192 00167.520 00167.851 00168.242 00169.674 00171.230 00172.849 -9999.000 -9999.0 -9999.0 -9999.0 -9999.0 -9999.000 00172.638 00171.115 00169.653 00168.288 00167.879 00167.560 00167.248 00166.909 00166.091 00165.247
-9999.0 -9999.0 -9999.0 -9999.0 -9999.0 -9999.0 -9999.0 -9999.0 -9999.0 -9999.0 -9999.0 -9999.0 -9999.0 -9999.0 -9999.0 -9999.0 -9999.0 -9999.0 -9999.0 -9999.0 -9999.0 -9999.0 00153.104 00154.197 00154.965 00156.030 00156.836 00157.605 00158.353 00159.172 00160.119 00160.954 00161.912 00162.940 00163.887 00164.767 00165.578 00166.434 00166.938 00167.384 00167.718 00168.059 00169.012 00170.668 00172.303 00173.858 -9999.0 -9999.0 -9999.0 -9999.0 -9999.0 -9999.0 -9999.000 00172.467 00170.924 00169.366 00168.121 00167.777 00167.441 00166.995 00166.583 00165.712
-9999.0 -9999.0 -9999.0 -9999.0 -9999.0 -9999.0 -9999.0 -9999.0 -9999.0 -9999.0 -9999.0 -9999.0 -9999.0 -9999.0 -9999.0 -9999.0 -9999.0 -9999.0 -9999.0 -9999.0 -9999.0 00152.327 00153.565 00154.572 00155.295 00156.354 00157.145 00157.779 00158.659 00159.524 00160.488 00161.335 00162.296 00163.360 00163.914 00165.075 00165.911 00166.804 00167.196 00167.529 00167.872 00168.353 00169.884 00171.488 00173.210 -9999.000 -9999.0 -9999.0 -9999.0 -9999.0 -9999.0 -9999.0 -9999.000 00173.589 00171.898 00170.274 00168.652 00167.963 00167.622 00167.285 00166.915 00166.147
-9999.0 -9999.0 -9999.0 -9999.0 -9999.0 -9999.0 -9999.0 -9999.0 -9999.0 -9999.0 -9999.0 -9999.0 -9999.0 -9999.0 -9999.0 -9999.0 -9999.0 -9999.0 -9999.0 -9999.0 -9999.0 00152.826 00153.967 00154.880 00155.836 00156.652 00157.442 00158.109 00158.965 00159.868 00160.751 00161.679 00162.666 00163.773 00164.566 00165.367 00166.226 00166.922 00167.314 00167.652 00167.991 00168.743 00170.419 00172.106 00173.886 -9999.000 -9999.0 -9999.0 -9999.0 -9999.0 -9999.0 -9999.0 -9999.0 00174.213 00172.920 00171.093 00169.350 00168.104 00167.758 00167.420 00166.945 00166.509
-9999.0 -9999.0 -9999.0 -9999.0 -9999.0 -9999.0 -9999.0 -9999.0 -9999.0 -9999.0 -9999.0 -9999.0 -9999.0 -9999.0 -9999.0 -9999.0 -9999.0 -9999.0 -9999.0 -9999.0 -9999.0 00153.245 00154.316 00155.008 00156.125 00156.922 00157.653 00158.436 00159.257 00160.220 00161.050 00161.997 00163.016 00163.891 00164.800 00165.612 00166.470 00166.941 00167.397 00167.730 00168.074 00169.135 00170.902 00172.110 00173.260 00174.258 -9999.000 -9999.0 -9999.0 -9999.0 -9999.0 -9999.0 -9999.000 00173.643 00172.448 00171.132 00169.809 00168.457 00167.887 00167.534 00167.198 00166.814
-9999.0 -9999.0 -9999.0 -9999.0 -9999.0 -9999.0 -9999.0 -9999.0 -9999.0 -9999.0 -9999.0 -9999.0 -9999.0 -9999.0 -9999.0 -9999.0 -9999.0 -9999.0 -9999.0 -9999.0 00152.408 00153.631 00154.615 00155.381 00156.373 00157.156 00157.779 00158.652 00159.504 00160.463 00161.287 00162.233 00163.270 00163.908 00164.989 00165.806 00166.667 00167.098 00167.462 00167.798 00168.148 00169.112 00170.381 00171.509 00172.664 00173.551 00174.440 -9999.0 -9999.0 -9999.0 -9999.0 -9999.000 00174.034 00173.082 00171.980 00170.702 00169.421 00168.252 00167.901 00167.610 00167.304 00166.917
-9999.0 -9999.0 -9999.0 -9999.0 -9999.0 -9999.0 -9999.0 -9999.0 -9999.0 -9999.0 -9999.0 -9999.0 -9999.0 -9999.0 -9999.0 -9999.0 -9999.0 -9999.0 -9999.0 -9999.0 00152.743 00153.892 00154.838 00155.756 00156.569 00157.350 00157.957 00158.843 00159.719 00160.630 00161.509 00162.451 00163.504 00164.237 00165.125 00165.937 00166.801 00167.184 00167.516 00167.792 00168.058 00168.678 00169.875 00170.963 00171.947 00172.863 00173.729 -9999.000 -9999.0 -9999.0 -9999.0 00174.366 00173.394 00172.426 00171.410 00170.312 00169.001 00168.123 00167.840 00167.555 00167.271 00166.923
-9999.0 -9999.0 -9999.0 -9999.0 -9999.0 -9999.0 -9999.0 -9999.0 -9999.0 -9999.0 -9999.0 -9999.0 -9999.0 -9999.0 -9999.0 -9999.0 -9999.0 -9999.0 -9999.0 -9999.0 00153.051 00154.134 00154.936 00155.951 00156.749 00157.529 00158.218 00159.020 00159.903 00160.754 00161.655 00162.605 00163.675 00164.463 00165.225 00166.044 00166.904 00167.180 00167.443 00167.704 00167.958 00168.332 00169.283 00170.336 00171.221 00172.135 00173.040 00173.913 -9999.000 -9999.0 -9999.000 00173.717 00172.767 00171.749 00170.764 00169.794 00168.653 00168.047 00167.777 00167.501 00167.226 00166.913
-9999.0 -9999.0 -9999.0 -9999.0 -9999.0 -9999.0 -9999.0 -9999.0 -9999.0 -9999.0 -9999.0 -9999.0 -9999.0 -9999.0 -9999.0 -9999.0 -9999.0 -9999.0 -9999.0 -9999.0 00153.312 00154.358 00155.015 00156.118 00156.892 00157.623 00158.357 00159.148 00160.057 00160.856 00161.773 00162.723 00163.777 00164.535 00165.303 00166.033 00166.746 00166.955 00167.361 00167.612 00167.862 00168.098 00168.697 00169.636 00170.518 00171.405 00172.328 00173.230 00174.105 -9999.000 00174.046 00173.101 00172.097 00171.096 00170.138 00169.086 00168.277 00167.955 00167.697 00167.440 00167.169 00166.901
-9999.0 -9999.0 -9999.0 -9999.0 -9999.0 -9999.0 -9999.0 -9999.0 -9999.0 -9999.0 -9999.0 -9999.0 -9999.0 -9999.0 -9999.0 -9999.0 -9999.0 -9999.0 -9999.0 00152.304 00153.511 00154.501 00155.071 00156.241 00157.009 00157.689 00158.464 00159.247 00160.161 00160.944 00161.850 00162.810 00163.867 00164.529 00165.176 00165.843 00166.539 00166.931 00167.272 00167.516 00167.746 00167.976 00168.194 00168.842 00169.833 00170.694 00171.590 00172.509 00173.237 00173.937 00173.199 00172.425 00171.430 00170.456 00169.465 00168.541 00168.065 00167.848 00167.609 00167.354 00166.975 00166.735
