examples/flatland/Outputs/centerIgnit/c_atmRAWS/singleWinds/flatland_centerIgnit_3mph0deg7hr_atmRAWS/flatland_centerIgnit_3mph0deg7hr_atmRAWS_ArrivalTime.asc
NCOLS 100
NROWS 100
XLLCORNER 20000.000000
YLLCORNER 20000.000000
CELLSIZE 30.000000
NODATA_VALUE -9999.0
[rows 56 to 83 of 100, columns 0 to 61 of 100]
-9999.0 -9999.0 -9999.0 -9999.0 -9999.0 -9999.0 -9999.0 -9999.0 -9999.0 -9999.0 -9999.0 -9999.0 -9999.0 -9999.0 -9999.0 -9999.0 -9999.0 -9999.0 -9999.0 00414.084 00394.958 00376.149 00357.679 00339.724 00322.009 00304.570 00287.339 00270.509 00253.972 00237.574 00221.266 00206.292 00192.507 00178.943 00165.593 00152.692 00140.003 00128.002 00116.208 00105.276 00094.343 00085.064 00076.057 00067.277 00058.521 00049.834 00041.336 00033.428 00027.762 00021.878 00027.933 00034.125 00042.412 00051.636 00061.187 00070.804 00080.444 00090.358 00100.472 00111.828 00123.938 00136.103
-9999.0 -9999.0 -9999.0 -9999.0 -9999.0 -9999.0 -9999.0 -9999.0 -9999.0 -9999.0 -9999.0 -9999.0 -9999.0 -9999.0 -9999.0 -9999.0 -9999.0 -9999.0 -9999.0 00411.372 00392.615 00374.150 00355.923 00338.001 00320.471 00303.342 00286.423 00269.711 00253.102 00237.605 00223.367 00209.367 00195.688 00182.226 00169.275 00156.598 00144.492 00132.612 00121.646 00110.696 00101.012 00091.886 00083.039 00074.248 00065.472 00056.743 00048.419 00041.735 00036.327 00031.203 00036.380 00042.208 00049.034 00058.108 00067.553 00077.180 00086.829 00096.506 00106.573 00116.761 00128.245 00140.353
-9999.0 -9999.0 -9999.0 -9999.0 -9999.0 -9999.0 -9999.0 -9999.0 -9999.0 -9999.0 -9999.0 -9999.0 -9999.0 -9999.0 -9999.0 -9999.0 -9999.0 -9999.0 -9999.0 00409.539 00390.819 00372.494 00354.602 00336.995 00319.647 00302.616 00285.708 00269.666 00254.997 00240.560 00226.387 00212.572 00199.086 00186.015 00173.337 00161.124 00149.153 00138.083 00127.098 00117.027 00107.834 00098.852 00090.031 00081.227 00072.445 00063.954 00055.962 00050.086 00045.258 00040.600 00045.188 00050.331 00056.769 00064.863 00073.943 00083.565 00093.226 00102.909 00112.657 00122.858 00133.118 00144.776
-9999.0 -9999.0 -9999.0 -9999.0 -9999.0 -9999.0 -9999.0 -9999.0 -9999.0 -9999.0 -9999.0 -9999.0 -9999.0 -9999.0 -9999.0 -9999.0 -9999.0 -9999.0 -9999.0 00408.111 00389.728 00371.597 00353.854 00336.400 00319.126 00302.558 00287.446 00272.560 00257.909 00243.644 00229.665 00216.173 00202.932 00190.215 00177.902 00165.853 00154.663 00143.619 00133.124 00123.857 00114.721 00105.867 00097.034 00088.221 00079.566 00071.224 00064.416 00058.515 00054.346 00050.076 00054.162 00058.869 00064.990 00071.674 00080.763 00089.974 00099.629 00109.323 00119.042 00128.928 00139.214 00149.579
-9999.0 -9999.0 -9999.0 -9999.0 -9999.0 -9999.0 -9999.0 -9999.0 -9999.0 -9999.0 -9999.0 -9999.0 -9999.0 -9999.0 -9999.0 -9999.0 -9999.0 -9999.0 -9999.0 00407.230 00389.101 00371.173 00353.451 00336.299 00320.697 00305.371 00290.310 00275.451 00261.109 00246.972 00233.460 00220.061 00207.309 00194.843 00182.693 00171.387 00160.257 00149.339 00139.978 00130.678 00121.756 00112.893 00104.048 00095.234 00086.882 00078.875 00072.890 00067.551 00063.429 00059.608 00063.184 00067.741 00073.222 00079.782 00087.626 00096.673 00106.062 00115.749 00125.477 00135.255 00145.332 00155.732
-9999.0 -9999.0 -9999.0 -9999.0 -9999.0 -9999.0 -9999.0 -9999.0 -9999.0 -9999.0 -9999.0 -9999.0 -9999.0 -9999.0 -9999.0 -9999.0 -9999.0 -9999.0 -9999.0 00406.951 00388.786 00371.015 00354.892 00339.056 00323.483 00308.261 00293.334 00278.843 00264.646 00250.947 00237.407 00224.612 00211.988 00199.697 00188.259 00177.027 00165.943 00156.248 00146.851 00137.726 00128.803 00119.928 00111.085 00102.547 00094.235 00087.371 00081.367 00076.601 00072.723 00069.217 00072.406 00076.624 00081.453 00088.034 00094.645 00103.576 00112.600 00122.199 00131.930 00141.729 00151.606 00161.884
-9999.0 -9999.0 -9999.0 -9999.0 -9999.0 -9999.0 -9999.0 -9999.0 -9999.0 -9999.0 -9999.0 -9999.0 -9999.0 -9999.0 -9999.0 -9999.0 -9999.0 -9999.0 -9999.0 00406.725 00390.119 00373.756 00357.634 00341.910 00326.463 00311.498 00296.808 00282.563 00268.688 00255.013 00242.116 00229.348 00216.932 00205.332 00193.942 00182.778 00172.664 00163.170 00153.842 00144.835 00135.884 00126.985 00118.221 00109.935 00101.916 00095.873 00089.946 00085.661 00082.124 00078.850 00081.736 00085.516 00090.359 00096.288 00102.921 00110.498 00119.533 00128.680 00138.410 00148.241 00158.129 00168.100
-9999.0 -9999.0 -9999.0 -9999.0 -9999.0 -9999.0 -9999.0 -9999.0 -9999.0 -9999.0 -9999.0 -9999.0 -9999.0 -9999.0 -9999.0 -9999.0 -9999.0 -9999.0 -9999.0 00409.471 00392.843 00376.525 00360.626 00345.000 00329.926 00315.024 00300.743 00286.672 00272.924 00259.833 00246.920 00234.369 00222.615 00211.053 00199.764 00189.234 00179.631 00170.107 00161.004 00151.973 00142.988 00134.078 00125.640 00117.340 00110.440 00104.381 00099.033 00094.729 00091.554 00088.503 00091.102 00094.699 00099.276 00104.559 00111.168 00117.915 00126.490 00135.548 00144.959 00154.781 00164.701 00174.683
-9999.0 -9999.0 -9999.0 -9999.0 -9999.0 -9999.0 -9999.0 -9999.0 -9999.0 -9999.0 -9999.0 -9999.0 -9999.0 -9999.0 -9999.0 -9999.0 -9999.0 -9999.0 -9999.0 00412.209 00395.755 00379.637 00363.957 00348.629 00333.584 00319.164 00304.905 00291.089 00277.814 00264.723 00252.002 00240.105 00228.384 00216.977 00206.021 00196.256 00186.627 00177.316 00168.199 00159.135 00150.139 00141.421 00133.088 00125.108 00118.953 00112.906 00108.128 00103.980 00100.925 00098.151 00100.456 00103.951 00108.198 00113.095 00119.443 00126.165 00133.495 00142.553 00151.690 00161.374 00171.291 00181.296
-9999.0 -9999.0 -9999.0 -9999.0 -9999.0 -9999.0 -9999.0 -9999.0 -9999.0 -9999.0 -9999.0 -9999.0 -9999.0 -9999.0 -9999.0 -9999.0 -9999.0 -9999.0 -9999.0 00415.316 00398.929 00383.175 00367.636 00352.508 00337.862 00323.377 00309.500 00296.030 00282.773 00269.886 00257.819 00245.918 00234.386 00223.020 00213.101 00203.322 00193.778 00184.571 00175.430 00166.344 00157.340 00148.920 00140.601 00133.642 00127.485 00121.586 00117.231 00113.368 00110.405 00107.824 00109.899 00113.214 00117.129 00122.038 00127.767 00134.400 00141.307 00149.652 00158.750 00168.004 00177.926 00187.945
-9999.0 -9999.0 -9999.0 -9999.0 -9999.0 -9999.0 -9999.0 -9999.0 -9999.0 -9999.0 -9999.0 -9999.0 -9999.0 -9999.0 -9999.0 -9999.0 -9999.0 -9999.0 -9999.0 00418.706 00402.712 00386.921 00371.730 00356.837 00342.139 00328.176 00314.503 00301.089 00288.025 00275.782 00263.672 00251.997 00240.416 00230.162 00220.217 00210.430 00201.103 00191.859 00182.685 00173.594 00164.907 00156.509 00148.478 00142.183 00136.082 00130.711 00126.346 00122.772 00119.950 00117.518 00119.404 00122.491 00126.168 00130.997 00136.143 00142.731 00149.588 00156.820 00165.898 00175.098 00184.623 00194.635
-9999.0 -9999.0 -9999.0 -9999.0 -9999.0 -9999.0 -9999.0 -9999.0 -9999.0 -9999.0 -9999.0 -9999.0 -9999.0 -9999.0 -9999.0 -9999.0 -9999.0 -9999.0 -9999.0 -9999.0 00406.545 00391.248 00376.144 00361.202 00347.127 00333.237 00319.649 00306.413 00293.986 00281.690 00269.853 00258.123 00247.446 00237.332 00227.425 00217.856 00208.486 00199.191 00189.986 00181.022 00172.503 00164.168 00157.083 00150.770 00144.736 00139.881 00135.493 00132.197 00129.546 00127.237 00128.958 00131.814 00135.493 00139.999 00144.973 00151.175 00157.895 00164.938 00173.147 00182.242 00191.584 00201.403
-9999.0 -9999.0 -9999.0 -9999.0 -9999.0 -9999.0 -9999.0 -9999.0 -9999.0 -9999.0 -9999.0 -9999.0 -9999.0 -9999.0 -9999.0 -9999.0 -9999.0 -9999.0 -9999.0 -9999.0 00411.070 00395.718 00380.678 00366.397 00352.288 00338.494 00325.052 00312.452 00299.984 00287.961 00276.078 00264.964 00254.685 00244.613 00234.805 00225.318 00215.914 00206.582 00197.350 00188.674 00180.235 00172.131 00165.711 00159.489 00153.532 00149.096 00144.829 00141.670 00139.217 00136.998 00138.582 00141.355 00144.863 00149.044 00154.045 00159.670 00166.296 00173.304 00180.444 00189.565 00198.803 00208.271
-9999.0 -9999.0 -9999.0 -9999.0 -9999.0 -9999.0 -9999.0 -9999.0 -9999.0 -9999.0 -9999.0 -9999.0 -9999.0 -9999.0 -9999.0 -9999.0 -9999.0 -9999.0 -9999.0 -9999.0 00415.635 00400.459 00385.944 00371.639 00357.623 00343.971 00331.183 00318.530 00306.311 00294.268 00282.725 00272.283 00262.007 00251.948 00242.347 00232.825 00223.375 00214.032 00205.043 00196.423 00188.025 00180.820 00174.365 00168.264 00162.815 00158.357 00154.371 00151.188 00148.881 00146.796 00148.217 00150.942 00154.277 00158.134 00163.159 00168.219 00174.862 00181.692 00188.852 00196.965 00206.155 00215.582
-9999.0 -9999.0 -9999.0 -9999.0 -9999.0 -9999.0 -9999.0 -9999.0 -9999.0 -9999.0 -9999.0 -9999.0 -9999.0 -9999.0 -9999.0 -9999.0 -9999.0 -9999.0 -9999.0 -9999.0 -9999.0 00405.796 00391.294 00377.083 00363.218 00350.207 00337.350 00324.904 00312.715 00300.752 00290.146 00279.658 00269.440 00259.586 00249.931 00240.373 00230.900 00221.600 00212.829 00204.316 00196.089 00189.536 00183.170 00177.082 00172.140 00167.661 00163.957 00160.821 00158.590 00156.644 00157.931 00160.576 00163.734 00167.520 00172.312 00177.380 00183.469 00190.139 00197.324 00204.597 00213.655 00222.922
-9999.0 -9999.0 -9999.0 -9999.0 -9999.0 -9999.0 -9999.0 -9999.0 -9999.0 -9999.0 -9999.0 -9999.0 -9999.0 -9999.0 -9999.0 -9999.0 -9999.0 -9999.0 -9999.0 -9999.0 -9999.0 00411.263 00396.813 00382.745 00369.538 00356.452 00343.777 00331.411 00319.196 00308.254 00297.589 00287.191 00277.078 00267.280 00257.584 00247.976 00238.485 00229.480 00220.763 00212.268 00204.906 00198.306 00192.056 00186.047 00181.498 00177.013 00173.586 00170.597 00168.394 00166.548 00167.718 00170.256 00173.234 00177.040 00181.509 00186.597 00192.121 00198.839 00205.838 00213.159 00221.207 00230.505
-9999.0 -9999.0 -9999.0 -9999.0 -9999.0 -9999.0 -9999.0 -9999.0 -9999.0 -9999.0 -9999.0 -9999.0 -9999.0 -9999.0 -9999.0 -9999.0 -9999.0 -9999.0 -9999.0 -9999.0 -9999.0 00416.879 00402.599 00389.163 00375.893 00362.976 00350.391 00338.018 00326.612 00315.789 00305.181 00294.793 00284.862 00275.030 00265.278 00255.653 00246.331 00237.403 00228.825 00220.454 00213.769 00207.181 00201.006 00195.490 00190.906 00186.506 00183.260 00180.419 00178.272 00176.505 00177.570 00179.981 00182.841 00186.607 00190.758 00195.854 00201.058 00207.599 00214.393 00221.760 00229.202 00238.155
-9999.0 -9999.0 -9999.0 -9999.0 -9999.0 -9999.0 -9999.0 -9999.0 -9999.0 -9999.0 -9999.0 -9999.0 -9999.0 -9999.0 -9999.0 -9999.0 -9999.0 -9999.0 -9999.0 -9999.0 -9999.0 -9999.0 00409.094 00395.600 00382.451 00369.668 00357.111 00345.237 00334.243 00323.404 00312.851 00302.693 00292.702 00282.820 00273.045 00263.387 00254.344 00245.547 00236.942 00229.417 00222.678 00216.236 00210.022 00204.988 00200.394 00196.260 00192.987 00190.289 00188.218 00186.516 00187.488 00189.768 00192.639 00196.233 00200.093 00205.193 00210.415 00216.418 00223.241 00230.402 00237.889 00245.850
-9999.0 -9999.0 -9999.0 -9999.0 -9999.0 -9999.0 -9999.0 -9999.0 -9999.0 -9999.0 -9999.0 -9999.0 -9999.0 -9999.0 -9999.0 -9999.0 -9999.0 -9999.0 -9999.0 -9999.0 -9999.0 -9999.0 00415.651 00402.246 00389.254 00376.527 00364.186 00352.994 00341.929 00331.195 00320.752 00310.621 00300.612 00290.679 00280.877 00271.504 00262.447 00253.753 00245.267 00238.423 00231.632 00225.353 00219.260 00214.542 00209.959 00206.085 00202.787 00200.234 00198.244 00196.593 00197.482 00199.718 00202.510 00205.929 00209.819 00214.615 00219.827 00225.294 00232.151 00239.101 00246.596 00254.247
-9999.0 -9999.0 -9999.0 -9999.0 -9999.0 -9999.0 -9999.0 -9999.0 -9999.0 -9999.0 -9999.0 -9999.0 -9999.0 -9999.0 -9999.0 -9999.0 -9999.0 -9999.0 -9999.0 -9999.0 -9999.0 -9999.0 -9999.0 00409.146 00396.200 00383.419 00372.047 00360.798 00349.822 00339.092 00328.808 00318.638 00308.561 00298.618 00288.916 00279.687 00270.771 00262.018 00254.367 00247.473 00240.822 00234.529 00228.915 00224.159 00219.598 00215.980 00212.657 00210.253 00208.355 00206.749 00207.560 00209.758 00212.452 00215.692 00219.613 00224.106 00229.290 00234.687 00241.125 00248.050 00255.394 00263.047
-9999.0 -9999.0 -9999.0 -9999.0 -9999.0 -9999.0 -9999.0 -9999.0 -9999.0 -9999.0 -9999.0 -9999.0 -9999.0 -9999.0 -9999.0 -9999.0 -9999.0 -9999.0 -9999.0 -9999.0 -9999.0 -9999.0 -9999.0 00416.204 00403.224 00391.394 00379.967 00368.744 00357.777 00347.258 00336.924 00326.700 00316.595 00306.609 00297.195 00288.020 00279.162 00270.554 00263.507 00256.584 00250.090 00243.770 00238.623 00233.885 00229.306 00225.944 00222.700 00220.344 00218.549 00216.981 00217.718 00219.883 00222.464 00225.523 00229.472 00233.665 00238.846 00244.247 00250.149 00257.130 00264.256 00271.883
-9999.0 -9999.0 -9999.0 -9999.0 -9999.0 -9999.0 -9999.0 -9999.0 -9999.0 -9999.0 -9999.0 -9999.0 -9999.0 -9999.0 -9999.0 -9999.0 -9999.0 -9999.0 -9999.0 -9999.0 -9999.0 -9999.0 -9999.0 -9999.0 00411.056 00399.421 00387.946 00376.832 00366.013 00355.474 00345.096 00334.817 00324.691 00314.939 00305.534 00296.513 00287.607 00279.809 00272.718 00265.848 00259.441 00253.271 00248.385 00243.686 00239.348 00235.975 00232.879 00230.504 00228.791 00227.275 00227.933 00230.065 00232.542 00235.529 00239.396 00243.394 00248.499 00253.859 00259.382 00266.277 00273.325 00280.863
-9999.0 -9999.0 -9999.0 -9999.0 -9999.0 -9999.0 -9999.0 -9999.0 -9999.0 -9999.0 -9999.0 -9999.0 -9999.0 -9999.0 -9999.0 -9999.0 -9999.0 -9999.0 -9999.0 -9999.0 -9999.0 -9999.0 -9999.0 -9999.0 00419.186 00407.498 00396.146 00385.033 00374.360 00363.806 00353.338 00343.037 00332.920 00323.379 00314.086 00305.078 00296.350 00289.105 00282.009 00275.310 00268.865 00263.148 00258.215 00253.554 00249.469 00246.076 00243.131 00240.736 00239.097 00237.637 00238.224 00240.315 00242.693 00245.701 00249.385 00253.413 00258.233 00263.538 00269.112 00275.500 00282.578 00289.908
-9999.0 -9999.0 -9999.0 -9999.0 -9999.0 -9999.0 -9999.0 -9999.0 -9999.0 -9999.0 -9999.0 -9999.0 -9999.0 -9999.0 -9999.0 -9999.0 -9999.0 -9999.0 -9999.0 -9999.0 -9999.0 -9999.0 -9999.0 -9999.0 -9999.0 00415.788 00404.414 00393.504 00382.772 00372.164 00361.679 00351.323 00341.497 00331.896 00322.742 00313.707 00305.755 00298.469 00291.373 00284.839 00278.367 00273.095 00268.170 00263.507 00259.674 00256.250 00253.450 00251.070 00249.471 00248.074 00248.594 00250.630 00252.908 00255.946 00259.455 00263.514 00268.045 00273.331 00278.910 00284.801 00291.902 00299.104
-9999.0 -9999.0 -9999.0 -9999.0 -9999.0 -9999.0 -9999.0 -9999.0 -9999.0 -9999.0 -9999.0 -9999.0 -9999.0 -9999.0 -9999.0 -9999.0 -9999.0 -9999.0 -9999.0 -9999.0 -9999.0 -9999.0 -9999.0 -9999.0 -9999.0 -9999.0 00412.971 00402.047 00391.271 00380.596 00370.089 00359.887 00350.128 00340.691 00331.504 00322.615 00315.207 00307.948 00301.010 00294.446 00288.164 00283.108 00278.235 00273.538 00269.959 00266.511 00263.857 00261.550 00259.933 00258.598 00259.057 00261.034 00263.284 00266.275 00269.609 00273.692 00277.933 00283.252 00288.776 00294.465 00301.330 00308.542
-9999.0 -9999.0 -9999.0 -9999.0 -9999.0 -9999.0 -9999.0 -9999.0 -9999.0 -9999.0 -9999.0 -9999.0 -9999.0 -9999.0 -9999.0 -9999.0 -9999.0 -9999.0 -9999.0 -9999.0 -9999.0 -9999.0 -9999.0 -9999.0 -9999.0 -9999.0 -9999.0 00410.673 00399.822 00389.136 00378.572 00368.660 00358.899 00349.543 00340.356 00332.197 00324.724 00317.495 00310.716 00304.155 00298.293 00293.194 00288.379 00283.841 00280.323 00276.858 00274.347 00272.118 00270.507 00269.214 00269.616 00271.531 00273.797 00276.687 00279.847 00283.945 00288.112 00293.249 00298.709 00304.458 00310.818 00318.045
-9999.0 -9999.0 -9999.0 -9999.0 -9999.0 -9999.0 -9999.0 -9999.0 -9999.0 -9999.0 -9999.0 -9999.0 -9999.0 -9999.0 -9999.0 -9999.0 -9999.0 -9999.0 -9999.0 -9999.0 -9999.0 -9999.0 -9999.0 -9999.0 -9999.0 -9999.0 -9999.0 00419.357 00408.463 00397.729 00387.460 00377.483 00367.900 00358.526 00349.457 00341.850 00334.395 00327.222 00320.511 00313.929 00308.499 00303.379 00298.601 00294.315 00290.774 00287.405 00284.921 00282.771 00281.179 00279.919 00280.266 00282.154 00284.394 00287.180 00290.297 00294.286 00298.479 00303.342 00308.755 00314.507 00320.402 00327.658
-9999.0 -9999.0 -9999.0 -9999.0 -9999.0 -9999.0 -9999.0 -9999.0 -9999.0 -9999.0 -9999.0 -9999.0 -9999.0 -9999.0 -9999.0 -9999.0 -9999.0 -9999.0 -9999.0 -9999.0 -9999.0 -9999.0 -9999.0 -9999.0 -9999.0 -9999.0 -9999.0 -9999.0 00417.203 00406.533 00396.405 00386.517 00376.968 00367.611 00359.239 00351.571 00344.143 00337.137 00330.420 00323.981 00318.781 00313.711 00308.905 00304.880 00301.315 00298.083 00295.579 00293.508 00291.942 00290.711 00291.005 00292.870 00295.073 00297.754 00300.901 00304.726 00308.922 00313.493 00318.952 00324.634 00330.506 00337.368
