examples/flatland/Outputs/centerIgnit/c_atmRAWS/singleWinds/flatland_centerIgnit_3mph0deg7hr_atmRAWS/flatland_centerIgnit_3mph0deg7hr_atmRAWS_SpreadRate.asc
NCOLS 100
NROWS 100
XLLCORNER 20000.000000
YLLCORNER 20000.000000
CELLSIZE 30.000000
NODATA_VALUE -9999.0
[rows 32 to 63 of 100, columns 0 to 71 of 100]
-9999.0 -9999.0 -9999.0 -9999.0 -9999.0 -9999.0 -9999.0 -9999.0 -9999.0 -9999.0 -9999.0 -9999.0 -9999.0 -9999.0 -9999.0 -9999.0 -9999.0 -9999.0 -9999.0 -9999.0 -9999.0 -9999.0 -9999.0 -9999.0 -9999.0 -9999.0 -9999.0 -9999.0 -9999.0 -9999.0 -9999.0 -9999.0 -9999.0 01.18 01.19 01.19 01.19 01.20 01.21 01.21 01.22 01.22 01.21 01.22 01.22 01.22 01.22 01.22 01.22 01.22 01.22 01.22 01.22 01.22 01.21 01.21 01.21 01.21 01.21 01.20 01.19 01.19 01.18 01.17 -9999.0 -9999.0 -9999.0 -9999.0 -9999.0 -9999.0 -9999.0 -9999.0
-9999.0 -9999.0 -9999.0 -9999.0 -9999.0 -9999.0 -9999.0 -9999.0 -9999.0 -9999.0 -9999.0 -9999.0 -9999.0 -9999.0 -9999.0 -9999.0 -9999.0 -9999.0 -9999.0 -9999.0 -9999.0 -9999.0 -9999.0 -9999.0 -9999.0 -9999.0 -9999.0 -9999.0 -9999.0 -9999.0 -9999.0 -9999.0 01.19 01.20 01.21 01.22 01.23 01.23 01.23 01.24 01.24 01.25 01.24 01.24 01.25 01.25 01.25 01.24 01.24 01.24 01.24 01.24 01.24 01.24 01.24 01.24 01.24 01.23 01.24 01.23 01.22 01.21 01.21 01.20 01.20 01.19 -9999.0 -9999.0 -9999.0 -9999.0 -9999.0 -9999.0
-9999.0 -9999.0 -9999.0 -9999.0 -9999.0 -9999.0 -9999.0 -9999.0 -9999.0 -9999.0 -9999.0 -9999.0 -9999.0 -9999.0 -9999.0 -9999.0 -9999.0 -9999.0 -9999.0 -9999.0 -9999.0 -9999.0 -9999.0 -9999.0 -9999.0 -9999.0 -9999.0 -9999.0 -9999.0 -9999.0 -9999.0 01.21 01.22 01.23 01.24 01.25 01.26 01.26 01.26 01.27 01.27 01.27 01.27 01.27 01.27 01.27 01.27 01.26 01.26 01.26 01.26 01.26 01.26 01.27 01.27 01.27 01.27 01.27 01.26 01.26 01.25 01.24 01.24 01.23 01.23 01.22 01.21 -9999.0 -9999.0 -9999.0 -9999.0 -9999.0
-9999.0 -9999.0 -9999.0 -9999.0 -9999.0 -9999.0 -9999.0 -9999.0 -9999.0 -9999.0 -9999.0 -9999.0 -9999.0 -9999.0 -9999.0 -9999.0 -9999.0 -9999.0 -9999.0 -9999.0 -9999.0 -9999.0 -9999.0 -9999.0 -9999.0 -9999.0 -9999.0 -9999.0 -9999.0 -9999.0 01.23 01.24 01.25 01.26 01.27 01.28 01.29 01.29 01.29 01.29 01.30 01.30 01.29 01.29 01.29 01.29 01.29 01.29 01.28 01.28 01.29 01.29 01.29 01.29 01.29 01.30 01.30 01.29 01.29 01.28 01.28 01.28 01.27 01.27 01.26 01.25 01.24 01.22 -9999.0 -9999.0 -9999.0 -9999.0
-9999.0 -9999.0 -9999.0 -9999.0 -9999.0 -9999.0 -9999.0 -9999.0 -9999.0 -9999.0 -9999.0 -9999.0 -9999.0 -9999.0 -9999.0 -9999.0 -9999.0 -9999.0 -9999.0 -9999.0 -9999.0 -9999.0 -9999.0 -9999.0 -9999.0 -9999.0 -9999.0 -9999.0 -9999.0 01.25 01.26 01.27 01.28 01.29 01.30 01.30 01.31 01.32 01.32 01.33 01.33 01.33 01.32 01.32 01.32 01.32 01.31 01.31 01.30 01.30 01.30 01.31 01.31 01.32 01.32 01.32 01.32 01.32 01.32 01.31 01.32 01.31 01.30 01.30 01.29 01.27 01.26 01.25 01.23 -9999.0 -9999.0 -9999.0
-9999.0 -9999.0 -9999.0 -9999.0 -9999.0 -9999.0 -9999.0 -9999.0 -9999.0 -9999.0 -9999.0 -9999.0 -9999.0 -9999.0 -9999.0 -9999.0 -9999.0 -9999.0 -9999.0 -9999.0 -9999.0 -9999.0 -9999.0 -9999.0 -9999.0 -9999.0 -9999.0 -9999.0 01.27 01.28 01.30 01.31 01.32 01.33 01.33 01.33 01.34 01.34 01.35 01.35 01.36 01.36 01.35 01.34 01.34 01.34 01.33 01.32 01.32 01.32 01.33 01.33 01.34 01.34 01.35 01.35 01.35 01.35 01.35 01.35 01.35 01.34 01.33 01.32 01.31 01.30 01.28 01.27 01.25 01.24 -9999.0 -9999.0
-9999.0 -9999.0 -9999.0 -9999.0 -9999.0 -9999.0 -9999.0 -9999.0 -9999.0 -9999.0 -9999.0 -9999.0 -9999.0 -9999.0 -9999.0 -9999.0 -9999.0 -9999.0 -9999.0 -9999.0 -9999.0 -9999.0 -9999.0 -9999.0 -9999.0 -9999.0 -9999.0 01.28 01.30 01.31 01.32 01.34 01.36 01.37 01.37 01.37 01.38 01.38 01.38 01.39 01.39 01.39 01.38 01.37 01.37 01.36 01.35 01.34 01.33 01.34 01.35 01.35 01.36 01.36 01.37 01.38 01.38 01.38 01.38 01.38 01.38 01.37 01.36 01.35 01.34 01.32 01.31 01.29 01.27 01.25 -9999.0 -9999.0
-9999.0 -9999.0 -9999.0 -9999.0 -9999.0 -9999.0 -9999.0 -9999.0 -9999.0 -9999.0 -9999.0 -9999.0 -9999.0 -9999.0 -9999.0 -9999.0 -9999.0 -9999.0 -9999.0 -9999.0 -9999.0 -9999.0 -9999.0 -9999.0 -9999.0 -9999.0 01.28 01.30 01.32 01.33 01.35 01.37 01.38 01.40 01.41 01.41 01.42 01.43 01.42 01.42 01.42 01.42 01.41 01.40 01.40 01.38 01.37 01.36 01.34 01.35 01.36 01.37 01.38 01.39 01.40 01.41 01.41 01.42 01.42 01.42 01.41 01.40 01.38 01.37 01.35 01.34 01.32 01.31 01.29 01.28 01.26 -9999.0
-9999.0 -9999.0 -9999.0 -9999.0 -9999.0 -9999.0 -9999.0 -9999.0 -9999.0 -9999.0 -9999.0 -9999.0 -9999.0 -9999.0 -9999.0 -9999.0 -9999.0 -9999.0 -9999.0 -9999.0 -9999.0 -9999.0 -9999.0 -9999.0 -9999.0 -9999.0 01.31 01.33 01.34 01.36 01.38 01.39 01.41 01.42 01.43 01.45 01.46 01.46 01.46 01.46 01.46 01.45 01.44 01.43 01.42 01.40 01.38 01.36 01.34 01.36 01.37 01.39 01.41 01.42 01.44 01.45 01.46 01.46 01.45 01.44 01.43 01.42 01.41 01.39 01.37 01.36 01.34 01.33 01.31 01.30 01.28 01.27
-9999.0 -9999.0 -9999.0 -9999.0 -9999.0 -9999.0 -9999.0 -9999.0 -9999.0 -9999.0 -9999.0 -9999.0 -9999.0 -9999.0 -9999.0 -9999.0 -9999.0 -9999.0 -9999.0 -9999.0 -9999.0 -9999.0 -9999.0 -9999.0 -9999.0 01.31 01.33 01.35 01.37 01.38 01.40 01.41 01.43 01.45 01.46 01.48 01.49 01.50 01.51 01.51 01.50 01.50 01.49 01.47 01.46 01.43 01.41 01.39 01.36 01.38 01.40 01.42 01.44 01.45 01.48 01.48 01.48 01.48 01.48 01.47 01.45 01.44 01.42 01.41 01.39 01.38 01.36 01.35 01.34 01.32 01.31 01.29
-9999.0 -9999.0 -9999.0 -9999.0 -9999.0 -9999.0 -9999.0 -9999.0 -9999.0 -9999.0 -9999.0 -9999.0 -9999.0 -9999.0 -9999.0 -9999.0 -9999.0 -9999.0 -9999.0 -9999.0 -9999.0 -9999.0 -9999.0 -9999.0 01.30 01.33 01.34 01.36 01.38 01.40 01.42 01.44 01.46 01.48 01.49 01.50 01.52 01.53 01.54 01.55 01.55 01.54 01.54 01.51 01.50 01.47 01.45 01.43 01.39 01.42 01.43 01.45 01.47 01.49 01.50 01.51 01.51 01.50 01.49 01.48 01.47 01.45 01.44 01.43 01.42 01.40 01.39 01.38 01.36 01.35 01.33 01.32
-9999.0 -9999.0 -9999.0 -9999.0 -9999.0 -9999.0 -9999.0 -9999.0 -9999.0 -9999.0 -9999.0 -9999.0 -9999.0 -9999.0 -9999.0 -9999.0 -9999.0 -9999.0 -9999.0 -9999.0 -9999.0 -9999.0 -9999.0 -9999.0 01.33 01.35 01.36 01.39 01.40 01.42 01.44 01.45 01.47 01.49 01.51 01.52 01.54 01.56 01.56 01.57 01.58 01.58 01.57 01.56 01.55 01.54 01.53 01.50 01.42 01.47 01.50 01.51 01.52 01.53 01.53 01.53 01.52 01.52 01.51 01.49 01.48 01.48 01.46 01.45 01.44 01.43 01.42 01.41 01.40 01.38 01.37 01.35
-9999.0 -9999.0 -9999.0 -9999.0 -9999.0 -9999.0 -9999.0 -9999.0 -9999.0 -9999.0 -9999.0 -9999.0 -9999.0 -9999.0 -9999.0 -9999.0 -9999.0 -9999.0 -9999.0 -9999.0 -9999.0 -9999.0 -9999.0 01.33 01.35 01.37 01.39 01.41 01.43 01.44 01.46 01.48 01.50 01.51 01.52 01.54 01.55 01.57 01.58 01.59 01.60 01.61 01.61 01.61 01.62 01.63 01.62 01.66 -9999.0 -9999.00 01.58 01.58 01.57 01.55 01.54 01.53 01.53 01.53 01.52 01.52 01.51 01.50 01.49 01.49 01.48 01.48 01.46 01.45 01.43 01.42 01.41 01.39
-9999.0 -9999.0 -9999.0 -9999.0 -9999.0 -9999.0 -9999.0 -9999.0 -9999.0 -9999.0 -9999.0 -9999.0 -9999.0 -9999.0 -9999.0 -9999.0 -9999.0 -9999.0 -9999.0 -9999.0 -9999.0 -9999.0 -9999.0 01.36 01.37 01.39 01.42 01.44 01.46 01.47 01.49 01.51 01.52 01.54 01.55 01.57 01.58 01.59 01.60 01.60 01.61 01.61 01.62 01.63 01.65 01.67 01.70 -9999.00 -9999.0 -9999.0 -9999.00 01.61 01.59 01.57 01.55 01.54 01.54 01.55 01.55 01.55 01.54 01.54 01.54 01.54 01.52 01.51 01.50 01.48 01.47 01.45 01.44 01.42
-9999.0 -9999.0 -9999.0 -9999.0 -9999.0 -9999.0 -9999.0 -9999.0 -9999.0 -9999.0 -9999.0 -9999.0 -9999.0 -9999.0 -9999.0 -9999.0 -9999.0 -9999.0 -9999.0 -9999.0 -9999.0 -9999.0 01.38 01.40 01.41 01.43 01.45 01.47 01.48 01.50 01.53 01.55 01.56 01.57 01.58 01.58 01.61 01.62 01.63 01.63 01.63 01.63 01.63 01.64 01.67 01.69 -9999.00 -9999.0 -9999.0 -9999.0 -9999.0 -9999.00 01.61 01.59 01.57 01.57 01.58 01.59 01.59 01.59 01.59 01.58 01.58 01.58 01.56 01.55 01.53 01.52 01.50 01.48 01.47 01.45
-9999.0 -9999.0 -9999.0 -9999.0 -9999.0 -9999.0 -9999.0 -9999.0 -9999.0 -9999.0 -9999.0 -9999.0 -9999.0 -9999.0 -9999.0 -9999.0 -9999.0 -9999.0 -9999.0 -9999.0 -9999.0 -9999.0 01.41 01.43 01.45 01.47 01.49 01.51 01.53 01.55 01.57 01.59 01.61 01.62 01.64 01.65 01.65 01.66 01.66 01.68 01.68 01.68 01.68 01.70 01.70 01.70 -9999.0 -9999.0 -9999.0 -9999.0 -9999.0 -9999.0 -9999.00 01.63 01.64 01.63 01.63 01.64 01.64 01.64 01.65 01.64 01.63 01.61 01.60 01.58 01.56 01.55 01.53 01.51 01.49 01.47
-9999.0 -9999.0 -9999.0 -9999.0 -9999.0 -9999.0 -9999.0 -9999.0 -9999.0 -9999.0 -9999.0 -9999.0 -9999.0 -9999.0 -9999.0 -9999.0 -9999.0 -9999.0 -9999.0 -9999.0 -9999.0 01.41 01.43 01.46 01.47 01.50 01.53 01.55 01.57 01.58 01.61 01.63 01.65 01.67 01.68 01.70 01.71 01.73 01.73 01.74 01.74 01.75 01.77 01.83 01.86 -9999.00 -9999.0 -9999.0 -9999.0 -9999.0 -9999.0 -9999.0 -9999.00 01.81 01.81 01.70 01.70 01.70 01.69 01.69 01.70 01.69 01.67 01.66 01.65 01.63 01.61 01.59 01.57 01.55 01.53 01.51
-9999.0 -9999.0 -9999.0 -9999.0 -9999.0 -9999.0 -9999.0 -9999.0 -9999.0 -9999.0 -9999.0 -9999.0 -9999.0 -9999.0 -9999.0 -9999.0 -9999.0 -9999.0 -9999.0 -9999.0 -9999.0 01.43 01.46 01.48 01.50 01.53 01.55 01.57 01.60 01.62 01.64 01.66 01.69 01.71 01.73 01.75 01.77 01.78 01.79 01.80 01.81 01.85 01.89 02.07 02.24 -9999.00 -9999.0 -9999.0 -9999.0 -9999.0 -9999.0 -9999.0 -9999.0 02.23 02.06 01.94 01.87 01.80 01.74 01.75 01.74 01.73 01.71 01.70 01.68 01.66 01.65 01.63 01.61 01.58 01.56 01.54
-9999.0 -9999.0 -9999.0 -9999.0 -9999.0 -9999.0 -9999.0 -9999.0 -9999.0 -9999.0 -9999.0 -9999.0 -9999.0 -9999.0 -9999.0 -9999.0 -9999.0 -9999.0 -9999.0 -9999.0 -9999.0 01.45 01.48 01.50 01.53 01.56 01.58 01.60 01.63 01.65 01.67 01.70 01.73 01.75 01.78 01.80 01.82 01.83 01.85 01.85 01.92 02.03 02.16 02.29 02.50 02.82 -9999.00 -9999.0 -9999.0 -9999.0 -9999.0 -9999.0 -9999.00 02.56 02.29 02.18 02.07 01.98 01.90 01.87 01.79 01.78 01.76 01.75 01.72 01.70 01.68 01.66 01.64 01.62 01.60 01.57
-9999.0 -9999.0 -9999.0 -9999.0 -9999.0 -9999.0 -9999.0 -9999.0 -9999.0 -9999.0 -9999.0 -9999.0 -9999.0 -9999.0 -9999.0 -9999.0 -9999.0 -9999.0 -9999.0 -9999.0 01.46 01.49 01.51 01.54 01.56 01.59 01.61 01.64 01.66 01.69 01.72 01.74 01.77 01.79 01.82 01.84 01.86 01.91 01.95 02.01 02.11 02.21 02.37 02.47 02.68 02.81 02.83 -9999.0 -9999.0 -9999.0 -9999.0 -9999.00 02.74 02.67 02.47 02.42 02.24 02.12 02.09 02.01 01.97 01.89 01.85 01.82 01.78 01.75 01.72 01.70 01.67 01.65 01.63 01.60
-9999.0 -9999.0 -9999.0 -9999.0 -9999.0 -9999.0 -9999.0 -9999.0 -9999.0 -9999.0 -9999.0 -9999.0 -9999.0 -9999.0 -9999.0 -9999.0 -9999.0 -9999.0 -9999.0 -9999.0 01.49 01.51 01.54 01.56 01.59 01.62 01.64 01.67 01.70 01.73 01.76 01.78 01.81 01.83 01.86 01.88 01.92 02.03 02.09 02.18 02.27 02.35 02.51 02.61 02.73 02.80 02.82 -9999.00 -9999.0 -9999.0 -9999.0 02.75 02.73 02.70 02.59 02.48 02.37 02.26 02.25 02.14 02.08 02.04 01.97 01.92 01.87 01.81 01.77 01.74 01.72 01.69 01.66 01.63
-9999.0 -9999.0 -9999.0 -9999.0 -9999.0 -9999.0 -9999.0 -9999.0 -9999.0 -9999.0 -9999.0 -9999.0 -9999.0 -9999.0 -9999.0 -9999.0 -9999.0 -9999.0 -9999.0 -9999.0 01.51 01.54 01.56 01.59 01.62 01.65 01.68 01.71 01.74 01.76 01.79 01.82 01.85 01.90 01.94 01.99 02.07 02.14 02.21 02.32 02.40 02.45 02.56 02.66 02.75 02.78 02.80 02.82 -9999.00 -9999.0 -9999.00 02.73 02.71 02.69 02.66 02.54 02.43 02.35 02.29 02.24 02.18 02.17 02.09 02.02 01.96 01.91 01.86 01.82 01.78 01.74 01.70 01.67
-9999.0 -9999.0 -9999.0 -9999.0 -9999.0 -9999.0 -9999.0 -9999.0 -9999.0 -9999.0 -9999.0 -9999.0 -9999.0 -9999.0 -9999.0 -9999.0 -9999.0 -9999.0 -9999.0 -9999.0 01.53 01.56 01.58 01.62 01.65 01.68 01.71 01.73 01.76 01.79 01.82 01.85 01.88 01.98 02.04 02.11 02.21 02.26 02.32 02.39 02.44 02.51 02.60 02.70 02.74 02.76 02.78 02.82 02.90 -9999.00 02.84 02.74 02.70 02.67 02.65 02.59 02.50 02.42 02.35 02.30 02.25 02.20 02.16 02.11 02.05 02.03 01.96 01.90 01.85 01.81 01.76 01.70
-9999.0 -9999.0 -9999.0 -9999.0 -9999.0 -9999.0 -9999.0 -9999.0 -9999.0 -9999.0 -9999.0 -9999.0 -9999.0 -9999.0 -9999.0 -9999.0 -9999.0 -9999.0 -9999.0 01.53 01.56 01.59 01.61 01.65 01.67 01.70 01.73 01.77 01.80 01.83 01.87 01.93 02.00 02.07 02.13 02.22 02.29 02.33 02.38 02.43 02.50 02.57 02.64 02.69 02.72 02.74 02.77 02.88 03.03 03.29 03.00 02.83 02.70 02.66 02.63 02.60 02.55 02.48 02.41 02.35 02.28 02.24 02.20 02.15 02.11 02.07 02.03 01.98 01.92 01.87 01.83 01.78
-9999.0 -9999.0 -9999.0 -9999.0 -9999.0 -9999.0 -9999.0 -9999.0 -9999.0 -9999.0 -9999.0 -9999.0 -9999.0 -9999.0 -9999.0 -9999.0 -9999.0 -9999.0 -9999.0 01.55 01.58 01.61 01.64 01.67 01.70 01.73 01.76 01.81 01.85 01.90 01.96 02.03 02.11 02.14 02.21 02.27 02.32 02.37 02.43 02.48 02.55 02.61 02.67 02.68 02.70 02.73 02.80 02.92 03.06 03.26 03.04 02.88 02.75 02.66 02.62 02.60 02.58 02.53 02.46 02.40 02.33 02.28 02.23 02.19 02.15 02.11 02.06 02.02 01.98 01.93 01.88 01.86
-9999.0 -9999.0 -9999.0 -9999.0 -9999.0 -9999.0 -9999.0 -9999.0 -9999.0 -9999.0 -9999.0 -9999.0 -9999.0 -9999.0 -9999.0 -9999.0 -9999.0 -9999.0 -9999.0 01.58 01.61 01.63 01.67 01.70 01.73 01.76 01.79 01.87 01.92 01.97 02.04 02.11 02.17 02.20 02.25 02.30 02.35 02.41 02.47 02.53 02.58 02.65 02.67 02.68 02.69 02.73 02.84 02.95 03.06 03.23 03.05 02.92 02.80 02.68 02.61 02.60 02.59 02.57 02.51 02.45 02.40 02.32 02.27 02.22 02.18 02.14 02.10 02.05 02.01 01.97 01.93 01.89
-9999.0 -9999.0 -9999.0 -9999.0 -9999.0 -9999.0 -9999.0 -9999.0 -9999.0 -9999.0 -9999.0 -9999.0 -9999.0 -9999.0 -9999.0 -9999.0 -9999.0 -9999.0 -9999.0 01.60 01.63 01.66 01.69 01.72 01.76 01.80 01.86 01.92 01.98 02.04 02.10 02.15 02.19 02.24 02.29 02.33 02.38 02.44 02.51 02.56 02.62 02.66 02.67 02.67 02.69 02.76 02.87 02.98 03.08 03.20 03.07 02.95 02.83 02.72 02.63 02.60 02.59 02.58 02.55 02.50 02.46 02.38 02.31 02.26 02.20 02.17 02.12 02.08 02.03 02.00 01.96 01.92
-9999.0 -9999.0 -9999.0 -9999.0 -9999.0 -9999.0 -9999.0 -9999.0 -9999.0 -9999.0 -9999.0 -9999.0 -9999.0 -9999.0 -9999.0 -9999.0 -9999.0 -9999.0 -9999.0 01.62 01.65 01.68 01.72 01.77 01.82 01.87 01.94 01.97 02.03 02.08 02.13 02.17 02.22 02.27 02.31 02.36 02.41 02.49 02.55 02.59 02.64 02.66 02.66 02.68 02.72 02.79 02.88 02.99 03.07 03.18 03.07 02.96 02.86 02.76 02.68 02.62 02.59 02.58 02.56 02.53 02.48 02.44 02.35 02.29 02.24 02.19 02.15 02.10 02.06 02.02 01.98 01.94
-9999.0 -9999.0 -9999.0 -9999.0 -9999.0 -9999.0 -9999.0 -9999.0 -9999.0 -9999.0 -9999.0 -9999.0 -9999.0 -9999.0 -9999.0 -9999.0 -9999.0 -9999.0 -9999.0 01.64 01.68 01.72 01.77 01.82 01.88 01.94 01.99 02.02 02.06 02.11 02.15 02.20 02.24 02.29 02.33 02.39 02.45 02.53 02.58 02.62 02.65 02.66 02.66 02.69 02.75 02.83 02.90 02.98 03.05 03.14 03.04 02.96 02.88 02.80 02.72 02.65 02.60 02.58 02.57 02.55 02.50 02.46 02.39 02.33 02.28 02.22 02.17 02.14 02.08 02.04 02.00 01.96
-9999.0 -9999.0 -9999.0 -9999.0 -9999.0 -9999.0 -9999.0 -9999.0 -9999.0 -9999.0 -9999.0 -9999.0 -9999.0 -9999.0 -9999.0 -9999.0 -9999.0 -9999.0 -9999.0 01.68 01.72 01.77 01.82 01.87 01.93 01.96 02.00 02.04 02.09 02.13 02.17 02.22 02.26 02.31 02.37 02.42 02.50 02.55 02.59 02.63 02.65 02.65 02.68 02.72 02.79 02.85 02.93 02.99 03.05 03.12 03.05 02.98 02.91 02.83 02.76 02.68 02.63 02.58 02.57 02.55 02.52 02.49 02.44 02.36 02.31 02.25 02.20 02.17 02.12 02.07 02.02 01.98
-9999.0 -9999.0 -9999.0 -9999.0 -9999.0 -9999.0 -9999.0 -9999.0 -9999.0 -9999.0 -9999.0 -9999.0 -9999.0 -9999.0 -9999.0 -9999.0 -9999.0 -9999.0 -9999.0 01.72 01.76 01.81 01.85 01.90 01.94 01.98 02.02 02.06 02.10 02.14 02.19 02.24 02.28 02.34 02.39 02.44 02.52 02.56 02.60 02.62 02.64 02.66 02.69 02.75 02.81 02.88 02.95 03.01 03.06 03.12 03.06 03.00 02.93 02.86 02.79 02.70 02.65 02.61 02.56 02.54 02.53 02.49 02.46 02.41 02.34 02.28 02.23 02.18 02.15 02.10 02.05 02.00
-9999.0 -9999.0 -9999.0 -9999.0 -9999.0 -9999.0 -9999.0 -9999.0 -9999.0 -9999.0 -9999.0 -9999.0 -9999.0 -9999.0 -9999.0 -9999.0 -9999.0 -9999.0 -9999.0 01.75 01.79 01.84 01.87 01.92 01.96 02.00 02.03 02.08 02.12 02.16 02.22 02.26 02.31 02.36 02.41 02.48 02.54 02.57 02.60 02.62 02.63 02.67 02.71 02.76 02.83 02.90 02.96 03.02 03.06 03.11 03.06 03.01 02.94 02.89 02.83 02.73 02.67 02.62 02.57 02.54 02.52 02.50 02.46 02.43 02.37 02.31 02.26 02.20 02.16 02.12 02.08 02.03
