examples/flatland/Outputs/centerIgnit/c_atmRAWS/clockwise/1hr/flatland_centerIgnit_counterClockwise1hr_atmRAWS/flatland_centerIgnit_counterClockwise1hr_atmRAWS_Intensity.asc
NCOLS 100
NROWS 100
XLLCORNER 20000.000000
YLLCORNER 20000.000000
CELLSIZE 30.000000
NODATA_VALUE -9999.0
[rows 28 to 55 of 100, columns 0 to 61 of 100]
-9999.0 -9999.0 -9999.0 -9999.0 -9999.0 -9999.0 -9999.0 -9999.0 -9999.0 -9999.0 -9999.0 -9999.0 -9999.0 -9999.0 -9999.0 -9999.0 -9999.0 -9999.0 -9999.0 -9999.0 -9999.0 -9999.0 -9999.0 -9999.0 00035.064 00035.824 00036.551 00037.259 00037.621 00027.099 00026.546 00027.400 00028.208 00027.636 00021.219 00021.820 00022.280 00022.765 00023.055 00022.680 00022.750 00022.801 00022.833 00022.878 00022.844 00022.820 00022.795 00022.776 00022.760 00022.709 00022.662 00022.619 00026.463 00031.929 00032.425 00032.535 00032.650 00032.695 00032.608 00035.295 00043.784 00045.748
-9999.0 -9999.0 -9999.0 -9999.0 -9999.0 -9999.0 -9999.0 -9999.0 -9999.0 -9999.0 -9999.0 -9999.0 -9999.0 -9999.0 -9999.0 -9999.0 -9999.0 -9999.0 -9999.0 -9999.0 -9999.0 -9999.0 -9999.0 -9999.0 00035.284 00036.007 00036.719 00037.164 00028.882 00025.512 00026.626 00027.574 00025.831 00021.202 00021.612 00022.161 00022.725 00023.165 00023.239 00023.289 00023.362 00023.436 00023.485 00026.732 00029.420 00028.505 00026.133 00024.400 00023.400 00023.335 00023.281 00023.232 00023.224 00023.165 00028.160 00033.333 00033.513 00033.455 00033.640 00033.907 00033.893 00042.745
-9999.0 -9999.0 -9999.0 -9999.0 -9999.0 -9999.0 -9999.0 -9999.0 -9999.0 -9999.0 -9999.0 -9999.0 -9999.0 -9999.0 -9999.0 -9999.0 -9999.0 -9999.0 -9999.0 -9999.0 -9999.0 -9999.0 -9999.0 00034.956 00035.574 00036.169 00036.711 00031.562 00025.075 00025.734 00026.579 00024.505 00021.105 00021.566 00022.034 00023.204 00023.818 00023.890 00023.924 00023.990 00028.098 00033.339 00032.875 00032.387 00031.226 00029.586 00027.842 00026.928 00026.370 00025.843 00024.495 00023.960 00023.927 00023.800 00023.676 00024.063 00033.841 00034.847 00035.183 00035.045 00034.903 00034.627
-9999.0 -9999.0 -9999.0 -9999.0 -9999.0 -9999.0 -9999.0 -9999.0 -9999.0 -9999.0 -9999.0 -9999.0 -9999.0 -9999.0 -9999.0 -9999.0 -9999.0 -9999.0 -9999.0 -9999.0 -9999.0 -9999.0 00034.406 00035.158 00035.844 00036.368 00035.334 00024.544 00025.275 00025.959 00025.018 00020.925 00021.407 00021.965 00023.916 00024.294 00024.484 00024.655 00027.686 00035.514 00034.943 00034.570 00034.023 00033.385 00032.679 00030.731 00029.077 00027.538 00026.770 00026.085 00025.537 00024.902 00024.418 00024.479 00024.366 00024.246 00024.107 00032.118 00035.967 00035.993 00035.806 00035.595
-9999.0 -9999.0 -9999.0 -9999.0 -9999.0 -9999.0 -9999.0 -9999.0 -9999.0 -9999.0 -9999.0 -9999.0 -9999.0 -9999.0 -9999.0 -9999.0 -9999.0 -9999.0 -9999.0 -9999.0 -9999.0 -9999.0 00034.556 00035.325 00036.027 00036.375 00026.389 00024.795 00025.459 00025.974 00020.742 00021.224 00021.740 00024.733 00024.832 00025.047 00025.222 00034.269 00037.452 00036.922 00036.373 00035.931 00035.394 00034.593 00033.586 00038.399 00041.733 00033.146 00027.268 00026.482 00025.885 00025.315 00024.686 00024.202 00025.089 00025.014 00024.863 00024.687 00032.721 00036.754 00036.657 00036.386
-9999.0 -9999.0 -9999.0 -9999.0 -9999.0 -9999.0 -9999.0 -9999.0 -9999.0 -9999.0 -9999.0 -9999.0 -9999.0 -9999.0 -9999.0 -9999.0 -9999.0 -9999.0 -9999.0 -9999.0 -9999.0 00033.915 00034.686 00035.440 00036.018 00030.852 00024.456 00024.977 00025.545 00020.533 00021.058 00021.548 00025.080 00025.528 00025.678 00025.895 00038.729 00038.905 00038.634 00038.237 00037.775 00037.315 00038.497 00050.013 00052.099 00050.441 00047.776 00044.247 00041.378 00039.833 00030.466 00025.606 00024.952 00024.450 00023.949 00025.685 00025.644 00025.325 00025.022 00033.734 00037.277 00037.078
-9999.0 -9999.0 -9999.0 -9999.0 -9999.0 -9999.0 -9999.0 -9999.0 -9999.0 -9999.0 -9999.0 -9999.0 -9999.0 -9999.0 -9999.0 -9999.0 -9999.0 -9999.0 -9999.0 -9999.0 -9999.0 00033.971 00034.811 00035.525 00035.520 00023.992 00024.723 00025.246 00022.806 00020.899 00021.379 00023.914 00026.036 00026.338 00026.618 00040.411 00040.573 00040.377 00040.155 00039.975 00039.489 00047.679 00054.314 00053.750 00052.995 00052.226 00049.486 00045.487 00041.500 00040.115 00038.422 00037.034 00025.295 00024.614 00024.105 00023.696 00026.071 00025.916 00025.559 00025.176 00035.392 00037.453
-9999.0 -9999.0 -9999.0 -9999.0 -9999.0 -9999.0 -9999.0 -9999.0 -9999.0 -9999.0 -9999.0 -9999.0 -9999.0 -9999.0 -9999.0 -9999.0 -9999.0 -9999.0 -9999.0 -9999.0 00032.709 00033.748 00034.874 00035.416 00027.291 00024.249 00024.897 00025.351 00020.734 00021.192 00021.721 00026.308 00026.689 00027.080 00036.802 00042.363 00042.422 00042.259 00042.233 00042.319 00052.095 00055.567 00055.224 00054.744 00053.921 00052.726 00050.255 00047.595 00043.852 00040.504 00038.422 00036.742 00035.150 00028.070 00024.386 00023.961 00023.593 00026.342 00025.999 00025.575 00025.156 00037.007
-9999.0 -9999.0 -9999.0 -9999.0 -9999.0 -9999.0 -9999.0 -9999.0 -9999.0 -9999.0 -9999.0 -9999.0 -9999.0 -9999.0 -9999.0 -9999.0 -9999.0 -9999.0 -9999.0 -9999.0 00032.568 00033.536 00034.539 00033.260 00023.669 00024.363 00024.993 00020.496 00021.027 00021.524 00026.397 00026.868 00027.292 00030.694 00042.965 00043.197 00043.436 00043.498 00043.510 00051.253 00056.437 00056.222 00055.890 00055.514 00054.932 00054.005 00052.101 00049.189 00045.015 00040.655 00038.491 00036.651 00035.106 00033.757 00027.482 00024.238 00023.873 00023.543 00026.344 00026.051 00025.691 00025.579
-9999.0 -9999.0 -9999.0 -9999.0 -9999.0 -9999.0 -9999.0 -9999.0 -9999.0 -9999.0 -9999.0 -9999.0 -9999.0 -9999.0 -9999.0 -9999.0 -9999.0 -9999.0 -9999.0 -9999.0 00032.493 00033.334 00034.076 00025.216 00023.755 00024.464 00023.148 00020.855 00021.334 00024.501 00026.767 00027.223 00027.735 00043.241 00043.598 00043.970 00044.259 00044.477 00048.563 00056.720 00056.698 00056.656 00056.605 00056.226 00055.788 00055.117 00054.319 00053.607 00055.269 00045.141 00038.484 00036.500 00034.845 00033.552 00032.734 00025.860 00024.179 00023.819 00023.466 00026.555 00026.249 00025.929
-9999.0 -9999.0 -9999.0 -9999.0 -9999.0 -9999.0 -9999.0 -9999.0 -9999.0 -9999.0 -9999.0 -9999.0 -9999.0 -9999.0 -9999.0 -9999.0 -9999.0 -9999.0 -9999.0 00031.675 00032.423 00033.195 00032.981 00023.011 00023.825 00024.436 00020.635 00021.128 00021.663 00026.881 00027.299 00027.743 00038.400 00043.605 00043.900 00044.262 00044.642 00045.055 00056.539 00056.888 00057.001 00057.037 00056.990 00056.918 00056.393 00055.225 00054.786 00056.502 00059.088 00057.170 00055.655 00039.940 00034.517 00033.170 00032.664 00032.520 00024.495 00024.088 00023.708 00024.102 00027.119 00026.876
-9999.0 -9999.0 -9999.0 -9999.0 -9999.0 -9999.0 -9999.0 -9999.0 -9999.0 -9999.0 -9999.0 -9999.0 -9999.0 -9999.0 -9999.0 -9999.0 -9999.0 -9999.0 -9999.0 00031.489 00032.320 00033.000 00027.114 00022.823 00023.718 00022.113 00020.933 00021.427 00027.020 00027.457 00027.893 00029.538 00044.152 00044.532 00044.773 00045.020 00045.276 00052.622 00056.846 00056.994 00057.146 00057.278 00057.386 00057.118 00054.917 00052.316 00054.861 00057.203 00059.980 00057.892 00056.051 00053.842 00040.533 00033.079 00032.779 00032.637 00032.191 00024.360 00023.944 00023.540 00026.486 00027.766
-9999.0 -9999.0 -9999.0 -9999.0 -9999.0 -9999.0 -9999.0 -9999.0 -9999.0 -9999.0 -9999.0 -9999.0 -9999.0 -9999.0 -9999.0 -9999.0 -9999.0 -9999.0 -9999.0 00031.267 00032.235 00032.767 00021.998 00022.823 00023.408 00020.702 00021.216 00022.384 00027.997 00028.431 00028.895 00044.337 00045.224 00045.501 00045.779 00046.105 00049.010 00056.798 00056.967 00057.100 00057.246 00057.391 00057.421 00056.457 00050.079 00051.989 00054.461 00057.050 00060.760 00058.056 00055.918 00053.763 00051.557 00037.466 00032.899 00032.645 00031.924 00031.046 00024.193 00023.756 00023.358 00028.506
-9999.0 -9999.0 -9999.0 -9999.0 -9999.0 -9999.0 -9999.0 -9999.0 -9999.0 -9999.0 -9999.0 -9999.0 -9999.0 -9999.0 -9999.0 -9999.0 -9999.0 -9999.0 00030.247 00031.105 00032.021 00031.249 00022.201 00022.845 00022.853 00020.956 00021.473 00028.061 00028.876 00029.413 00031.827 00046.300 00046.425 00046.700 00046.953 00047.619 00055.179 00056.827 00057.017 00057.209 00057.361 00057.483 00057.272 00051.551 00049.216 00051.215 00054.038 00056.848 00061.527 00058.401 00055.822 00053.448 00051.922 00051.113 00034.990 00032.652 00031.567 00030.643 00026.523 00023.981 00023.590 00026.525
-9999.0 -9999.0 -9999.0 -9999.0 -9999.0 -9999.0 -9999.0 -9999.0 -9999.0 -9999.0 -9999.0 -9999.0 -9999.0 -9999.0 -9999.0 -9999.0 -9999.0 -9999.0 00030.106 00030.923 00031.678 00026.985 00022.214 00022.856 00021.096 00021.190 00021.747 00029.135 00029.706 00030.312 00041.906 00047.579 00048.002 00048.443 00048.870 00050.119 00056.450 00056.740 00057.043 00057.236 00057.417 00057.365 00054.081 00048.661 00049.437 00050.458 00053.283 00056.914 00062.054 00058.549 00055.586 00053.171 00052.375 00051.746 00050.949 00032.254 00031.130 00030.185 00029.412 00024.238 00023.818 00023.428
-9999.0 -9999.0 -9999.0 -9999.0 -9999.0 -9999.0 -9999.0 -9999.0 -9999.0 -9999.0 -9999.0 -9999.0 -9999.0 -9999.0 -9999.0 -9999.0 -9999.0 -9999.0 00029.836 00030.732 00031.294 00023.174 00022.098 00022.764 00020.906 00021.426 00024.311 00029.939 00030.556 00031.248 00048.155 00048.586 00049.033 00049.497 00049.885 00053.070 00056.244 00056.521 00056.814 00057.121 00057.341 00056.887 00048.451 00049.110 00049.899 00050.632 00051.773 00054.588 00062.265 00057.230 00054.790 00053.650 00052.955 00052.303 00051.382 00049.113 00030.563 00029.647 00028.948 00025.556 00024.050 00023.650
-9999.0 -9999.0 -9999.0 -9999.0 -9999.0 -9999.0 -9999.0 -9999.0 -9999.0 -9999.0 -9999.0 -9999.0 -9999.0 -9999.0 -9999.0 -9999.0 -9999.0 -9999.0 00029.520 00030.383 00030.941 00021.269 00021.997 00022.592 00021.148 00021.680 00029.221 00030.656 00031.309 00032.036 00048.906 00049.372 00049.859 00050.368 00050.943 00054.364 00055.869 00056.223 00056.557 00056.849 00056.853 00051.383 00046.582 00049.060 00050.368 00051.131 00051.855 00052.643 -9999.0 -9999.000 00054.845 00054.208 00053.530 00052.841 00050.909 00048.595 00036.578 00029.214 00028.506 00027.725 00024.281 00023.912
-9999.0 -9999.0 -9999.0 -9999.0 -9999.0 -9999.0 -9999.0 -9999.0 -9999.0 -9999.0 -9999.0 -9999.0 -9999.0 -9999.0 -9999.0 -9999.0 -9999.0 -9999.0 00029.232 00030.086 00030.630 00021.285 00021.912 00021.818 00021.377 00021.934 00030.658 00031.329 00032.050 00037.957 00049.681 00050.153 00050.627 00051.084 00052.055 00054.104 00054.921 00055.580 00056.238 00056.538 00056.073 00046.081 00045.543 00047.876 00050.817 00051.605 00052.321 -9999.000 -9999.0 -9999.0 -9999.000 00054.773 00054.137 00052.862 00049.995 00047.960 00044.419 00028.328 00027.469 00026.735 00024.928 00024.469
-9999.0 -9999.0 -9999.0 -9999.0 -9999.0 -9999.0 -9999.0 -9999.0 -9999.0 -9999.0 -9999.0 -9999.0 -9999.0 -9999.0 -9999.0 -9999.0 -9999.0 -9999.0 00028.983 00029.789 00029.288 00021.223 00021.838 00021.349 00021.581 00022.158 00031.362 00032.096 00032.976 00042.627 00050.663 00051.282 00051.978 00052.763 00053.264 00053.027 00053.526 00054.011 00054.593 00055.219 00054.440 00040.574 00044.043 00045.476 00049.735 00052.070 -9999.000 -9999.0 -9999.0 -9999.0 -9999.0 -9999.000 00054.702 00052.612 00047.418 00045.529 00041.949 00028.399 00026.272 00025.904 00025.790 00025.123
-9999.0 -9999.0 -9999.0 -9999.0 -9999.0 -9999.0 -9999.0 -9999.0 -9999.0 -9999.0 -9999.0 -9999.0 -9999.0 -9999.0 -9999.0 -9999.0 -9999.0 -9999.0 00028.641 00029.456 00027.546 00021.112 00021.735 00021.157 00021.773 00022.385 00032.081 00032.784 00034.418 00046.362 00052.134 00052.970 00053.696 00054.452 00054.869 00051.983 00051.494 00051.811 00052.187 00052.597 00050.336 00037.805 00040.248 00042.182 00046.606 00052.451 -9999.0 -9999.0 -9999.0 -9999.0 -9999.0 -9999.0 -9999.000 00049.602 00044.475 00041.419 00038.358 00025.837 00025.325 00025.190 00026.476 00025.796
-9999.0 -9999.0 -9999.0 -9999.0 -9999.0 -9999.0 -9999.0 -9999.0 -9999.0 -9999.0 -9999.0 -9999.0 -9999.0 -9999.0 -9999.0 -9999.0 -9999.0 -9999.0 00028.110 00029.064 00026.286 00020.986 00021.589 00021.400 00021.993 00023.816 00032.895 00034.144 00036.001 00046.859 00053.055 00053.758 00054.531 00055.322 00055.716 00052.548 00049.418 00049.437 00049.428 00049.392 00049.938 00035.990 00035.448 00038.199 00040.969 -9999.000 -9999.0 -9999.0 -9999.0 -9999.0 -9999.0 -9999.0 -9999.000 00044.303 00039.776 00036.066 00034.463 00025.092 00024.912 00024.804 00026.760 00026.115
-9999.0 -9999.0 -9999.0 -9999.0 -9999.0 -9999.0 -9999.0 -9999.0 -9999.0 -9999.0 -9999.0 -9999.0 -9999.0 -9999.0 -9999.0 -9999.0 -9999.0 -9999.0 00027.370 00028.259 00025.259 00020.837 00021.476 00021.722 00022.361 00025.753 00034.662 00036.156 00037.214 00043.208 00053.720 00054.304 00054.848 00055.397 00055.828 00054.635 00048.094 00048.176 00048.237 00048.310 00048.155 00041.181 00031.955 00033.474 00034.443 -9999.000 -9999.0 -9999.0 -9999.0 -9999.0 -9999.0 -9999.0 -9999.0 00035.317 00034.905 00033.118 00030.388 00024.848 00024.704 00026.234 00027.022 00026.370
-9999.0 -9999.0 -9999.0 -9999.0 -9999.0 -9999.0 -9999.0 -9999.0 -9999.0 -9999.0 -9999.0 -9999.0 -9999.0 -9999.0 -9999.0 -9999.0 -9999.0 -9999.0 00026.537 00027.379 00024.276 00020.496 00021.104 00022.084 00022.771 00025.596 00036.115 00037.780 00038.460 00039.831 00053.891 00054.411 00054.881 00055.371 00055.900 00056.058 00049.795 00046.895 00046.880 00046.841 00046.753 00045.991 00030.846 00030.938 00031.289 00031.436 -9999.000 -9999.0 -9999.0 -9999.0 -9999.0 -9999.0 -9999.000 00032.168 00031.902 00031.399 00024.808 00024.660 00024.533 00028.060 00027.295 00026.591
-9999.0 -9999.0 -9999.0 -9999.0 -9999.0 -9999.0 -9999.0 -9999.0 -9999.0 -9999.0 -9999.0 -9999.0 -9999.0 -9999.0 -9999.0 -9999.0 -9999.0 -9999.0 00025.712 00026.431 00025.884 00020.123 00020.667 00022.337 00023.095 00023.922 00037.184 00038.158 00039.207 00040.440 00050.952 00054.377 00054.848 00055.315 00055.767 00056.052 00053.889 00045.650 00045.584 00045.458 00045.291 00044.980 00042.179 00029.519 00030.157 00030.828 00031.502 -9999.0 -9999.0 -9999.0 -9999.0 -9999.000 00032.189 00031.452 00030.761 00027.672 00024.691 00024.543 00025.236 00028.696 00027.629 00026.862
-9999.0 -9999.0 -9999.0 -9999.0 -9999.0 -9999.0 -9999.0 -9999.0 -9999.0 -9999.0 -9999.0 -9999.0 -9999.0 -9999.0 -9999.0 -9999.0 -9999.0 -9999.0 00025.216 00025.887 00026.324 00019.852 00020.392 00022.214 00023.379 00024.119 00037.573 00038.624 00039.744 00040.820 00045.622 00054.320 00054.745 00055.182 00055.581 00056.007 00056.008 00050.302 00044.350 00044.171 00044.184 00044.200 00044.001 00038.481 00029.597 00030.273 00030.974 -9999.000 -9999.0 -9999.0 -9999.0 00032.429 00031.709 00030.971 00030.218 00024.753 00024.595 00024.436 00029.520 00029.042 00028.137 00030.354
-9999.0 -9999.0 -9999.0 -9999.0 -9999.0 -9999.0 -9999.0 -9999.0 -9999.0 -9999.0 -9999.0 -9999.0 -9999.0 -9999.0 -9999.0 -9999.0 -9999.0 -9999.0 00024.786 00025.447 00025.939 00019.579 00020.198 00021.330 00023.511 00024.216 00033.895 00039.102 00040.073 00041.109 00042.271 00052.675 00054.579 00054.962 00055.321 00055.654 00055.943 00055.820 00047.404 00043.728 00043.865 00044.004 00044.128 00043.872 00035.171 00029.683 00030.349 00030.706 -9999.000 -9999.0 -9999.000 00031.210 00030.916 00030.326 00024.812 00024.650 00024.498 00027.783 00029.915 00029.119 00028.358 00038.000
-9999.0 -9999.0 -9999.0 -9999.0 -9999.0 -9999.0 -9999.0 -9999.0 -9999.0 -9999.0 -9999.0 -9999.0 -9999.0 -9999.0 -9999.0 -9999.0 -9999.0 -9999.0 -9999.0 00024.991 00025.597 00021.078 00019.989 00020.520 00023.593 00024.265 00026.196 00039.371 00040.343 00041.403 00042.585 00047.155 00054.359 00054.668 00054.985 00055.311 00055.634 00055.814 00055.263 00045.265 00043.744 00043.805 00043.799 00043.797 00043.036 00031.432 00028.776 00028.814 00028.359 -9999.000 00028.504 00029.113 00029.084 00026.951 00024.752 00024.564 00024.626 00030.291 00029.887 00029.178 00031.530 00042.261
-9999.0 -9999.0 -9999.0 -9999.0 -9999.0 -9999.0 -9999.0 -9999.0 -9999.0 -9999.0 -9999.0 -9999.0 -9999.0 -9999.0 -9999.0 -9999.0 -9999.0 -9999.0 -9999.0 00024.400 00025.008 00024.151 00019.769 00020.290 00023.571 00024.321 00025.110 00039.594 00040.627 00041.712 00042.865 00044.417 00051.028 00054.352 00054.660 00054.971 00055.307 00055.668 00055.791 00053.122 00043.005 00043.001 00042.654 00042.260 00041.790 00040.613 00030.356 00027.133 00026.975 00026.376 00027.062 00027.271 00026.609 00025.029 00024.765 00024.508 00030.524 00030.159 00029.754 00029.216 00041.721 00043.189
