examples/flatland/Outputs/centerIgnit/c_atmRAWS/clockwise/1hr/flatland_centerIgnit_counterClockwise1hr_atmRAWS/flatland_centerIgnit_counterClockwise1hr_atmRAWS_HeatPerUnitArea.asc
NCOLS 100
NROWS 100
XLLCORNER 20000.000000
YLLCORNER 20000.000000
CELLSIZE 30.000000
NODATA_VALUE -9999.0
[rows 28 to 55 of 100, columns 0 to 61 of 100]
-9999.0 -9999.0 -9999.0 -9999.0 -9999.0 -9999.0 -9999.0 -9999.0 -9999.0 -9999.0 -9999.0 -9999.0 -9999.0 -9999.0 -9999.0 -9999.0 -9999.0 -9999.0 -9999.0 -9999.0 -9999.0 -9999.0 -9999.0 -9999.0 01002.228 01007.387 01011.735 01015.562 01018.985 01020.429 01027.060 01030.694 01034.172 01037.414 01040.132 01045.050 01048.948 01053.166 01056.971 01059.715 01062.998 01065.842 01068.400 01070.638 01072.872 01073.032 01071.736 01070.129 01068.331 01065.784 01063.433 01060.029 01057.356 01055.498 01052.669 01049.664 01046.858 01044.237 01041.560 01038.443 01037.429 01035.729
-9999.0 -9999.0 -9999.0 -9999.0 -9999.0 -9999.0 -9999.0 -9999.0 -9999.0 -9999.0 -9999.0 -9999.0 -9999.0 -9999.0 -9999.0 -9999.0 -9999.0 -9999.0 -9999.0 -9999.0 -9999.0 -9999.0 -9999.0 -9999.0 01005.718 01010.462 01014.622 01018.216 01020.128 01026.340 01030.770 01034.574 01037.676 01041.846 01046.354 01051.304 01056.313 01059.528 01063.753 01067.823 01071.213 01074.777 01077.968 01078.800 01078.883 01081.075 01078.847 01078.775 01077.889 01074.889 01071.644 01068.024 01064.485 01060.669 01057.142 01054.634 01051.319 01048.233 01045.413 01042.740 01038.984 01037.615
-9999.0 -9999.0 -9999.0 -9999.0 -9999.0 -9999.0 -9999.0 -9999.0 -9999.0 -9999.0 -9999.0 -9999.0 -9999.0 -9999.0 -9999.0 -9999.0 -9999.0 -9999.0 -9999.0 -9999.0 -9999.0 -9999.0 -9999.0 01003.914 01008.908 01013.303 01017.212 01019.798 01025.336 01029.959 01034.301 01037.859 01042.454 01047.342 01052.778 01057.704 01062.515 01066.860 01071.344 01076.092 01078.801 01082.185 01083.976 01085.442 01086.899 01088.163 01087.168 01085.988 01084.442 01082.651 01078.799 01076.850 01072.563 01067.768 01063.341 01058.573 01056.138 01052.740 01049.434 01046.140 01043.096 01039.195
-9999.0 -9999.0 -9999.0 -9999.0 -9999.0 -9999.0 -9999.0 -9999.0 -9999.0 -9999.0 -9999.0 -9999.0 -9999.0 -9999.0 -9999.0 -9999.0 -9999.0 -9999.0 -9999.0 -9999.0 -9999.0 -9999.0 01001.999 01007.274 01011.890 01015.950 01019.440 01023.323 01028.918 01033.446 01037.552 01042.547 01047.919 01053.752 01058.558 01063.811 01068.889 01074.466 01078.771 01082.395 01084.701 01086.963 01088.890 01090.763 01092.343 01094.038 01093.912 01092.574 01090.940 01089.010 01086.254 01083.528 01078.796 01075.588 01070.267 01065.398 01060.618 01056.650 01053.211 01049.579 01046.258 01043.160
-9999.0 -9999.0 -9999.0 -9999.0 -9999.0 -9999.0 -9999.0 -9999.0 -9999.0 -9999.0 -9999.0 -9999.0 -9999.0 -9999.0 -9999.0 -9999.0 -9999.0 -9999.0 -9999.0 -9999.0 -9999.0 -9999.0 01005.235 01010.287 01014.566 01018.420 01020.342 01027.476 01032.341 01036.953 01041.213 01047.216 01054.017 01059.182 01064.643 01070.024 01076.086 01078.854 01083.870 01086.572 01089.025 01091.521 01094.060 01096.202 01098.250 01098.767 01098.842 01098.747 01098.049 01095.844 01092.803 01089.738 01085.846 01081.992 01078.223 01072.192 01066.286 01060.815 01056.703 01053.267 01049.575 01046.173
-9999.0 -9999.0 -9999.0 -9999.0 -9999.0 -9999.0 -9999.0 -9999.0 -9999.0 -9999.0 -9999.0 -9999.0 -9999.0 -9999.0 -9999.0 -9999.0 -9999.0 -9999.0 -9999.0 -9999.0 -9999.0 01002.770 01008.265 01012.976 01017.085 01019.806 01025.722 01030.742 01035.608 01039.070 01045.887 01052.480 01058.583 01064.598 01070.771 01077.029 01078.888 01084.505 01087.409 01090.374 01093.445 01096.266 01098.681 01098.863 01100.298 01100.801 01101.260 01101.069 01100.636 01099.716 01098.754 01096.283 01092.017 01087.826 01083.354 01078.716 01072.287 01066.333 01060.765 01056.603 01052.993 01049.241
-9999.0 -9999.0 -9999.0 -9999.0 -9999.0 -9999.0 -9999.0 -9999.0 -9999.0 -9999.0 -9999.0 -9999.0 -9999.0 -9999.0 -9999.0 -9999.0 -9999.0 -9999.0 -9999.0 -9999.0 -9999.0 01005.861 01011.009 01015.460 01019.374 01022.836 01029.059 01033.906 01038.042 01044.188 01050.777 01057.604 01063.387 01069.394 01076.214 01078.888 01084.831 01087.888 01090.958 01094.129 01097.451 01098.804 01100.307 01100.994 01101.641 01102.166 01102.668 01102.821 01102.378 01101.857 01101.089 01099.836 01098.649 01094.076 01088.550 01083.388 01078.714 01072.012 01065.882 01060.123 01056.359 01052.544
-9999.0 -9999.0 -9999.0 -9999.0 -9999.0 -9999.0 -9999.0 -9999.0 -9999.0 -9999.0 -9999.0 -9999.0 -9999.0 -9999.0 -9999.0 -9999.0 -9999.0 -9999.0 -9999.0 -9999.0 01002.805 01008.692 01013.494 01017.728 01020.145 01027.216 01032.231 01037.212 01042.146 01048.453 01056.034 01061.823 01067.903 01074.466 01078.842 01084.114 01087.386 01090.779 01094.326 01098.055 01098.841 01100.546 01101.394 01102.215 01102.895 01103.531 01104.067 01104.640 01104.139 01103.641 01102.853 01101.852 01100.729 01098.754 01094.056 01088.479 01083.038 01078.107 01071.320 01065.279 01059.447 01056.126
-9999.0 -9999.0 -9999.0 -9999.0 -9999.0 -9999.0 -9999.0 -9999.0 -9999.0 -9999.0 -9999.0 -9999.0 -9999.0 -9999.0 -9999.0 -9999.0 -9999.0 -9999.0 -9999.0 -9999.0 01005.298 01011.064 01015.835 01019.507 01024.844 01030.249 01035.420 01039.055 01046.200 01053.296 01059.604 01065.787 01072.330 01078.759 01083.254 01086.554 01089.939 01093.432 01097.157 01098.810 01100.572 01101.573 01102.448 01103.325 01104.136 01104.855 01105.467 01106.095 01106.044 01105.437 01104.670 01103.607 01102.457 01100.880 01098.749 01093.702 01087.884 01082.455 01077.337 01070.604 01064.648 01058.682
-9999.0 -9999.0 -9999.0 -9999.0 -9999.0 -9999.0 -9999.0 -9999.0 -9999.0 -9999.0 -9999.0 -9999.0 -9999.0 -9999.0 -9999.0 -9999.0 -9999.0 -9999.0 -9999.0 -9999.0 01007.614 01013.061 01017.800 01020.324 01027.884 01033.190 01037.825 01043.951 01050.636 01057.779 01063.749 01069.975 01077.102 01082.137 01085.394 01088.785 01092.320 01096.030 01098.741 01100.305 01101.357 01102.429 01103.511 01104.389 01105.280 01106.139 01106.858 01108.961 01110.557 01108.551 01106.530 01105.382 01104.108 01102.471 01100.797 01098.699 01093.049 01087.281 01081.844 01076.362 01069.590 01063.641
-9999.0 -9999.0 -9999.0 -9999.0 -9999.0 -9999.0 -9999.0 -9999.0 -9999.0 -9999.0 -9999.0 -9999.0 -9999.0 -9999.0 -9999.0 -9999.0 -9999.0 -9999.0 -9999.0 01003.465 01009.707 01014.928 01019.402 01024.957 01030.775 01036.116 01040.980 01047.755 01055.532 01061.583 01067.737 01074.462 01078.848 01084.267 01087.604 01091.079 01094.695 01098.569 01098.891 01101.029 01102.134 01103.229 01104.310 01105.412 01106.400 01108.122 01110.845 01114.224 01117.474 01114.591 01111.573 01108.233 01105.764 01104.072 01102.328 01100.607 01098.599 01092.387 01086.438 01078.842 01074.931 01068.338
-9999.0 -9999.0 -9999.0 -9999.0 -9999.0 -9999.0 -9999.0 -9999.0 -9999.0 -9999.0 -9999.0 -9999.0 -9999.0 -9999.0 -9999.0 -9999.0 -9999.0 -9999.0 -9999.0 01005.636 01011.592 01016.657 01019.955 01027.375 01033.289 01038.125 01044.706 01051.857 01058.764 01065.130 01071.680 01078.729 01083.052 01086.397 01089.867 01093.445 01097.238 01098.818 01100.648 01101.747 01102.856 01103.982 01105.125 01106.256 01108.355 01111.981 01116.958 01120.538 01123.769 01121.120 01118.169 01114.077 01109.074 01105.661 01103.882 01102.138 01100.420 01097.644 01091.245 01085.308 01078.755 01072.514
-9999.0 -9999.0 -9999.0 -9999.0 -9999.0 -9999.0 -9999.0 -9999.0 -9999.0 -9999.0 -9999.0 -9999.0 -9999.0 -9999.0 -9999.0 -9999.0 -9999.0 -9999.0 -9999.0 01007.524 01013.297 01018.209 01021.097 01029.624 01035.568 01040.977 01048.259 01056.401 01062.423 01068.708 01075.775 01078.886 01084.917 01088.347 01091.920 01095.665 01098.718 01100.243 01101.365 01102.477 01103.593 01104.723 01105.878 01107.294 01111.170 01117.859 01122.416 01126.489 01130.134 01127.289 01123.722 01119.787 01114.143 01108.498 01105.461 01103.693 01101.915 01099.729 01096.071 01089.009 01082.543 01076.611
-9999.0 -9999.0 -9999.0 -9999.0 -9999.0 -9999.0 -9999.0 -9999.0 -9999.0 -9999.0 -9999.0 -9999.0 -9999.0 -9999.0 -9999.0 -9999.0 -9999.0 -9999.0 01002.237 01009.017 01014.756 01019.456 01025.471 01031.707 01037.518 01043.771 01051.207 01058.667 01065.094 01071.750 01078.739 01083.193 01086.636 01090.215 01093.946 01097.934 01098.860 01100.908 01102.049 01103.199 01104.331 01105.470 01106.654 01109.743 01115.906 01122.262 01127.952 01132.554 01136.714 01133.629 01129.561 01124.655 01119.372 01113.426 01107.682 01105.268 01103.428 01101.486 01098.760 01092.776 01085.965 01078.778
-9999.0 -9999.0 -9999.0 -9999.0 -9999.0 -9999.0 -9999.0 -9999.0 -9999.0 -9999.0 -9999.0 -9999.0 -9999.0 -9999.0 -9999.0 -9999.0 -9999.0 -9999.0 01003.835 01010.433 01016.017 01019.864 01027.549 01033.672 01038.589 01046.252 01054.394 01061.107 01067.431 01074.276 01078.848 01084.379 01087.842 01091.449 01095.238 01098.692 01100.193 01101.447 01102.713 01103.877 01105.051 01106.245 01108.401 01113.360 01120.243 01126.613 01133.097 01138.153 01142.775 01139.522 01135.298 01129.625 01124.102 01118.780 01112.741 01106.872 01104.971 01102.697 01100.470 01096.492 01089.043 01082.222
-9999.0 -9999.0 -9999.0 -9999.0 -9999.0 -9999.0 -9999.0 -9999.0 -9999.0 -9999.0 -9999.0 -9999.0 -9999.0 -9999.0 -9999.0 -9999.0 -9999.0 -9999.0 01005.097 01011.755 01017.161 01020.358 01029.098 01035.514 01041.441 01048.691 01057.069 01063.225 01069.578 01076.879 01082.136 01085.517 01089.040 01092.710 01096.580 01098.779 01100.622 01101.878 01103.151 01104.441 01105.749 01107.018 01111.037 01118.092 01124.359 01130.880 01137.612 01143.585 01148.653 01145.371 01140.262 01134.739 01129.023 01123.504 01118.208 01111.856 01106.257 01103.916 01101.515 01098.724 01091.979 01084.778
-9999.0 -9999.0 -9999.0 -9999.0 -9999.0 -9999.0 -9999.0 -9999.0 -9999.0 -9999.0 -9999.0 -9999.0 -9999.0 -9999.0 -9999.0 -9999.0 -9999.0 -9999.0 01006.228 01012.663 01018.163 01022.829 01030.568 01037.049 01043.238 01050.789 01058.550 01064.838 01071.335 01078.682 01082.903 01086.310 01089.860 01093.557 01097.488 01098.834 01100.927 01102.238 01103.566 01104.877 01106.207 01108.808 01115.449 01122.211 01128.629 01135.324 01141.696 01148.137 -9999.0 -9999.000 01145.020 01139.641 01133.898 01128.426 01122.879 01116.721 01109.311 01104.999 01102.519 01099.004 01094.457 01087.073
-9999.0 -9999.0 -9999.0 -9999.0 -9999.0 -9999.0 -9999.0 -9999.0 -9999.0 -9999.0 -9999.0 -9999.0 -9999.0 -9999.0 -9999.0 -9999.0 -9999.0 -9999.0 01007.143 01013.562 01018.977 01025.075 01031.884 01037.878 01044.785 01052.734 01059.965 01066.219 01072.856 01078.783 01083.552 01086.960 01090.510 01094.206 01098.159 01098.873 01101.179 01102.522 01103.860 01105.210 01106.608 01110.389 01118.702 01126.332 01133.008 01139.546 01145.902 -9999.000 -9999.0 -9999.0 -9999.000 01144.415 01139.048 01133.549 01127.516 01120.493 01112.525 01106.045 01103.430 01100.818 01096.971 01089.108
-9999.0 -9999.0 -9999.0 -9999.0 -9999.0 -9999.0 -9999.0 -9999.0 -9999.0 -9999.0 -9999.0 -9999.0 -9999.0 -9999.0 -9999.0 -9999.0 -9999.0 -9999.0 01007.779 01014.155 01019.446 01026.174 01032.897 01038.451 01046.107 01054.406 01061.139 01067.268 01073.873 01078.825 01084.020 01087.436 01091.001 01094.723 01098.652 01099.434 01101.392 01102.750 01104.119 01105.497 01106.929 01112.118 01121.362 01129.393 01137.382 01143.667 -9999.000 -9999.0 -9999.0 -9999.0 -9999.0 -9999.000 01143.809 01138.504 01131.434 01123.936 01116.405 01107.744 01104.051 01100.972 01097.247 01089.669
-9999.0 -9999.0 -9999.0 -9999.0 -9999.0 -9999.0 -9999.0 -9999.0 -9999.0 -9999.0 -9999.0 -9999.0 -9999.0 -9999.0 -9999.0 -9999.0 -9999.0 -9999.0 01008.209 01014.665 01019.597 01026.935 01033.749 01039.187 01047.241 01055.776 01062.024 01068.011 01074.604 01078.847 01084.355 01087.807 01091.124 01094.521 01098.129 01098.848 01101.121 01102.575 01104.050 01105.554 01107.455 01114.771 01123.636 01132.470 01140.871 01147.950 -9999.0 -9999.0 -9999.0 -9999.0 -9999.0 -9999.0 -9999.000 01142.602 01135.636 01127.907 01117.176 01106.610 01103.498 01100.499 01096.080 01088.828
-9999.0 -9999.0 -9999.0 -9999.0 -9999.0 -9999.0 -9999.0 -9999.0 -9999.0 -9999.0 -9999.0 -9999.0 -9999.0 -9999.0 -9999.0 -9999.0 -9999.0 -9999.0 01008.463 01014.945 01019.711 01027.515 01034.380 01040.156 01047.893 01056.513 01062.537 01068.540 01075.270 01078.839 01083.902 01087.028 01090.262 01093.572 01097.045 01098.770 01100.679 01102.111 01103.561 01105.031 01106.554 01110.855 01122.265 01133.857 01144.108 -9999.000 -9999.0 -9999.0 -9999.0 -9999.0 -9999.0 -9999.0 -9999.000 01147.268 01136.551 01125.111 01114.042 01105.862 01102.821 01098.882 01094.737 01087.737
-9999.0 -9999.0 -9999.0 -9999.0 -9999.0 -9999.0 -9999.0 -9999.0 -9999.0 -9999.0 -9999.0 -9999.0 -9999.0 -9999.0 -9999.0 -9999.0 -9999.0 -9999.0 01008.589 01015.088 01019.787 01027.824 01034.728 01040.780 01048.318 01056.960 01062.920 01068.398 01073.967 01078.780 01083.127 01086.150 01089.283 01092.533 01095.838 01098.685 01099.849 01101.547 01102.995 01104.458 01105.939 01108.389 01117.489 01128.066 01139.341 -9999.000 -9999.0 -9999.0 -9999.0 -9999.0 -9999.0 -9999.0 -9999.0 01143.279 01132.322 01121.442 01110.458 01104.910 01101.976 01098.751 01093.064 01086.329
-9999.0 -9999.0 -9999.0 -9999.0 -9999.0 -9999.0 -9999.0 -9999.0 -9999.0 -9999.0 -9999.0 -9999.0 -9999.0 -9999.0 -9999.0 -9999.0 -9999.0 -9999.0 01007.734 01014.786 01019.841 01028.024 01035.003 01041.236 01048.651 01056.721 01062.029 01067.155 01072.603 01078.611 01082.192 01085.165 01088.154 01091.266 01094.491 01097.845 01098.806 01100.863 01102.283 01103.722 01105.182 01106.696 01111.370 01122.102 01132.322 01142.382 -9999.000 -9999.0 -9999.0 -9999.0 -9999.0 -9999.0 -9999.000 01137.343 01126.654 01116.149 01106.658 01103.845 01100.939 01097.752 01091.033 01084.754
-9999.0 -9999.0 -9999.0 -9999.0 -9999.0 -9999.0 -9999.0 -9999.0 -9999.0 -9999.0 -9999.0 -9999.0 -9999.0 -9999.0 -9999.0 -9999.0 -9999.0 -9999.0 01006.360 01013.648 01019.490 01026.944 01034.025 01039.905 01047.188 01055.002 01060.798 01065.850 01071.095 01076.775 01078.858 01084.020 01086.978 01089.974 01092.989 01096.133 01098.691 01099.823 01101.472 01102.843 01104.231 01105.640 01107.349 01114.015 01124.246 01134.494 01144.418 -9999.0 -9999.0 -9999.0 -9999.0 -9999.000 01140.742 01130.201 01119.962 01109.586 01104.966 01102.277 01098.839 01095.138 01088.740 01082.744
-9999.0 -9999.0 -9999.0 -9999.0 -9999.0 -9999.0 -9999.0 -9999.0 -9999.0 -9999.0 -9999.0 -9999.0 -9999.0 -9999.0 -9999.0 -9999.0 -9999.0 -9999.0 01004.665 01012.322 01018.672 01025.478 01032.661 01038.559 01045.732 01053.047 01059.491 01064.485 01069.420 01074.613 01078.777 01082.811 01085.575 01088.430 01091.375 01094.455 01097.441 01098.755 01100.474 01101.826 01103.182 01104.556 01105.956 01108.190 01116.363 01126.326 01136.642 -9999.000 -9999.0 -9999.0 -9999.0 01144.171 01133.884 01123.329 01112.563 01105.892 01103.251 01100.681 01097.988 01092.171 01086.428 01078.830
-9999.0 -9999.0 -9999.0 -9999.0 -9999.0 -9999.0 -9999.0 -9999.0 -9999.0 -9999.0 -9999.0 -9999.0 -9999.0 -9999.0 -9999.0 -9999.0 -9999.0 -9999.0 01002.595 01010.675 01017.303 01022.662 01031.103 01037.762 01044.159 01051.005 01058.129 01063.004 01067.593 01072.537 01077.825 01078.873 01084.126 01086.936 01089.700 01092.415 01095.211 01098.184 01098.802 01100.762 01102.104 01103.463 01104.840 01106.253 01109.190 01118.535 01128.403 01138.712 -9999.000 -9999.0 -9999.000 01137.461 01126.887 01116.568 01106.821 01104.130 01101.541 01098.736 01094.443 01088.937 01083.758 01078.741
-9999.0 -9999.0 -9999.0 -9999.0 -9999.0 -9999.0 -9999.0 -9999.0 -9999.0 -9999.0 -9999.0 -9999.0 -9999.0 -9999.0 -9999.0 -9999.0 -9999.0 -9999.0 -9999.0 01008.758 01015.787 01020.246 01029.381 01036.361 01042.404 01048.766 01056.363 01061.158 01065.690 01070.327 01075.152 01078.777 01082.645 01085.133 01087.719 01090.391 01093.090 01095.864 01098.653 01098.849 01101.037 01102.386 01103.748 01105.129 01106.549 01110.269 01120.285 01129.428 01137.748 -9999.000 01137.321 01128.594 01119.658 01109.329 01105.002 01102.413 01098.878 01096.337 01090.933 01085.824 01078.839 01077.207
-9999.0 -9999.0 -9999.0 -9999.0 -9999.0 -9999.0 -9999.0 -9999.0 -9999.0 -9999.0 -9999.0 -9999.0 -9999.0 -9999.0 -9999.0 -9999.0 -9999.0 -9999.0 -9999.0 01006.296 01013.726 01019.559 01027.152 01034.104 01039.781 01046.550 01053.345 01059.200 01063.798 01068.053 01072.581 01077.555 01078.838 01083.294 01085.801 01088.323 01090.942 01093.643 01096.460 01098.687 01099.097 01101.293 01102.615 01103.961 01105.328 01106.719 01110.060 01118.040 01124.966 01132.945 01124.990 01117.770 01109.462 01105.672 01103.119 01100.655 01098.263 01092.717 01087.553 01082.692 01078.724 01074.291
