examples/flatland/Outputs/centerIgnit/c_atmRAWS/clockwise/1hr/flatland_centerIgnit_counterClockwise1hr_atmRAWS/flatland_centerIgnit_counterClockwise1hr_atmRAWS_SpreadRate.asc
NCOLS 100
NROWS 100
XLLCORNER 20000.000000
YLLCORNER 20000.000000
CELLSIZE 30.000000
NODATA_VALUE -9999.0
[rows 32 to 63 of 100, columns 0 to 71 of 100]
-9999.0 -9999.0 -9999.0 -9999.0 -9999.0 -9999.0 -9999.0 -9999.0 -9999.0 -9999.0 -9999.0 -9999.0 -9999.0 -9999.0 -9999.0 -9999.0 -9999.0 -9999.0 -9999.0 -9999.0 -9999.0 -9999.0 02.06 02.10 02.13 02.14 01.55 01.45 01.48 01.50 01.20 01.22 01.24 01.40 01.40 01.40 01.41 01.91 02.07 02.04 02.00 01.98 01.94 01.89 01.83 02.10 02.28 01.81 01.49 01.45 01.42 01.39 01.36 01.34 01.40 01.40 01.40 01.40 01.86 02.09 02.10 02.09 02.08 02.06 02.56 02.69 02.69 02.67 02.65 02.64 02.60 02.27
-9999.0 -9999.0 -9999.0 -9999.0 -9999.0 -9999.0 -9999.0 -9999.0 -9999.0 -9999.0 -9999.0 -9999.0 -9999.0 -9999.0 -9999.0 -9999.0 -9999.0 -9999.0 -9999.0 -9999.0 -9999.0 02.03 02.06 02.10 02.12 01.82 01.43 01.45 01.48 01.19 01.21 01.23 01.42 01.44 01.44 01.44 02.15 02.15 02.13 02.10 02.07 02.04 02.10 02.73 02.84 02.75 02.60 02.41 02.26 02.17 01.66 01.40 01.37 01.35 01.33 01.43 01.43 01.42 01.42 01.92 02.12 02.12 02.10 02.09 02.13 02.62 02.70 02.69 02.67 02.66 02.64 02.53
-9999.0 -9999.0 -9999.0 -9999.0 -9999.0 -9999.0 -9999.0 -9999.0 -9999.0 -9999.0 -9999.0 -9999.0 -9999.0 -9999.0 -9999.0 -9999.0 -9999.0 -9999.0 -9999.0 -9999.0 -9999.0 02.03 02.07 02.10 02.09 01.41 01.44 01.47 01.32 01.20 01.22 01.36 01.47 01.48 01.48 02.25 02.24 02.23 02.21 02.19 02.16 02.60 02.96 02.93 02.89 02.84 02.69 02.47 02.26 02.18 02.09 02.02 01.38 01.35 01.33 01.31 01.45 01.45 01.44 01.42 02.01 02.14 02.12 02.11 02.10 02.19 02.69 02.70 02.69 02.67 02.66 02.64
-9999.0 -9999.0 -9999.0 -9999.0 -9999.0 -9999.0 -9999.0 -9999.0 -9999.0 -9999.0 -9999.0 -9999.0 -9999.0 -9999.0 -9999.0 -9999.0 -9999.0 -9999.0 -9999.0 -9999.0 01.96 02.01 02.06 02.09 01.61 01.42 01.45 01.47 01.19 01.21 01.23 01.49 01.50 01.51 02.05 02.34 02.34 02.32 02.32 02.31 02.84 03.03 03.01 02.98 02.93 02.87 02.73 02.59 02.38 02.20 02.09 02.00 01.92 01.53 01.34 01.32 01.31 01.47 01.46 01.44 01.42 02.10 02.15 02.14 02.13 02.12 02.30 02.71 02.71 02.69 02.68 02.66
-9999.0 -9999.0 -9999.0 -9999.0 -9999.0 -9999.0 -9999.0 -9999.0 -9999.0 -9999.0 -9999.0 -9999.0 -9999.0 -9999.0 -9999.0 -9999.0 -9999.0 -9999.0 -9999.0 -9999.0 01.94 01.99 02.04 01.96 01.39 01.42 01.45 01.18 01.21 01.23 01.49 01.51 01.53 01.71 02.38 02.39 02.39 02.39 02.38 02.80 03.08 03.06 03.04 03.02 02.99 02.93 02.83 02.67 02.44 02.21 02.09 01.99 01.91 01.84 01.50 01.33 01.32 01.30 01.47 01.46 01.45 01.45 02.16 02.18 02.17 02.16 02.15 02.43 02.72 02.71 02.69 02.67
-9999.0 -9999.0 -9999.0 -9999.0 -9999.0 -9999.0 -9999.0 -9999.0 -9999.0 -9999.0 -9999.0 -9999.0 -9999.0 -9999.0 -9999.0 -9999.0 -9999.0 -9999.0 -9999.0 -9999.0 01.93 01.97 02.01 01.48 01.39 01.42 01.34 01.20 01.22 01.39 01.51 01.53 01.54 02.40 02.41 02.42 02.43 02.43 02.65 03.09 03.09 03.08 03.08 03.05 03.03 02.99 02.94 02.90 02.99 02.44 02.09 01.98 01.89 01.83 01.78 01.41 01.33 01.31 01.30 01.48 01.47 01.46 01.63 02.21 02.23 02.22 02.21 02.18 02.60 02.72 02.70 02.68
-9999.0 -9999.0 -9999.0 -9999.0 -9999.0 -9999.0 -9999.0 -9999.0 -9999.0 -9999.0 -9999.0 -9999.0 -9999.0 -9999.0 -9999.0 -9999.0 -9999.0 -9999.0 -9999.0 01.89 01.93 01.96 01.94 01.35 01.39 01.42 01.19 01.21 01.23 01.52 01.53 01.55 02.14 02.41 02.42 02.43 02.45 02.46 03.09 03.10 03.10 03.10 03.10 03.09 03.06 02.99 02.96 03.04 03.17 03.08 03.00 02.16 01.87 01.80 01.78 01.77 01.34 01.32 01.31 01.34 01.51 01.51 01.50 01.89 02.27 02.27 02.26 02.26 02.37 02.72 02.71 02.69
-9999.0 -9999.0 -9999.0 -9999.0 -9999.0 -9999.0 -9999.0 -9999.0 -9999.0 -9999.0 -9999.0 -9999.0 -9999.0 -9999.0 -9999.0 -9999.0 -9999.0 -9999.0 -9999.0 01.88 01.92 01.95 01.59 01.33 01.38 01.28 01.20 01.22 01.53 01.55 01.56 01.64 02.45 02.46 02.46 02.47 02.48 02.87 03.10 03.10 03.11 03.11 03.12 03.10 02.97 02.82 02.95 03.06 03.20 03.10 03.01 02.90 02.19 01.80 01.78 01.78 01.76 01.33 01.32 01.30 01.47 01.55 01.54 01.53 02.31 02.32 02.31 02.29 02.28 02.57 02.72 02.70
-9999.0 -9999.0 -9999.0 -9999.0 -9999.0 -9999.0 -9999.0 -9999.0 -9999.0 -9999.0 -9999.0 -9999.0 -9999.0 -9999.0 -9999.0 -9999.0 -9999.0 -9999.0 -9999.0 01.86 01.91 01.93 01.29 01.33 01.36 01.19 01.21 01.27 01.58 01.60 01.61 02.47 02.50 02.51 02.52 02.52 02.68 03.10 03.10 03.11 03.11 03.12 03.12 03.06 02.70 02.79 02.91 03.04 03.23 03.09 02.99 02.88 02.78 02.03 01.79 01.77 01.74 01.69 01.32 01.31 01.29 01.59 01.58 01.57 01.87 02.35 02.35 02.33 02.32 02.37 02.72 02.71
-9999.0 -9999.0 -9999.0 -9999.0 -9999.0 -9999.0 -9999.0 -9999.0 -9999.0 -9999.0 -9999.0 -9999.0 -9999.0 -9999.0 -9999.0 -9999.0 -9999.0 -9999.0 01.81 01.85 01.89 01.84 01.30 01.33 01.32 01.20 01.23 01.59 01.63 01.65 01.77 02.56 02.56 02.57 02.58 02.60 03.01 03.10 03.10 03.11 03.12 03.12 03.11 02.79 02.65 02.74 02.87 03.01 03.25 03.09 02.97 02.85 02.78 02.75 01.90 01.77 01.72 01.67 01.45 01.32 01.30 01.48 01.62 01.61 01.59 02.37 02.39 02.38 02.36 02.34 02.61 02.71
-9999.0 -9999.0 -9999.0 -9999.0 -9999.0 -9999.0 -9999.0 -9999.0 -9999.0 -9999.0 -9999.0 -9999.0 -9999.0 -9999.0 -9999.0 -9999.0 -9999.0 -9999.0 01.80 01.84 01.87 01.59 01.30 01.33 01.22 01.22 01.24 01.65 01.67 01.69 02.33 02.63 02.65 02.66 02.68 02.74 03.08 03.09 03.10 03.11 03.12 03.11 02.93 02.62 02.65 02.69 02.82 03.00 03.26 03.08 02.94 02.82 02.80 02.78 02.75 01.75 01.69 01.64 01.60 01.33 01.31 01.30 01.65 01.64 01.62 02.01 02.43 02.43 02.41 02.39 02.48 02.71
-9999.0 -9999.0 -9999.0 -9999.0 -9999.0 -9999.0 -9999.0 -9999.0 -9999.0 -9999.0 -9999.0 -9999.0 -9999.0 -9999.0 -9999.0 -9999.0 -9999.0 -9999.0 01.78 01.82 01.85 01.36 01.29 01.32 01.20 01.23 01.38 01.69 01.71 01.74 02.67 02.69 02.70 02.72 02.73 02.90 03.07 03.08 03.09 03.10 03.11 03.08 02.62 02.64 02.66 02.69 02.73 02.86 03.25 03.00 02.88 02.84 02.81 02.79 02.76 02.65 01.66 01.61 01.58 01.40 01.32 01.31 01.66 01.68 01.66 01.68 02.46 02.46 02.44 02.42 02.40 02.69
-9999.0 -9999.0 -9999.0 -9999.0 -9999.0 -9999.0 -9999.0 -9999.0 -9999.0 -9999.0 -9999.0 -9999.0 -9999.0 -9999.0 -9999.0 -9999.0 -9999.0 -9999.0 01.76 01.80 01.82 01.25 01.28 01.31 01.22 01.24 01.66 01.73 01.75 01.78 02.71 02.73 02.74 02.76 02.79 02.97 03.04 03.06 03.07 03.09 03.08 02.78 02.51 02.62 02.68 02.70 02.73 02.75 -9999.0 -9999.00 02.87 02.85 02.83 02.81 02.72 02.61 01.98 01.59 01.55 01.51 01.33 01.32 01.47 01.72 01.70 01.67 02.36 02.50 02.48 02.46 02.43 02.60
-9999.0 -9999.0 -9999.0 -9999.0 -9999.0 -9999.0 -9999.0 -9999.0 -9999.0 -9999.0 -9999.0 -9999.0 -9999.0 -9999.0 -9999.0 -9999.0 -9999.0 -9999.0 01.74 01.78 01.80 01.25 01.27 01.26 01.23 01.25 01.74 01.76 01.79 02.11 02.75 02.77 02.79 02.80 02.84 02.95 02.99 03.02 03.06 03.07 03.04 02.49 02.44 02.55 02.69 02.72 02.74 -9999.00 -9999.0 -9999.0 -9999.00 02.87 02.85 02.80 02.66 02.57 02.40 01.54 01.49 01.46 01.36 01.35 01.33 01.78 01.74 01.71 02.13 02.53 02.52 02.49 02.47 02.54
-9999.0 -9999.0 -9999.0 -9999.0 -9999.0 -9999.0 -9999.0 -9999.0 -9999.0 -9999.0 -9999.0 -9999.0 -9999.0 -9999.0 -9999.0 -9999.0 -9999.0 -9999.0 01.73 01.76 01.72 01.24 01.27 01.23 01.24 01.26 01.77 01.80 01.84 02.37 02.80 02.83 02.86 02.89 02.91 02.89 02.92 02.94 02.97 03.00 02.95 02.19 02.36 02.42 02.62 02.73 -9999.00 -9999.0 -9999.0 -9999.0 -9999.0 -9999.00 02.87 02.77 02.51 02.43 02.25 01.54 01.43 01.41 01.41 01.38 01.36 01.89 01.85 01.80 01.97 02.58 02.57 02.54 02.51 02.50
-9999.0 -9999.0 -9999.0 -9999.0 -9999.0 -9999.0 -9999.0 -9999.0 -9999.0 -9999.0 -9999.0 -9999.0 -9999.0 -9999.0 -9999.0 -9999.0 -9999.0 -9999.0 01.70 01.74 01.62 01.23 01.26 01.22 01.25 01.27 01.81 01.84 01.92 02.58 02.88 02.92 02.95 02.98 03.00 02.84 02.81 02.82 02.84 02.85 02.73 02.03 02.15 02.23 02.45 02.74 -9999.0 -9999.0 -9999.0 -9999.0 -9999.0 -9999.0 -9999.00 02.60 02.35 02.20 02.06 01.40 01.38 01.37 01.45 01.42 01.39 01.99 01.96 01.89 01.87 02.64 02.63 02.60 02.56 02.52
-9999.0 -9999.0 -9999.0 -9999.0 -9999.0 -9999.0 -9999.0 -9999.0 -9999.0 -9999.0 -9999.0 -9999.0 -9999.0 -9999.0 -9999.0 -9999.0 -9999.0 -9999.0 01.67 01.72 01.55 01.23 01.25 01.23 01.26 01.35 01.86 01.92 02.01 02.61 02.94 02.97 03.00 03.04 03.05 02.87 02.69 02.69 02.69 02.68 02.71 01.94 01.90 02.02 02.15 -9999.00 -9999.0 -9999.0 -9999.0 -9999.0 -9999.0 -9999.0 -9999.00 02.32 02.10 01.92 01.86 01.36 01.36 01.35 01.47 01.44 01.49 02.05 02.03 01.98 02.00 02.69 02.68 02.65 02.62 02.59
-9999.0 -9999.0 -9999.0 -9999.0 -9999.0 -9999.0 -9999.0 -9999.0 -9999.0 -9999.0 -9999.0 -9999.0 -9999.0 -9999.0 -9999.0 -9999.0 -9999.0 -9999.0 01.63 01.67 01.49 01.22 01.25 01.25 01.28 01.46 01.96 02.03 02.08 02.40 02.98 03.00 03.02 03.04 03.06 02.98 02.62 02.62 02.62 02.62 02.61 02.23 01.72 01.78 01.81 -9999.00 -9999.0 -9999.0 -9999.0 -9999.0 -9999.0 -9999.0 -9999.0 01.85 01.85 01.77 01.64 01.35 01.35 01.43 01.48 01.46 01.69 02.10 02.06 02.01 02.13 02.73 02.72 02.69 02.66 02.64
-9999.0 -9999.0 -9999.0 -9999.0 -9999.0 -9999.0 -9999.0 -9999.0 -9999.0 -9999.0 -9999.0 -9999.0 -9999.0 -9999.0 -9999.0 -9999.0 -9999.0 -9999.0 01.58 01.62 01.43 01.20 01.22 01.27 01.30 01.45 02.04 02.12 02.15 02.22 02.99 03.01 03.03 03.04 03.06 03.06 02.72 02.56 02.55 02.55 02.54 02.49 01.67 01.65 01.66 01.65 -9999.00 -9999.0 -9999.0 -9999.0 -9999.0 -9999.0 -9999.00 01.70 01.70 01.69 01.35 01.34 01.34 01.53 01.50 01.47 01.96 02.14 02.09 02.05 02.25 02.75 02.74 02.71 02.69 02.65
-9999.0 -9999.0 -9999.0 -9999.0 -9999.0 -9999.0 -9999.0 -9999.0 -9999.0 -9999.0 -9999.0 -9999.0 -9999.0 -9999.0 -9999.0 -9999.0 -9999.0 -9999.0 01.53 01.56 01.52 01.18 01.20 01.29 01.32 01.36 02.10 02.15 02.20 02.25 02.83 03.01 03.03 03.04 03.06 03.07 02.94 02.49 02.48 02.47 02.46 02.44 02.29 01.59 01.61 01.63 01.65 -9999.0 -9999.0 -9999.0 -9999.0 -9999.00 01.69 01.67 01.65 01.50 01.34 01.34 01.38 01.57 01.52 01.49 02.19 02.17 02.12 02.08 02.40 02.77 02.75 02.73 02.70 02.67
-9999.0 -9999.0 -9999.0 -9999.0 -9999.0 -9999.0 -9999.0 -9999.0 -9999.0 -9999.0 -9999.0 -9999.0 -9999.0 -9999.0 -9999.0 -9999.0 -9999.0 -9999.0 01.51 01.53 01.55 01.16 01.18 01.28 01.34 01.37 02.13 02.18 02.23 02.28 02.54 03.01 03.03 03.04 03.06 03.07 03.06 02.75 02.42 02.41 02.40 02.40 02.39 02.08 01.59 01.61 01.64 -9999.00 -9999.0 -9999.0 -9999.0 01.70 01.68 01.65 01.63 01.34 01.34 01.33 01.61 01.60 01.55 01.69 02.24 02.20 02.15 02.10 02.58 02.78 02.76 02.74 02.71 02.65
-9999.0 -9999.0 -9999.0 -9999.0 -9999.0 -9999.0 -9999.0 -9999.0 -9999.0 -9999.0 -9999.0 -9999.0 -9999.0 -9999.0 -9999.0 -9999.0 -9999.0 -9999.0 01.48 01.51 01.53 01.15 01.18 01.23 01.35 01.38 01.92 02.21 02.25 02.30 02.35 02.93 03.02 03.03 03.05 03.06 03.06 03.05 02.59 02.38 02.39 02.39 02.40 02.38 01.90 01.59 01.61 01.62 -9999.00 -9999.0 -9999.00 01.65 01.65 01.63 01.35 01.34 01.33 01.52 01.64 01.60 01.57 02.11 02.28 02.23 02.18 02.14 02.77 02.80 02.77 02.75 02.72 02.62
-9999.0 -9999.0 -9999.0 -9999.0 -9999.0 -9999.0 -9999.0 -9999.0 -9999.0 -9999.0 -9999.0 -9999.0 -9999.0 -9999.0 -9999.0 -9999.0 -9999.0 -9999.0 -9999.0 01.49 01.51 01.24 01.17 01.19 01.36 01.39 01.49 02.23 02.27 02.32 02.38 02.62 03.01 03.02 03.03 03.04 03.05 03.06 03.02 02.47 02.38 02.38 02.38 02.38 02.33 01.70 01.54 01.53 01.50 -9999.00 01.50 01.55 01.56 01.46 01.34 01.34 01.34 01.66 01.64 01.61 01.75 02.35 02.31 02.26 02.21 02.33 02.82 02.81 02.78 02.75 02.72 02.56
-9999.0 -9999.0 -9999.0 -9999.0 -9999.0 -9999.0 -9999.0 -9999.0 -9999.0 -9999.0 -9999.0 -9999.0 -9999.0 -9999.0 -9999.0 -9999.0 -9999.0 -9999.0 -9999.0 01.45 01.48 01.42 01.15 01.18 01.36 01.39 01.43 02.24 02.29 02.34 02.40 02.47 02.84 03.01 03.02 03.03 03.04 03.05 03.05 02.90 02.35 02.34 02.32 02.30 02.27 02.20 01.64 01.46 01.44 01.40 01.44 01.46 01.44 01.36 01.35 01.34 01.67 01.66 01.64 01.62 02.32 02.41 02.34 02.28 02.23 02.57 02.83 02.81 02.78 02.76 02.73 02.47
-9999.0 -9999.0 -9999.0 -9999.0 -9999.0 -9999.0 -9999.0 -9999.0 -9999.0 -9999.0 -9999.0 -9999.0 -9999.0 -9999.0 -9999.0 -9999.0 -9999.0 -9999.0 -9999.0 01.43 01.45 01.47 01.14 01.17 01.27 01.40 01.44 01.78 02.31 02.36 02.42 02.49 02.53 02.95 03.01 03.02 03.03 03.04 03.05 03.04 02.79 02.29 02.27 02.22 02.18 02.13 02.06 01.86 01.44 01.37 01.41 01.41 01.39 01.37 01.34 01.60 01.68 01.65 01.63 02.02 02.44 02.42 02.38 02.31 02.26 02.82 02.83 02.81 02.78 02.76 02.69 02.39
-9999.0 -9999.0 -9999.0 -9999.0 -9999.0 -9999.0 -9999.0 -9999.0 -9999.0 -9999.0 -9999.0 -9999.0 -9999.0 -9999.0 -9999.0 -9999.0 -9999.0 -9999.0 -9999.0 -9999.0 01.42 01.45 01.22 01.15 01.18 01.41 01.45 01.48 02.33 02.38 02.44 02.50 02.53 02.65 03.00 03.01 03.02 03.03 03.04 03.05 03.02 02.69 02.17 02.12 02.08 02.05 01.98 01.91 01.77 01.61 01.50 01.43 01.39 01.37 01.58 01.75 01.69 01.66 01.72 02.45 02.46 02.43 02.39 02.34 02.54 02.84 02.83 02.81 02.78 02.76 02.56 02.36
-9999.0 -9999.0 -9999.0 -9999.0 -9999.0 -9999.0 -9999.0 -9999.0 -9999.0 -9999.0 -9999.0 -9999.0 -9999.0 -9999.0 -9999.0 -9999.0 -9999.0 -9999.0 -9999.0 -9999.0 01.40 01.42 01.43 01.14 01.17 01.36 01.45 01.48 01.78 02.40 02.46 02.50 02.53 02.55 02.73 03.00 03.01 03.01 03.02 03.01 03.00 02.97 02.80 02.22 02.00 01.96 01.91 01.86 01.71 01.58 01.46 01.43 01.40 01.79 01.85 01.78 01.70 01.66 02.34 02.47 02.45 02.43 02.39 02.39 02.82 02.84 02.82 02.80 02.78 02.75 02.39 02.33
-9999.0 -9999.0 -9999.0 -9999.0 -9999.0 -9999.0 -9999.0 -9999.0 -9999.0 -9999.0 -9999.0 -9999.0 -9999.0 -9999.0 -9999.0 -9999.0 -9999.0 -9999.0 -9999.0 -9999.0 01.36 01.39 01.41 01.14 01.15 01.17 01.45 01.49 01.53 02.28 02.47 02.50 02.52 02.54 02.57 02.81 02.99 02.99 02.99 02.98 02.97 02.95 02.92 02.87 02.56 02.09 01.86 01.77 01.66 01.54 01.46 01.73 02.00 01.94 01.86 01.79 01.72 02.14 02.50 02.47 02.44 02.42 02.39 02.65 02.85 02.84 02.82 02.79 02.77 02.64 02.28 02.27
-9999.0 -9999.0 -9999.0 -9999.0 -9999.0 -9999.0 -9999.0 -9999.0 -9999.0 -9999.0 -9999.0 -9999.0 -9999.0 -9999.0 -9999.0 -9999.0 -9999.0 -9999.0 -9999.0 -9999.0 -9999.0 01.36 01.39 01.37 01.14 01.16 01.36 01.49 01.53 01.58 02.46 02.49 02.51 02.53 02.56 02.60 02.85 02.96 02.95 02.94 02.93 02.91 02.88 02.86 02.82 02.76 02.68 02.31 02.04 02.22 02.16 02.08 02.02 01.94 01.87 01.80 02.04 02.55 02.52 02.48 02.44 02.41 02.53 02.85 02.84 02.82 02.80 02.79 02.76 02.34 02.24 02.22
-9999.0 -9999.0 -9999.0 -9999.0 -9999.0 -9999.0 -9999.0 -9999.0 -9999.0 -9999.0 -9999.0 -9999.0 -9999.0 -9999.0 -9999.0 -9999.0 -9999.0 -9999.0 -9999.0 -9999.0 -9999.0 -9999.0 01.36 01.38 01.16 01.15 01.17 01.49 01.54 01.57 01.71 02.48 02.50 02.53 02.56 02.60 02.67 02.85 02.92 02.91 02.89 02.87 02.84 02.82 02.78 02.74 02.65 02.54 02.41 02.27 02.16 02.08 02.01 01.93 01.87 02.18 02.63 02.59 02.53 02.48 02.44 02.41 02.78 02.84 02.83 02.81 02.79 02.77 02.55 02.22 02.20 02.18
-9999.0 -9999.0 -9999.0 -9999.0 -9999.0 -9999.0 -9999.0 -9999.0 -9999.0 -9999.0 -9999.0 -9999.0 -9999.0 -9999.0 -9999.0 -9999.0 -9999.0 -9999.0 -9999.0 -9999.0 -9999.0 -9999.0 01.33 01.34 01.35 01.14 01.16 01.22 01.53 01.56 01.59 01.96 02.49 02.52 02.56 02.61 02.68 02.73 02.83 02.86 02.86 02.83 02.80 02.77 02.74 02.70 02.64 02.49 02.31 02.21 02.14 02.07 02.00 01.92 02.40 02.69 02.66 02.61 02.54 02.49 02.44 02.66 02.85 02.84 02.82 02.80 02.78 02.75 02.20 02.18 02.16 02.15
-9999.0 -9999.0 -9999.0 -9999.0 -9999.0 -9999.0 -9999.0 -9999.0 -9999.0 -9999.0 -9999.0 -9999.0 -9999.0 -9999.0 -9999.0 -9999.0 -9999.0 -9999.0 -9999.0 -9999.0 -9999.0 -9999.0 -9999.0 01.31 01.33 01.24 01.15 01.17 01.39 01.55 01.58 01.60 02.21 02.52 02.56 02.62 02.68 02.73 02.78 02.82 02.83 02.79 02.75 02.72 02.69 02.66 02.56 02.42 02.27 02.19 02.13 02.07 02.29 02.69 02.75 02.72 02.67 02.61 02.54 02.49 02.59 02.84 02.84 02.82 02.80 02.78 02.76 02.38 02.17 02.15 02.13 02.12
