examples/flatland/Outputs/centerIgnit/c_atmRAWS/clockwise/1hr/flatland_centerIgnit_counterClockwise1hr_atmRAWS/flatland_centerIgnit_counterClockwise1hr_atmRAWS_ArrivalTime.asc
NCOLS 100
NROWS 100
XLLCORNER 20000.000000
YLLCORNER 20000.000000
CELLSIZE 30.000000
NODATA_VALUE -9999.0
[rows 28 to 55 of 100, columns 0 to 62 of 100]
-9999.0 -9999.0 -9999.0 -9999.0 -9999.0 -9999.0 -9999.0 -9999.0 -9999.0 -9999.0 -9999.0 -9999.0 -9999.0 -9999.0 -9999.0 -9999.0 -9999.0 -9999.0 -9999.0 -9999.0 -9999.0 -9999.0 -9999.0 -9999.0 00417.827 00405.908 00394.654 00383.621 00373.004 00361.675 00346.978 00334.183 00321.745 00309.812 00297.268 00282.186 00269.937 00258.154 00247.098 00237.598 00228.980 00220.964 00214.366 00208.672 00203.385 00202.992 00206.050 00209.895 00214.540 00221.130 00227.768 00236.784 00244.755 00252.197 00259.383 00267.879 00276.413 00284.996 00294.037 00302.475 00309.683 00316.528 00324.290
-9999.0 -9999.0 -9999.0 -9999.0 -9999.0 -9999.0 -9999.0 -9999.0 -9999.0 -9999.0 -9999.0 -9999.0 -9999.0 -9999.0 -9999.0 -9999.0 -9999.0 -9999.0 -9999.0 -9999.0 -9999.0 -9999.0 -9999.0 -9999.0 00409.860 00398.015 00386.364 00375.404 00363.855 00349.416 00333.910 00320.401 00307.702 00293.325 00278.043 00263.099 00249.760 00238.070 00226.891 00215.880 00207.316 00198.891 00192.000 00185.919 00180.416 00179.544 00182.772 00186.914 00192.167 00198.652 00206.293 00215.353 00224.836 00235.150 00245.523 00254.404 00263.037 00271.983 00281.066 00290.280 00299.815 00308.174 00316.129
-9999.0 -9999.0 -9999.0 -9999.0 -9999.0 -9999.0 -9999.0 -9999.0 -9999.0 -9999.0 -9999.0 -9999.0 -9999.0 -9999.0 -9999.0 -9999.0 -9999.0 -9999.0 -9999.0 -9999.0 -9999.0 -9999.0 -9999.0 00413.993 00402.013 00390.174 00378.522 00366.745 00352.807 00336.809 00321.327 00306.405 00291.250 00274.871 00259.122 00244.369 00230.315 00218.366 00207.018 00196.091 00185.976 00178.336 00172.584 00167.893 00163.495 00159.449 00162.645 00166.221 00171.048 00176.848 00185.341 00194.453 00204.066 00216.010 00228.028 00240.537 00250.255 00259.235 00268.539 00278.739 00289.009 00299.349 00307.829
-9999.0 -9999.0 -9999.0 -9999.0 -9999.0 -9999.0 -9999.0 -9999.0 -9999.0 -9999.0 -9999.0 -9999.0 -9999.0 -9999.0 -9999.0 -9999.0 -9999.0 -9999.0 -9999.0 -9999.0 -9999.0 -9999.0 00418.342 00406.193 00394.208 00382.427 00370.676 00357.200 00340.504 00324.337 00308.775 00290.909 00273.017 00256.704 00240.874 00226.721 00213.083 00199.552 00187.672 00177.686 00170.207 00163.236 00157.350 00151.783 00147.149 00142.492 00142.929 00146.601 00151.258 00156.990 00165.417 00174.045 00185.357 00197.157 00209.569 00222.236 00235.291 00247.621 00258.000 00268.121 00278.355 00288.780 00299.287
-9999.0 -9999.0 -9999.0 -9999.0 -9999.0 -9999.0 -9999.0 -9999.0 -9999.0 -9999.0 -9999.0 -9999.0 -9999.0 -9999.0 -9999.0 -9999.0 -9999.0 -9999.0 -9999.0 -9999.0 -9999.0 -9999.0 00410.982 00398.470 00386.526 00374.756 00362.237 00345.539 00328.319 00312.307 00294.821 00275.285 00255.994 00238.953 00224.444 00210.143 00196.092 00182.736 00172.925 00164.438 00156.949 00149.506 00142.369 00136.576 00131.147 00126.289 00122.936 00127.034 00131.664 00137.471 00145.924 00154.851 00166.656 00178.943 00191.434 00204.983 00219.831 00234.784 00247.330 00257.860 00268.127 00278.616 00289.313
-9999.0 -9999.0 -9999.0 -9999.0 -9999.0 -9999.0 -9999.0 -9999.0 -9999.0 -9999.0 -9999.0 -9999.0 -9999.0 -9999.0 -9999.0 -9999.0 -9999.0 -9999.0 -9999.0 -9999.0 -9999.0 00416.603 00403.674 00391.116 00378.917 00366.663 00351.491 00334.002 00316.893 00299.625 00279.531 00259.873 00240.822 00224.491 00208.385 00194.057 00180.093 00170.853 00161.819 00152.974 00144.137 00136.389 00129.033 00121.723 00117.335 00113.754 00110.300 00111.765 00114.876 00118.819 00126.617 00136.341 00148.129 00160.507 00174.610 00189.949 00204.720 00219.701 00234.891 00247.790 00258.548 00269.085 00279.721
-9999.0 -9999.0 -9999.0 -9999.0 -9999.0 -9999.0 -9999.0 -9999.0 -9999.0 -9999.0 -9999.0 -9999.0 -9999.0 -9999.0 -9999.0 -9999.0 -9999.0 -9999.0 -9999.0 -9999.0 -9999.0 00409.566 00396.592 00383.920 00371.518 00357.722 00339.989 00322.659 00305.273 00285.167 00264.623 00245.069 00227.895 00211.756 00195.837 00180.035 00169.773 00160.314 00151.208 00142.169 00133.278 00124.508 00117.269 00112.238 00107.423 00103.644 00099.994 00098.798 00102.082 00105.899 00111.512 00118.646 00129.953 00142.316 00158.333 00174.458 00190.044 00205.379 00220.854 00236.526 00249.012 00259.677 00270.242
-9999.0 -9999.0 -9999.0 -9999.0 -9999.0 -9999.0 -9999.0 -9999.0 -9999.0 -9999.0 -9999.0 -9999.0 -9999.0 -9999.0 -9999.0 -9999.0 -9999.0 -9999.0 -9999.0 -9999.0 00416.538 00402.617 00389.668 00376.917 00363.711 00346.434 00328.710 00311.420 00292.281 00271.351 00250.812 00232.163 00215.653 00199.549 00183.654 00172.114 00161.919 00151.768 00141.625 00131.669 00122.724 00115.566 00109.230 00103.299 00098.282 00093.728 00089.886 00085.923 00089.337 00093.013 00098.577 00105.924 00114.254 00126.432 00142.341 00158.520 00175.586 00191.666 00207.027 00222.553 00238.253 00250.303 00260.874
-9999.0 -9999.0 -9999.0 -9999.0 -9999.0 -9999.0 -9999.0 -9999.0 -9999.0 -9999.0 -9999.0 -9999.0 -9999.0 -9999.0 -9999.0 -9999.0 -9999.0 -9999.0 -9999.0 -9999.0 00410.856 00396.459 00382.797 00369.892 00354.454 00335.777 00317.530 00299.657 00278.516 00257.797 00237.851 00221.122 00204.616 00188.292 00174.896 00164.459 00154.225 00144.103 00134.027 00123.999 00115.322 00107.911 00101.574 00095.251 00089.353 00084.370 00079.962 00075.843 00076.202 00080.186 00085.677 00093.234 00101.516 00113.076 00126.559 00143.347 00160.310 00177.447 00193.348 00208.756 00224.346 00240.213 00251.903
-9999.0 -9999.0 -9999.0 -9999.0 -9999.0 -9999.0 -9999.0 -9999.0 -9999.0 -9999.0 -9999.0 -9999.0 -9999.0 -9999.0 -9999.0 -9999.0 -9999.0 -9999.0 -9999.0 -9999.0 00405.331 00390.890 00376.719 00362.401 00344.132 00325.270 00306.855 00286.001 00265.031 00244.413 00226.859 00210.253 00193.857 00178.470 00168.013 00157.610 00147.267 00136.980 00126.746 00117.274 00109.496 00101.710 00093.915 00087.601 00081.307 00075.452 00070.502 00066.045 00062.762 00067.390 00072.802 00080.567 00089.563 00101.407 00113.662 00128.332 00145.180 00162.193 00179.382 00195.458 00211.227 00227.212 00242.545
-9999.0 -9999.0 -9999.0 -9999.0 -9999.0 -9999.0 -9999.0 -9999.0 -9999.0 -9999.0 -9999.0 -9999.0 -9999.0 -9999.0 -9999.0 -9999.0 -9999.0 -9999.0 -9999.0 00415.030 00399.964 00385.477 00371.165 00354.096 00333.886 00315.176 00295.351 00273.534 00252.109 00232.785 00216.078 00199.556 00183.251 00171.612 00161.180 00150.813 00140.502 00130.249 00120.056 00111.941 00103.844 00095.924 00088.140 00080.341 00073.658 00067.357 00061.552 00056.766 00052.307 00056.129 00059.975 00067.921 00077.948 00089.814 00102.398 00115.030 00130.171 00147.072 00164.803 00182.477 00198.569 00214.549 00230.733
-9999.0 -9999.0 -9999.0 -9999.0 -9999.0 -9999.0 -9999.0 -9999.0 -9999.0 -9999.0 -9999.0 -9999.0 -9999.0 -9999.0 -9999.0 -9999.0 -9999.0 -9999.0 -9999.0 00410.080 00395.059 00380.249 00365.319 00345.900 00324.937 00304.856 00283.340 00261.445 00239.992 00222.990 00206.184 00189.569 00175.555 00164.955 00154.445 00144.093 00133.802 00123.573 00114.726 00106.630 00098.546 00090.472 00082.409 00074.621 00066.701 00059.466 00053.006 00047.868 00042.741 00046.980 00051.298 00056.801 00066.414 00078.607 00091.174 00103.778 00116.430 00132.721 00150.326 00168.296 00187.384 00204.191 00221.017
-9999.0 -9999.0 -9999.0 -9999.0 -9999.0 -9999.0 -9999.0 -9999.0 -9999.0 -9999.0 -9999.0 -9999.0 -9999.0 -9999.0 -9999.0 -9999.0 -9999.0 -9999.0 -9999.0 00405.570 00390.197 00375.429 00359.572 00338.005 00317.035 00295.370 00271.908 00249.661 00230.575 00213.577 00196.790 00180.220 00169.488 00158.909 00148.393 00137.939 00127.546 00117.725 00109.437 00101.330 00093.252 00085.192 00077.139 00069.033 00060.743 00051.751 00044.875 00039.052 00033.485 00037.899 00042.799 00048.890 00056.705 00067.434 00079.974 00092.555 00105.461 00118.798 00136.903 00156.999 00177.193 00194.939 00211.721
-9999.0 -9999.0 -9999.0 -9999.0 -9999.0 -9999.0 -9999.0 -9999.0 -9999.0 -9999.0 -9999.0 -9999.0 -9999.0 -9999.0 -9999.0 -9999.0 -9999.0 -9999.0 00417.809 00401.758 00385.988 00370.490 00352.351 00330.581 00309.257 00286.646 00263.367 00240.487 00223.105 00206.041 00189.178 00175.104 00164.255 00153.457 00142.709 00132.011 00121.563 00112.861 00104.483 00096.136 00087.974 00079.908 00071.855 00063.492 00054.373 00045.114 00036.778 00030.552 00024.425 00029.101 00034.359 00041.501 00049.449 00057.579 00068.803 00081.355 00094.503 00108.528 00125.963 00145.994 00166.287 00185.865 00202.947
-9999.0 -9999.0 -9999.0 -9999.0 -9999.0 -9999.0 -9999.0 -9999.0 -9999.0 -9999.0 -9999.0 -9999.0 -9999.0 -9999.0 -9999.0 -9999.0 -9999.0 -9999.0 00414.192 00398.097 00382.234 00366.184 00345.293 00323.514 00301.950 00278.373 00255.030 00234.028 00216.894 00199.955 00183.240 00171.259 00160.455 00149.711 00139.032 00128.407 00118.089 00108.822 00099.600 00091.252 00082.936 00074.644 00066.406 00057.665 00048.111 00038.641 00029.548 00022.460 00015.478 00020.533 00026.443 00034.233 00042.251 00050.333 00058.472 00070.403 00083.514 00099.727 00116.080 00135.768 00156.874 00178.209 00196.060
-9999.0 -9999.0 -9999.0 -9999.0 -9999.0 -9999.0 -9999.0 -9999.0 -9999.0 -9999.0 -9999.0 -9999.0 -9999.0 -9999.0 -9999.0 -9999.0 -9999.0 -9999.0 00411.316 00394.600 00378.697 00362.178 00339.883 00317.239 00294.306 00270.670 00247.463 00228.359 00211.266 00194.385 00178.489 00167.656 00156.888 00146.181 00135.534 00124.947 00114.971 00105.717 00096.472 00087.233 00078.026 00069.706 00060.961 00051.381 00041.880 00032.461 00023.151 00014.378 00006.682 00012.048 00019.277 00027.147 00035.109 00043.130 00051.236 00059.620 00074.641 00090.973 00108.322 00127.201 00148.228 00169.945 00189.712
-9999.0 -9999.0 -9999.0 -9999.0 -9999.0 -9999.0 -9999.0 -9999.0 -9999.0 -9999.0 -9999.0 -9999.0 -9999.0 -9999.0 -9999.0 -9999.0 -9999.0 -9999.0 00408.700 00392.025 00375.576 00357.731 00334.635 00311.984 00288.518 00264.606 00241.122 00223.827 00207.026 00190.421 00176.037 00165.225 00154.472 00143.780 00133.149 00122.580 00112.722 00103.102 00093.495 00084.169 00074.939 00065.397 00055.007 00045.190 00035.693 00026.328 00017.046 00007.846 0.0 00000.000 00012.249 00020.104 00028.016 00035.986 00044.132 00053.320 00065.984 00083.300 00101.094 00119.839 00141.196 00162.911 00184.086
-9999.0 -9999.0 -9999.0 -9999.0 -9999.0 -9999.0 -9999.0 -9999.0 -9999.0 -9999.0 -9999.0 -9999.0 -9999.0 -9999.0 -9999.0 -9999.0 -9999.0 -9999.0 00406.527 00389.462 00373.031 00353.680 00329.954 00306.841 00283.057 00259.234 00236.952 00219.997 00203.362 00187.087 00173.953 00163.214 00152.535 00141.917 00131.362 00120.822 00110.885 00101.067 00091.367 00081.786 00072.175 00062.088 00050.512 00039.123 00029.540 00020.230 00011.000 00000.000 0.0 0.0 00000.000 00013.103 00020.966 00028.911 00037.360 00047.827 00058.810 00076.121 00094.566 00113.576 00134.603 00156.741 00179.137
-9999.0 -9999.0 -9999.0 -9999.0 -9999.0 -9999.0 -9999.0 -9999.0 -9999.0 -9999.0 -9999.0 -9999.0 -9999.0 -9999.0 -9999.0 -9999.0 -9999.0 -9999.0 00404.917 00387.730 00370.652 00349.982 00326.322 00302.974 00278.833 00254.998 00233.945 00217.313 00200.867 00184.742 00172.476 00161.777 00151.107 00140.456 00129.783 00119.226 00109.253 00099.337 00089.491 00079.733 00070.003 00059.311 00046.618 00034.574 00023.468 00014.159 00000.000 0.0 0.0 0.0 0.0 00000.000 00013.958 00021.865 00031.829 00042.511 00053.776 00068.729 00090.002 00112.437 00133.874 00155.104 00176.716
-9999.0 -9999.0 -9999.0 -9999.0 -9999.0 -9999.0 -9999.0 -9999.0 -9999.0 -9999.0 -9999.0 -9999.0 -9999.0 -9999.0 -9999.0 -9999.0 -9999.0 -9999.0 00403.830 00386.250 00368.944 00347.399 00323.235 00299.367 00275.209 00251.483 00231.643 00215.377 00199.283 00183.225 00171.372 00160.592 00150.715 00141.046 00131.465 00121.799 00111.327 00100.673 00090.016 00079.343 00068.462 00055.944 00042.934 00030.459 00018.538 00008.129 0.0 0.0 0.0 0.0 0.0 0.0 00000.000 00015.764 00026.021 00036.967 00052.722 00072.354 00094.078 00115.904 00136.843 00157.553 00178.905
-9999.0 -9999.0 -9999.0 -9999.0 -9999.0 -9999.0 -9999.0 -9999.0 -9999.0 -9999.0 -9999.0 -9999.0 -9999.0 -9999.0 -9999.0 -9999.0 -9999.0 -9999.0 00403.210 00385.433 00367.761 00345.406 00321.054 00297.208 00273.093 00249.426 00230.280 00214.083 00197.887 00183.715 00172.851 00163.048 00153.333 00143.737 00134.300 00124.715 00114.556 00104.036 00093.538 00083.062 00072.607 00061.127 00045.196 00028.566 00013.689 00000.000 0.0 0.0 0.0 0.0 0.0 0.0 00000.000 00009.270 00024.659 00041.078 00056.897 00077.280 00098.794 00120.376 00140.392 00160.787 00181.274
-9999.0 -9999.0 -9999.0 -9999.0 -9999.0 -9999.0 -9999.0 -9999.0 -9999.0 -9999.0 -9999.0 -9999.0 -9999.0 -9999.0 -9999.0 -9999.0 -9999.0 -9999.0 00402.888 00385.031 00367.085 00344.346 00319.886 00295.812 00271.742 00248.060 00229.246 00214.444 00200.635 00187.070 00175.363 00165.723 00156.178 00146.677 00137.471 00128.283 00118.627 00108.091 00097.578 00087.117 00076.751 00065.947 00052.285 00036.668 00020.782 00000.000 0.0 0.0 0.0 0.0 0.0 0.0 0.0 00014.758 00030.657 00046.360 00062.924 00083.940 00105.008 00125.544 00145.181 00165.167 00183.950
-9999.0 -9999.0 -9999.0 -9999.0 -9999.0 -9999.0 -9999.0 -9999.0 -9999.0 -9999.0 -9999.0 -9999.0 -9999.0 -9999.0 -9999.0 -9999.0 -9999.0 -9999.0 00405.055 00385.923 00366.629 00343.660 00319.016 00294.778 00270.803 00248.868 00231.637 00217.667 00203.934 00190.580 00178.310 00168.725 00159.471 00150.263 00141.099 00132.182 00123.177 00113.195 00102.780 00092.383 00082.003 00071.598 00060.273 00045.341 00030.557 00016.047 00000.000 0.0 0.0 0.0 0.0 0.0 00000.000 00023.510 00038.669 00054.081 00071.880 00091.484 00112.627 00132.449 00150.972 00170.021 00187.579
-9999.0 -9999.0 -9999.0 -9999.0 -9999.0 -9999.0 -9999.0 -9999.0 -9999.0 -9999.0 -9999.0 -9999.0 -9999.0 -9999.0 -9999.0 -9999.0 -9999.0 -9999.0 00408.391 00389.238 00370.250 00347.399 00322.241 00297.776 00275.404 00253.511 00234.824 00220.943 00207.604 00194.619 00182.245 00172.421 00163.150 00154.133 00145.393 00136.694 00127.898 00118.664 00108.639 00098.645 00088.683 00078.752 00068.679 00056.822 00042.044 00027.477 00013.100 0.0 0.0 0.0 0.0 00000.000 00018.458 00033.391 00048.555 00064.719 00083.541 00102.819 00121.931 00139.299 00157.790 00176.555 00191.275
-9999.0 -9999.0 -9999.0 -9999.0 -9999.0 -9999.0 -9999.0 -9999.0 -9999.0 -9999.0 -9999.0 -9999.0 -9999.0 -9999.0 -9999.0 -9999.0 -9999.0 -9999.0 00412.305 00392.993 00373.990 00352.327 00327.168 00302.508 00280.037 00258.454 00238.157 00224.833 00211.685 00199.240 00187.063 00176.334 00167.481 00158.677 00149.938 00141.220 00133.246 00125.080 00116.051 00106.067 00096.219 00086.392 00076.571 00066.367 00053.759 00039.034 00024.493 00000.000 0.0 0.0 0.0 00013.448 00028.323 00043.398 00058.697 00077.039 00095.728 00114.506 00131.791 00147.690 00164.896 00182.571 00195.789
-9999.0 -9999.0 -9999.0 -9999.0 -9999.0 -9999.0 -9999.0 -9999.0 -9999.0 -9999.0 -9999.0 -9999.0 -9999.0 -9999.0 -9999.0 -9999.0 -9999.0 -9999.0 00417.001 00397.466 00378.248 00357.909 00332.723 00308.050 00285.283 00263.959 00243.457 00228.971 00216.464 00204.127 00192.315 00181.143 00172.096 00163.307 00154.931 00146.998 00139.100 00131.264 00123.132 00113.885 00104.027 00094.188 00084.369 00074.545 00064.108 00050.712 00036.025 00021.582 00000.000 0.0 00000.000 00023.367 00038.343 00053.501 00070.738 00089.393 00108.125 00125.893 00141.235 00157.188 00173.324 00187.869 00200.426
-9999.0 -9999.0 -9999.0 -9999.0 -9999.0 -9999.0 -9999.0 -9999.0 -9999.0 -9999.0 -9999.0 -9999.0 -9999.0 -9999.0 -9999.0 -9999.0 -9999.0 -9999.0 -9999.0 00402.431 00382.937 00363.259 00338.866 00314.347 00291.404 00270.458 00249.936 00233.890 00221.400 00209.427 00198.098 00187.006 00176.855 00168.823 00160.832 00152.881 00145.080 00137.375 00129.661 00121.437 00111.853 00102.000 00092.166 00082.350 00072.614 00062.104 00048.143 00034.567 00023.032 00000.000 00023.598 00035.835 00049.097 00065.227 00083.291 00101.803 00120.477 00136.115 00151.260 00166.716 00182.117 00193.653 00205.254
-9999.0 -9999.0 -9999.0 -9999.0 -9999.0 -9999.0 -9999.0 -9999.0 -9999.0 -9999.0 -9999.0 -9999.0 -9999.0 -9999.0 -9999.0 -9999.0 -9999.0 -9999.0 -9999.0 00408.540 00388.976 00369.552 00346.650 00321.976 00298.044 00277.431 00257.709 00238.894 00226.761 00215.275 00204.027 00192.923 00183.323 00174.768 00166.770 00158.976 00151.219 00143.495 00135.792 00127.981 00119.707 00109.982 00100.320 00090.646 00080.957 00071.461 00062.543 00051.494 00041.172 00029.920 00041.136 00051.884 00064.785 00078.554 00096.703 00114.713 00131.063 00146.125 00161.338 00176.698 00189.116 00199.921 00210.743
