examples/flatland/Outputs/centerIgnit/c_atmRAWS/clockwise/1hr/flatland_centerIgnit_counterClockwise1hr_atmRAWS/flatland_centerIgnit_counterClockwise1hr_atmRAWS_ReactionIntensity.asc
NCOLS 100
NROWS 100
XLLCORNER 20000.000000
YLLCORNER 20000.000000
CELLSIZE 30.000000
NODATA_VALUE -9999.0
[rows 28 to 55 of 100, columns 0 to 61 of 100]
-9999.0 -9999.0 -9999.0 -9999.0 -9999.0 -9999.0 -9999.0 -9999.0 -9999.0 -9999.0 -9999.0 -9999.0 -9999.0 -9999.0 -9999.0 -9999.0 -9999.0 -9999.0 -9999.0 -9999.0 -9999.0 -9999.0 -9999.0 -9999.0 00152.255 00153.039 00153.700 00154.281 00154.801 00155.032 00156.027 00156.580 00157.108 00157.609 00158.013 00158.761 00159.352 00159.993 00160.574 00160.988 00161.487 00161.920 00162.307 00162.648 00162.987 00163.011 00162.814 00162.571 00162.297 00161.911 00161.553 00161.036 00160.664 00160.348 00159.919 00159.461 00159.035 00158.637 00158.230 00157.773 00157.612 00157.344
-9999.0 -9999.0 -9999.0 -9999.0 -9999.0 -9999.0 -9999.0 -9999.0 -9999.0 -9999.0 -9999.0 -9999.0 -9999.0 -9999.0 -9999.0 -9999.0 -9999.0 -9999.0 -9999.0 -9999.0 -9999.0 -9999.0 -9999.0 -9999.0 00152.784 00153.505 00154.137 00154.685 00154.995 00155.918 00156.591 00157.169 00157.656 00158.274 00158.958 00159.710 00160.471 00160.960 00161.601 00162.219 00162.734 00163.276 00163.761 00163.886 00163.901 00164.233 00163.895 00163.884 00163.749 00163.293 00162.800 00162.250 00161.713 00161.133 00160.634 00160.217 00159.713 00159.244 00158.816 00158.409 00157.839 00157.646
-9999.0 -9999.0 -9999.0 -9999.0 -9999.0 -9999.0 -9999.0 -9999.0 -9999.0 -9999.0 -9999.0 -9999.0 -9999.0 -9999.0 -9999.0 -9999.0 -9999.0 -9999.0 -9999.0 -9999.0 -9999.0 -9999.0 -9999.0 00152.510 00153.269 00153.937 00154.532 00154.945 00155.765 00156.467 00157.128 00157.685 00158.366 00159.108 00159.934 00160.678 00161.414 00162.073 00162.754 00163.475 00163.886 00164.402 00164.674 00164.897 00165.118 00165.310 00165.159 00164.980 00164.745 00164.473 00163.888 00163.591 00162.940 00162.211 00161.539 00160.824 00160.452 00159.930 00159.426 00158.926 00158.463 00157.871
-9999.0 -9999.0 -9999.0 -9999.0 -9999.0 -9999.0 -9999.0 -9999.0 -9999.0 -9999.0 -9999.0 -9999.0 -9999.0 -9999.0 -9999.0 -9999.0 -9999.0 -9999.0 -9999.0 -9999.0 -9999.0 -9999.0 00152.220 00153.022 00153.723 00154.340 00154.877 00155.459 00156.309 00156.997 00157.632 00158.380 00159.196 00160.081 00160.811 00161.610 00162.382 00163.229 00163.882 00164.434 00164.784 00165.127 00165.421 00165.705 00165.948 00166.204 00166.181 00165.978 00165.732 00165.439 00165.020 00164.606 00163.888 00163.399 00162.591 00161.852 00161.125 00160.554 00160.002 00159.448 00158.944 00158.473
-9999.0 -9999.0 -9999.0 -9999.0 -9999.0 -9999.0 -9999.0 -9999.0 -9999.0 -9999.0 -9999.0 -9999.0 -9999.0 -9999.0 -9999.0 -9999.0 -9999.0 -9999.0 -9999.0 -9999.0 -9999.0 -9999.0 00152.711 00153.478 00154.129 00154.715 00155.022 00156.091 00156.829 00157.531 00158.177 00159.089 00160.122 00160.908 00161.736 00162.555 00163.474 00163.895 00164.658 00165.069 00165.441 00165.821 00166.206 00166.531 00166.842 00166.918 00166.930 00166.915 00166.812 00166.477 00166.015 00165.549 00164.958 00164.373 00163.800 00162.883 00161.987 00161.155 00160.564 00160.010 00159.447 00158.931
-9999.0 -9999.0 -9999.0 -9999.0 -9999.0 -9999.0 -9999.0 -9999.0 -9999.0 -9999.0 -9999.0 -9999.0 -9999.0 -9999.0 -9999.0 -9999.0 -9999.0 -9999.0 -9999.0 -9999.0 -9999.0 00152.337 00153.171 00153.887 00154.513 00154.946 00155.824 00156.587 00157.326 00157.852 00158.887 00159.889 00160.813 00161.731 00162.668 00163.618 00163.901 00164.755 00165.196 00165.646 00166.112 00166.541 00166.907 00166.934 00167.154 00167.230 00167.300 00167.271 00167.206 00167.065 00166.916 00166.543 00165.896 00165.259 00164.579 00163.875 00162.898 00161.994 00161.147 00160.546 00159.968 00159.397
-9999.0 -9999.0 -9999.0 -9999.0 -9999.0 -9999.0 -9999.0 -9999.0 -9999.0 -9999.0 -9999.0 -9999.0 -9999.0 -9999.0 -9999.0 -9999.0 -9999.0 -9999.0 -9999.0 -9999.0 -9999.0 00152.806 00153.589 00154.266 00154.862 00155.385 00156.331 00157.068 00157.710 00158.629 00159.630 00160.651 00161.546 00162.459 00163.494 00163.902 00164.804 00165.269 00165.735 00166.216 00166.721 00166.924 00167.155 00167.260 00167.358 00167.438 00167.514 00167.537 00167.470 00167.391 00167.274 00167.084 00166.903 00166.209 00165.369 00164.585 00163.875 00162.856 00161.926 00161.050 00160.499 00159.900
-9999.0 -9999.0 -9999.0 -9999.0 -9999.0 -9999.0 -9999.0 -9999.0 -9999.0 -9999.0 -9999.0 -9999.0 -9999.0 -9999.0 -9999.0 -9999.0 -9999.0 -9999.0 -9999.0 -9999.0 00152.342 00153.236 00153.966 00154.610 00154.997 00156.051 00156.812 00157.570 00158.319 00159.278 00160.430 00161.309 00162.232 00163.229 00163.892 00164.695 00165.192 00165.707 00166.246 00166.813 00166.931 00167.192 00167.321 00167.445 00167.549 00167.646 00167.727 00167.814 00167.737 00167.662 00167.542 00167.390 00167.219 00166.917 00166.205 00165.358 00164.531 00163.783 00162.751 00161.834 00160.948 00160.450
-9999.0 -9999.0 -9999.0 -9999.0 -9999.0 -9999.0 -9999.0 -9999.0 -9999.0 -9999.0 -9999.0 -9999.0 -9999.0 -9999.0 -9999.0 -9999.0 -9999.0 -9999.0 -9999.0 -9999.0 00152.720 00153.597 00154.323 00154.891 00155.691 00156.512 00157.298 00157.850 00158.935 00160.012 00160.971 00161.911 00162.904 00163.880 00164.564 00165.066 00165.580 00166.111 00166.676 00166.926 00167.196 00167.348 00167.481 00167.614 00167.737 00167.846 00167.939 00168.035 00168.027 00167.935 00167.818 00167.657 00167.482 00167.242 00166.916 00166.151 00165.268 00164.443 00163.666 00162.642 00161.737 00160.836
-9999.0 -9999.0 -9999.0 -9999.0 -9999.0 -9999.0 -9999.0 -9999.0 -9999.0 -9999.0 -9999.0 -9999.0 -9999.0 -9999.0 -9999.0 -9999.0 -9999.0 -9999.0 -9999.0 -9999.0 00153.073 00153.900 00154.621 00155.020 00156.153 00156.958 00157.675 00158.593 00159.608 00160.676 00161.601 00162.547 00163.629 00164.395 00164.890 00165.405 00165.942 00166.505 00166.916 00167.155 00167.315 00167.478 00167.642 00167.775 00167.911 00168.041 00168.151 00168.453 00168.686 00168.359 00168.101 00167.926 00167.733 00167.484 00167.230 00166.909 00166.052 00165.176 00164.351 00163.518 00162.489 00161.584
-9999.0 -9999.0 -9999.0 -9999.0 -9999.0 -9999.0 -9999.0 -9999.0 -9999.0 -9999.0 -9999.0 -9999.0 -9999.0 -9999.0 -9999.0 -9999.0 -9999.0 -9999.0 -9999.0 00152.442 00153.391 00154.184 00154.869 00155.708 00156.592 00157.403 00158.142 00159.171 00160.353 00161.272 00162.206 00163.229 00163.893 00164.718 00165.225 00165.753 00166.303 00166.891 00166.940 00167.265 00167.433 00167.599 00167.764 00167.931 00168.081 00168.349 00168.757 00169.265 00169.763 00169.322 00168.867 00168.309 00167.984 00167.727 00167.462 00167.201 00166.896 00165.952 00165.048 00163.895 00163.300 00162.298
-9999.0 -9999.0 -9999.0 -9999.0 -9999.0 -9999.0 -9999.0 -9999.0 -9999.0 -9999.0 -9999.0 -9999.0 -9999.0 -9999.0 -9999.0 -9999.0 -9999.0 -9999.0 -9999.0 00152.772 00153.678 00154.448 00154.969 00156.075 00156.974 00157.720 00158.709 00159.795 00160.844 00161.811 00162.805 00163.876 00164.533 00165.042 00165.569 00166.112 00166.688 00166.927 00167.207 00167.374 00167.543 00167.714 00167.887 00168.060 00168.395 00168.928 00169.684 00170.228 00170.720 00170.316 00169.869 00169.246 00168.417 00167.969 00167.699 00167.434 00167.172 00166.750 00165.779 00164.877 00163.882 00162.932
-9999.0 -9999.0 -9999.0 -9999.0 -9999.0 -9999.0 -9999.0 -9999.0 -9999.0 -9999.0 -9999.0 -9999.0 -9999.0 -9999.0 -9999.0 -9999.0 -9999.0 -9999.0 -9999.0 00153.059 00153.936 00154.683 00155.122 00156.416 00157.320 00158.141 00159.248 00160.475 00161.400 00162.354 00163.427 00163.901 00164.817 00165.338 00165.881 00166.449 00166.913 00167.146 00167.316 00167.485 00167.655 00167.826 00168.002 00168.226 00168.813 00169.821 00170.514 00171.133 00171.687 00171.254 00170.713 00170.113 00169.256 00168.338 00167.938 00167.670 00167.400 00167.068 00166.511 00165.439 00164.456 00163.556
-9999.0 -9999.0 -9999.0 -9999.0 -9999.0 -9999.0 -9999.0 -9999.0 -9999.0 -9999.0 -9999.0 -9999.0 -9999.0 -9999.0 -9999.0 -9999.0 -9999.0 -9999.0 00152.256 00153.285 00154.158 00154.880 00155.786 00156.733 00157.621 00158.566 00159.696 00160.826 00161.805 00162.816 00163.878 00164.556 00165.078 00165.622 00166.189 00166.793 00166.935 00167.247 00167.420 00167.595 00167.767 00167.940 00168.120 00168.617 00169.524 00170.489 00171.354 00172.047 00172.686 00172.212 00171.599 00170.853 00170.050 00169.147 00168.241 00167.909 00167.630 00167.335 00166.919 00166.011 00164.976 00163.886
-9999.0 -9999.0 -9999.0 -9999.0 -9999.0 -9999.0 -9999.0 -9999.0 -9999.0 -9999.0 -9999.0 -9999.0 -9999.0 -9999.0 -9999.0 -9999.0 -9999.0 -9999.0 00152.498 00153.501 00154.350 00154.955 00156.102 00157.032 00157.784 00158.943 00160.179 00161.200 00162.160 00163.201 00163.893 00164.735 00165.262 00165.810 00166.386 00166.909 00167.138 00167.329 00167.521 00167.698 00167.876 00168.058 00168.412 00169.137 00170.182 00171.150 00172.135 00172.906 00173.607 00173.114 00172.470 00171.609 00170.770 00169.960 00169.043 00168.153 00167.864 00167.518 00167.180 00166.575 00165.444 00164.408
-9999.0 -9999.0 -9999.0 -9999.0 -9999.0 -9999.0 -9999.0 -9999.0 -9999.0 -9999.0 -9999.0 -9999.0 -9999.0 -9999.0 -9999.0 -9999.0 -9999.0 -9999.0 00152.690 00153.703 00154.524 00155.023 00156.337 00157.312 00158.212 00159.314 00160.559 00161.521 00162.487 00163.595 00164.395 00164.908 00165.443 00166.001 00166.589 00166.922 00167.203 00167.394 00167.587 00167.783 00167.982 00168.178 00168.798 00169.856 00170.809 00171.799 00172.822 00173.732 00162.036 00174.004 00173.225 00172.384 00171.517 00170.679 00169.874 00168.910 00168.059 00167.704 00167.339 00166.914 00165.890 00164.796
-9999.0 -9999.0 -9999.0 -9999.0 -9999.0 -9999.0 -9999.0 -9999.0 -9999.0 -9999.0 -9999.0 -9999.0 -9999.0 -9999.0 -9999.0 -9999.0 -9999.0 -9999.0 00152.862 00153.840 00154.676 00155.384 00156.560 00157.545 00158.485 00159.632 00160.801 00161.766 00162.753 00163.870 00164.511 00165.028 00165.568 00166.129 00166.726 00166.931 00167.250 00167.449 00167.650 00167.850 00168.052 00168.487 00169.454 00170.481 00171.456 00172.474 00173.442 00174.422 -9999.0 -9999.000 00173.947 00173.129 00172.256 00171.425 00170.583 00169.648 00168.447 00167.868 00167.491 00166.958 00166.267 00165.145
-9999.0 -9999.0 -9999.0 -9999.0 -9999.0 -9999.0 -9999.0 -9999.0 -9999.0 -9999.0 -9999.0 -9999.0 -9999.0 -9999.0 -9999.0 -9999.0 -9999.0 -9999.0 00153.002 00153.975 00154.800 00155.726 00156.760 00157.675 00158.721 00159.928 00161.026 00161.976 00162.984 00163.883 00164.609 00165.127 00165.667 00166.228 00166.828 00166.938 00167.288 00167.492 00167.695 00167.900 00168.113 00168.720 00169.948 00171.108 00172.121 00173.115 00174.081 -9999.000 -9999.0 -9999.0 -9999.000 00173.855 00173.039 00172.202 00171.289 00170.219 00169.010 00168.028 00167.630 00167.233 00166.648 00165.454
-9999.0 -9999.0 -9999.0 -9999.0 -9999.0 -9999.0 -9999.0 -9999.0 -9999.0 -9999.0 -9999.0 -9999.0 -9999.0 -9999.0 -9999.0 -9999.0 -9999.0 -9999.0 00153.098 00154.066 00154.877 00155.892 00156.914 00157.761 00158.921 00160.181 00161.204 00162.135 00163.139 00163.889 00164.681 00165.200 00165.741 00166.307 00166.904 00167.023 00167.320 00167.527 00167.734 00167.944 00168.161 00168.949 00170.351 00171.576 00172.786 00173.742 -9999.000 -9999.0 -9999.0 -9999.0 -9999.0 -9999.000 00173.763 00172.954 00171.881 00170.746 00169.600 00168.250 00167.724 00167.256 00166.690 00165.539
-9999.0 -9999.0 -9999.0 -9999.0 -9999.0 -9999.0 -9999.0 -9999.0 -9999.0 -9999.0 -9999.0 -9999.0 -9999.0 -9999.0 -9999.0 -9999.0 -9999.0 -9999.0 00153.163 00154.144 00154.907 00156.008 00157.044 00157.870 00159.093 00160.390 00161.339 00162.248 00163.250 00163.893 00164.732 00165.256 00165.760 00166.276 00166.825 00166.934 00167.279 00167.500 00167.724 00167.953 00168.270 00169.351 00170.699 00172.038 00173.313 00174.391 -9999.0 -9999.0 -9999.0 -9999.0 -9999.0 -9999.0 -9999.000 00173.580 00172.520 00171.347 00169.718 00168.112 00167.640 00167.185 00166.513 00165.411
-9999.0 -9999.0 -9999.0 -9999.0 -9999.0 -9999.0 -9999.0 -9999.0 -9999.0 -9999.0 -9999.0 -9999.0 -9999.0 -9999.0 -9999.0 -9999.0 -9999.0 -9999.0 00153.201 00154.187 00154.928 00156.097 00157.140 00158.017 00159.193 00160.484 00161.417 00162.329 00163.351 00163.892 00164.663 00165.138 00165.629 00166.132 00166.660 00166.923 00167.212 00167.429 00167.650 00167.873 00168.104 00168.788 00170.491 00172.251 00173.809 -9999.000 -9999.0 -9999.0 -9999.0 -9999.0 -9999.0 -9999.0 -9999.000 00174.287 00172.661 00170.913 00169.242 00167.999 00167.537 00166.939 00166.309 00165.246
-9999.0 -9999.0 -9999.0 -9999.0 -9999.0 -9999.0 -9999.0 -9999.0 -9999.0 -9999.0 -9999.0 -9999.0 -9999.0 -9999.0 -9999.0 -9999.0 -9999.0 -9999.0 00153.220 00154.209 00154.940 00156.144 00157.192 00158.112 00159.257 00160.538 00161.475 00162.307 00163.154 00163.883 00164.545 00165.004 00165.480 00165.974 00166.477 00166.910 00167.086 00167.344 00167.564 00167.786 00168.012 00168.449 00169.766 00171.360 00173.086 -9999.000 -9999.0 -9999.0 -9999.0 -9999.0 -9999.0 -9999.0 -9999.0 00173.684 00172.020 00170.365 00168.662 00167.855 00167.409 00166.920 00166.054 00165.031
-9999.0 -9999.0 -9999.0 -9999.0 -9999.0 -9999.0 -9999.0 -9999.0 -9999.0 -9999.0 -9999.0 -9999.0 -9999.0 -9999.0 -9999.0 -9999.0 -9999.0 -9999.0 00153.091 00154.162 00154.948 00156.174 00157.234 00158.181 00159.307 00160.506 00161.340 00162.118 00162.947 00163.859 00164.403 00164.855 00165.309 00165.782 00166.272 00166.782 00166.929 00167.240 00167.456 00167.674 00167.896 00168.127 00168.845 00170.465 00172.019 00173.547 -9999.000 -9999.0 -9999.0 -9999.0 -9999.0 -9999.0 -9999.000 00172.782 00171.156 00169.561 00168.120 00167.693 00167.251 00166.767 00165.746 00164.793
-9999.0 -9999.0 -9999.0 -9999.0 -9999.0 -9999.0 -9999.0 -9999.0 -9999.0 -9999.0 -9999.0 -9999.0 -9999.0 -9999.0 -9999.0 -9999.0 -9999.0 -9999.0 00152.882 00153.989 00154.885 00156.009 00157.086 00157.979 00159.085 00160.272 00161.152 00161.921 00162.717 00163.579 00163.896 00164.681 00165.130 00165.585 00166.043 00166.522 00166.911 00167.082 00167.332 00167.541 00167.752 00167.966 00168.252 00169.236 00170.792 00172.347 00173.855 -9999.0 -9999.0 -9999.0 -9999.0 -9999.000 00173.296 00171.697 00170.139 00168.531 00167.863 00167.455 00166.933 00166.370 00165.398 00164.487
-9999.0 -9999.0 -9999.0 -9999.0 -9999.0 -9999.0 -9999.0 -9999.0 -9999.0 -9999.0 -9999.0 -9999.0 -9999.0 -9999.0 -9999.0 -9999.0 -9999.0 -9999.0 00152.624 00153.788 00154.754 00155.787 00156.878 00157.771 00158.864 00159.975 00160.954 00161.713 00162.463 00163.251 00163.883 00164.497 00164.917 00165.351 00165.798 00166.266 00166.721 00166.922 00167.181 00167.386 00167.592 00167.801 00168.014 00168.413 00169.593 00171.106 00172.675 -9999.000 -9999.0 -9999.0 -9999.0 00173.818 00172.254 00170.652 00169.016 00168.004 00167.603 00167.212 00166.804 00165.919 00165.046 00163.895
-9999.0 -9999.0 -9999.0 -9999.0 -9999.0 -9999.0 -9999.0 -9999.0 -9999.0 -9999.0 -9999.0 -9999.0 -9999.0 -9999.0 -9999.0 -9999.0 -9999.0 -9999.0 00152.310 00153.538 00154.546 00155.358 00156.642 00157.648 00158.625 00159.665 00160.713 00161.488 00162.185 00162.936 00163.739 00163.899 00164.697 00165.124 00165.543 00165.956 00166.381 00166.833 00166.929 00167.224 00167.428 00167.635 00167.844 00168.060 00168.575 00169.923 00171.422 00172.987 -9999.000 -9999.0 -9999.000 00172.798 00171.191 00169.625 00168.145 00167.736 00167.343 00166.919 00166.264 00165.428 00164.640 00163.881
-9999.0 -9999.0 -9999.0 -9999.0 -9999.0 -9999.0 -9999.0 -9999.0 -9999.0 -9999.0 -9999.0 -9999.0 -9999.0 -9999.0 -9999.0 -9999.0 -9999.0 -9999.0 -9999.0 00153.246 00154.316 00155.005 00156.380 00157.440 00158.358 00159.325 00160.464 00161.207 00161.896 00162.601 00163.333 00163.883 00164.472 00164.850 00165.243 00165.648 00166.058 00166.481 00166.905 00166.935 00167.266 00167.471 00167.678 00167.888 00168.104 00168.719 00170.188 00171.578 00172.841 -9999.000 00172.777 00171.451 00170.093 00168.500 00167.869 00167.475 00166.939 00166.553 00165.731 00164.955 00163.896 00163.647
-9999.0 -9999.0 -9999.0 -9999.0 -9999.0 -9999.0 -9999.0 -9999.0 -9999.0 -9999.0 -9999.0 -9999.0 -9999.0 -9999.0 -9999.0 -9999.0 -9999.0 -9999.0 -9999.0 00152.873 00154.001 00154.896 00156.041 00157.098 00157.960 00158.988 00160.020 00160.910 00161.608 00162.254 00162.942 00163.697 00163.893 00164.570 00164.951 00165.335 00165.732 00166.142 00166.572 00166.911 00166.972 00167.305 00167.506 00167.710 00167.918 00168.130 00168.690 00169.848 00170.899 00172.112 00170.903 00169.808 00168.532 00167.970 00167.583 00167.208 00166.845 00166.002 00165.217 00164.479 00163.878 00163.203
