examples/flatland/Outputs/centerIgnit/c_atmRAWS/clockwise/1hr/flatland_centerIgnit_counterClockwise1hr_atmRAWS/flatland_centerIgnit_counterClockwise1hr_atmRAWS_SpreadDirection.asc
NCOLS 100
NROWS 100
XLLCORNER 20000.000000
YLLCORNER 20000.000000
CELLSIZE 30.000000
NODATA_VALUE -9999.0
[rows 38 to 75 of 100, columns 0 to 84 of 100]
-9999 -9999 -9999 -9999 -9999 -9999 -9999 -9999 -9999 -9999 -9999 -9999 -9999 -9999 -9999 -9999 -9999 -9999 -9999 289 289 291 292 292 299 299 299 300 300 303 303 303 303 303 304 304 304 304 304 304 304 307 307 307 321 322 332 332 022 022 022 032 045 048 048 048 048 048 050 051 051 051 051 060 060 060 060 060 060 060 062 062 062 062 067 067 067 067 -9999 -9999 -9999 -9999 -9999 -9999 -9999
-9999 -9999 -9999 -9999 -9999 -9999 -9999 -9999 -9999 -9999 -9999 -9999 -9999 -9999 -9999 -9999 -9999 -9999 -9999 289 289 289 291 292 291 299 299 299 300 300 300 300 300 300 303 303 303 304 304 304 304 304 307 307 307 322 322 330 027 024 032 032 046 048 048 048 048 050 050 060 060 060 060 060 060 060 060 062 062 062 062 062 067 067 067 067 067 071 071 -9999 -9999 -9999 -9999 -9999 -9999
-9999 -9999 -9999 -9999 -9999 -9999 -9999 -9999 -9999 -9999 -9999 -9999 -9999 -9999 -9999 -9999 -9999 -9999 -9999 284 289 289 289 291 291 291 291 299 299 300 300 300 300 300 300 300 301 301 304 304 304 304 304 304 307 307 322 328 328 027 032 046 046 048 048 048 050 050 061 060 061 062 062 062 062 062 062 062 062 062 067 067 067 067 067 067 071 071 071 -9999 -9999 -9999 -9999 -9999 -9999
-9999 -9999 -9999 -9999 -9999 -9999 -9999 -9999 -9999 -9999 -9999 -9999 -9999 -9999 -9999 -9999 -9999 -9999 283 284 284 289 289 289 291 291 291 291 291 290 290 290 290 290 289 289 301 301 301 301 304 304 304 304 304 307 323 323 323 032 032 046 048 048 048 048 050 061 061 061 061 061 067 067 067 067 067 067 067 067 067 067 067 067 071 071 071 075 075 -9999 -9999 -9999 -9999 -9999 -9999
-9999 -9999 -9999 -9999 -9999 -9999 -9999 -9999 -9999 -9999 -9999 -9999 -9999 -9999 -9999 -9999 -9999 -9999 283 283 284 284 284 289 289 289 289 291 289 289 289 289 289 289 289 289 289 289 301 301 301 304 304 304 304 304 306 320 320 035 047 048 048 048 048 049 050 061 061 067 067 067 067 067 067 067 067 067 067 067 067 071 071 071 071 071 075 075 075 077 -9999 -9999 -9999 -9999 -9999
-9999 -9999 -9999 -9999 -9999 -9999 -9999 -9999 -9999 -9999 -9999 -9999 -9999 -9999 -9999 -9999 -9999 -9999 279 279 283 283 284 284 289 289 289 289 289 289 289 283 283 283 283 283 289 289 289 289 301 302 302 304 304 304 305 315 304 040 047 048 048 048 049 049 062 061 067 067 071 071 071 071 071 071 071 071 071 071 071 071 071 071 075 075 075 078 077 079 -9999 -9999 -9999 -9999 -9999
-9999 -9999 -9999 -9999 -9999 -9999 -9999 -9999 -9999 -9999 -9999 -9999 -9999 -9999 -9999 -9999 -9999 -9999 279 279 279 283 283 283 283 283 283 283 283 283 283 283 283 283 283 283 283 283 283 289 289 289 302 303 304 304 304 304 -9999 -9999 048 048 048 048 049 062 062 067 070 071 071 074 075 075 071 071 071 071 071 071 071 075 075 075 075 078 078 078 079 079 -9999 -9999 -9999 -9999 -9999
-9999 -9999 -9999 -9999 -9999 -9999 -9999 -9999 -9999 -9999 -9999 -9999 -9999 -9999 -9999 -9999 -9999 -9999 276 279 279 279 279 283 283 283 283 283 279 279 279 279 279 279 279 279 280 281 283 283 283 289 289 303 304 304 304 -9999 -9999 -9999 -9999 048 048 048 062 062 065 067 069 071 072 073 074 075 075 075 075 075 075 075 075 075 075 078 078 078 078 079 079 090 -9999 -9999 -9999 -9999 -9999
-9999 -9999 -9999 -9999 -9999 -9999 -9999 -9999 -9999 -9999 -9999 -9999 -9999 -9999 -9999 -9999 -9999 -9999 276 276 276 279 279 279 279 279 279 279 279 276 276 277 277 278 279 279 280 281 281 282 283 286 287 289 304 304 -9999 -9999 -9999 -9999 -9999 -9999 048 048 060 062 065 066 100 099 098 096 096 095 076 077 077 077 077 078 078 078 078 078 078 078 078 091 090 090 -9999 -9999 -9999 -9999 -9999
-9999 -9999 -9999 -9999 -9999 -9999 -9999 -9999 -9999 -9999 -9999 -9999 -9999 -9999 -9999 -9999 -9999 -9999 273 273 276 276 276 276 276 276 275 275 276 276 276 277 255 255 254 254 253 253 252 250 249 286 287 291 293 304 -9999 -9999 -9999 -9999 -9999 -9999 -9999 057 060 062 104 102 100 099 098 096 096 095 095 094 093 077 077 078 078 078 078 078 091 091 091 091 090 092 -9999 -9999 -9999 -9999 -9999
-9999 -9999 -9999 -9999 -9999 -9999 -9999 -9999 -9999 -9999 -9999 -9999 -9999 -9999 -9999 -9999 -9999 -9999 272 273 273 273 276 276 276 275 274 275 276 256 256 256 255 253 253 254 249 249 249 249 250 249 247 243 297 -9999 -9999 -9999 -9999 -9999 -9999 -9999 -9999 054 110 109 104 102 103 103 103 099 099 095 095 094 093 093 093 093 092 092 092 091 091 091 092 092 092 092 -9999 -9999 -9999 -9999 -9999
-9999 -9999 -9999 -9999 -9999 -9999 -9999 -9999 -9999 -9999 -9999 -9999 -9999 -9999 -9999 -9999 -9999 -9999 272 272 272 272 273 273 273 274 274 257 257 256 256 253 253 253 249 249 249 249 249 244 244 244 244 244 240 -9999 -9999 -9999 -9999 -9999 -9999 -9999 -9999 116 110 109 109 109 109 109 103 103 103 099 099 095 095 095 093 093 092 092 092 092 092 092 092 095 095 095 -9999 -9999 -9999 -9999 -9999
-9999 -9999 -9999 -9999 -9999 -9999 -9999 -9999 -9999 -9999 -9999 -9999 -9999 -9999 -9999 -9999 -9999 -9999 261 261 272 272 273 273 259 258 258 257 257 253 253 249 249 249 249 243 243 243 244 244 244 244 233 233 232 232 -9999 -9999 -9999 -9999 -9999 -9999 -9999 123 122 121 121 109 109 110 109 103 103 103 099 099 099 095 095 095 095 095 095 095 095 095 095 095 095 098 -9999 -9999 -9999 -9999 -9999
-9999 -9999 -9999 -9999 -9999 -9999 -9999 -9999 -9999 -9999 -9999 -9999 -9999 -9999 -9999 -9999 -9999 -9999 259 261 260 260 259 259 259 258 257 257 253 253 249 249 249 243 243 243 243 234 234 234 234 233 233 232 232 232 232 -9999 -9999 -9999 -9999 -9999 123 123 123 123 121 120 120 110 110 109 109 103 103 103 099 099 099 099 099 095 095 099 099 099 099 099 099 099 -9999 -9999 -9999 -9999 -9999
-9999 -9999 -9999 -9999 -9999 -9999 -9999 -9999 -9999 -9999 -9999 -9999 -9999 -9999 -9999 -9999 -9999 -9999 259 259 259 259 259 259 257 257 257 253 253 249 249 243 243 243 243 243 234 234 234 232 232 232 232 232 232 232 232 -9999 -9999 -9999 -9999 123 123 123 123 123 123 123 120 120 110 111 109 109 103 103 103 103 099 099 099 099 099 099 099 099 099 099 099 -9999 -9999 -9999 -9999 -9999 -9999
-9999 -9999 -9999 -9999 -9999 -9999 -9999 -9999 -9999 -9999 -9999 -9999 -9999 -9999 -9999 -9999 -9999 -9999 257 257 257 257 257 257 257 253 253 253 249 249 243 243 243 243 234 234 234 232 232 232 232 232 232 232 232 232 232 232 -9999 -9999 -9999 123 124 123 123 123 123 123 123 120 120 111 111 109 109 103 103 103 103 103 103 103 103 103 103 103 103 103 103 -9999 -9999 -9999 -9999 -9999 -9999
-9999 -9999 -9999 -9999 -9999 -9999 -9999 -9999 -9999 -9999 -9999 -9999 -9999 -9999 -9999 -9999 -9999 -9999 -9999 253 253 257 253 253 253 253 249 249 249 243 243 242 234 234 234 234 232 232 232 232 232 232 232 232 230 230 231 215 218 -9999 139 142 125 125 126 123 123 123 123 120 120 120 111 111 109 109 109 103 103 103 103 103 103 103 103 103 104 104 104 -9999 -9999 -9999 -9999 -9999 -9999
-9999 -9999 -9999 -9999 -9999 -9999 -9999 -9999 -9999 -9999 -9999 -9999 -9999 -9999 -9999 -9999 -9999 -9999 -9999 253 253 253 253 253 253 249 249 249 243 243 242 242 234 234 232 232 232 232 232 232 232 229 229 230 230 216 215 215 210 215 147 142 141 126 126 126 123 123 123 123 120 120 120 111 111 109 109 109 109 109 103 103 103 103 103 104 104 104 104 -9999 -9999 -9999 -9999 -9999 -9999
-9999 -9999 -9999 -9999 -9999 -9999 -9999 -9999 -9999 -9999 -9999 -9999 -9999 -9999 -9999 -9999 -9999 -9999 -9999 249 249 249 249 249 249 249 249 243 243 242 242 234 234 232 232 232 232 232 232 229 229 229 229 216 216 216 216 205 203 207 154 152 141 141 126 126 127 123 123 123 123 120 120 119 111 111 111 111 109 109 109 109 109 109 109 109 109 109 -9999 -9999 -9999 -9999 -9999 -9999 -9999
-9999 -9999 -9999 -9999 -9999 -9999 -9999 -9999 -9999 -9999 -9999 -9999 -9999 -9999 -9999 -9999 -9999 -9999 -9999 -9999 249 249 249 248 248 249 244 244 242 242 234 234 232 232 232 232 232 232 229 229 229 217 217 216 216 206 206 200 201 157 159 151 141 141 140 127 127 123 123 123 123 123 120 119 119 111 111 111 111 111 109 109 109 109 109 109 109 109 -9999 -9999 -9999 -9999 -9999 -9999 -9999
-9999 -9999 -9999 -9999 -9999 -9999 -9999 -9999 -9999 -9999 -9999 -9999 -9999 -9999 -9999 -9999 -9999 -9999 -9999 -9999 248 248 248 248 244 244 244 242 242 234 234 234 232 232 232 232 232 229 228 229 217 217 215 215 206 206 198 199 199 160 160 151 151 141 140 127 128 127 123 123 123 123 120 120 119 119 119 111 111 111 111 111 111 111 111 111 111 111 -9999 -9999 -9999 -9999 -9999 -9999 -9999
-9999 -9999 -9999 -9999 -9999 -9999 -9999 -9999 -9999 -9999 -9999 -9999 -9999 -9999 -9999 -9999 -9999 -9999 -9999 -9999 244 244 244 244 244 244 242 242 235 235 234 232 232 232 232 229 229 228 228 217 217 215 215 206 206 199 198 196 196 163 159 151 151 142 140 140 128 127 127 123 123 123 123 120 120 120 119 119 119 111 111 111 111 112 112 112 112 -9999 -9999 -9999 -9999 -9999 -9999 -9999 -9999
-9999 -9999 -9999 -9999 -9999 -9999 -9999 -9999 -9999 -9999 -9999 -9999 -9999 -9999 -9999 -9999 -9999 -9999 -9999 -9999 -9999 244 244 244 242 242 242 242 235 234 232 232 232 232 232 229 228 228 217 217 215 215 206 206 206 198 194 195 164 164 160 151 151 142 142 140 128 128 127 123 123 123 123 123 123 120 120 120 119 119 119 119 119 119 119 118 118 -9999 -9999 -9999 -9999 -9999 -9999 -9999 -9999
-9999 -9999 -9999 -9999 -9999 -9999 -9999 -9999 -9999 -9999 -9999 -9999 -9999 -9999 -9999 -9999 -9999 -9999 -9999 -9999 -9999 -9999 242 242 242 242 242 235 235 234 232 232 232 232 229 229 228 217 217 215 215 206 206 206 199 199 194 194 165 165 159 151 151 142 142 139 139 128 128 127 123 123 123 123 123 123 123 120 120 120 120 119 119 119 119 119 -9999 -9999 -9999 -9999 -9999 -9999 -9999 -9999 -9999
-9999 -9999 -9999 -9999 -9999 -9999 -9999 -9999 -9999 -9999 -9999 -9999 -9999 -9999 -9999 -9999 -9999 -9999 -9999 -9999 -9999 -9999 241 242 242 235 235 235 234 232 232 232 232 232 229 228 228 217 217 215 206 206 206 199 199 193 193 194 166 165 159 151 151 142 142 139 139 128 128 127 127 123 123 123 123 123 123 123 123 123 120 120 120 120 120 120 -9999 -9999 -9999 -9999 -9999 -9999 -9999 -9999 -9999
-9999 -9999 -9999 -9999 -9999 -9999 -9999 -9999 -9999 -9999 -9999 -9999 -9999 -9999 -9999 -9999 -9999 -9999 -9999 -9999 -9999 -9999 -9999 235 235 235 235 234 234 232 232 232 232 229 227 228 217 217 215 215 206 206 199 199 193 193 192 167 167 165 159 152 152 151 142 142 139 139 129 129 127 126 123 123 123 123 123 123 123 123 123 123 123 123 123 -9999 -9999 -9999 -9999 -9999 -9999 -9999 -9999 -9999 -9999
-9999 -9999 -9999 -9999 -9999 -9999 -9999 -9999 -9999 -9999 -9999 -9999 -9999 -9999 -9999 -9999 -9999 -9999 -9999 -9999 -9999 -9999 -9999 235 234 234 234 232 232 232 232 232 229 229 227 227 217 217 215 215 206 206 199 199 193 192 192 168 165 165 159 159 152 151 142 142 139 139 129 129 129 126 126 126 123 123 123 123 123 123 123 123 123 123 -9999 -9999 -9999 -9999 -9999 -9999 -9999 -9999 -9999 -9999 -9999
-9999 -9999 -9999 -9999 -9999 -9999 -9999 -9999 -9999 -9999 -9999 -9999 -9999 -9999 -9999 -9999 -9999 -9999 -9999 -9999 -9999 -9999 -9999 -9999 234 232 232 232 232 232 232 232 229 227 227 217 217 215 215 206 206 205 198 198 193 191 191 168 168 165 159 159 152 151 150 142 142 139 139 129 128 128 128 126 126 123 123 123 123 123 123 123 123 123 -9999 -9999 -9999 -9999 -9999 -9999 -9999 -9999 -9999 -9999 -9999
-9999 -9999 -9999 -9999 -9999 -9999 -9999 -9999 -9999 -9999 -9999 -9999 -9999 -9999 -9999 -9999 -9999 -9999 -9999 -9999 -9999 -9999 -9999 -9999 -9999 232 232 232 232 232 232 229 229 227 227 218 217 215 215 206 205 205 198 193 193 190 190 168 168 165 159 159 152 150 150 142 142 139 139 138 138 128 128 128 126 126 126 126 126 123 123 123 123 -9999 -9999 -9999 -9999 -9999 -9999 -9999 -9999 -9999 -9999 -9999 -9999
-9999 -9999 -9999 -9999 -9999 -9999 -9999 -9999 -9999 -9999 -9999 -9999 -9999 -9999 -9999 -9999 -9999 -9999 -9999 -9999 -9999 -9999 -9999 -9999 -9999 -9999 232 232 232 232 229 229 227 227 218 218 217 215 206 206 205 198 198 193 193 190 190 168 168 165 159 159 152 152 150 142 142 142 139 139 138 138 129 129 128 128 128 126 126 126 126 126 -9999 -9999 -9999 -9999 -9999 -9999 -9999 -9999 -9999 -9999 -9999 -9999 -9999
-9999 -9999 -9999 -9999 -9999 -9999 -9999 -9999 -9999 -9999 -9999 -9999 -9999 -9999 -9999 -9999 -9999 -9999 -9999 -9999 -9999 -9999 -9999 -9999 -9999 -9999 232 232 232 229 229 229 227 227 218 217 214 214 206 206 205 198 198 193 193 190 190 169 168 165 165 159 159 152 150 150 142 142 142 139 139 138 138 129 129 129 129 128 128 128 126 126 -9999 -9999 -9999 -9999 -9999 -9999 -9999 -9999 -9999 -9999 -9999 -9999 -9999
-9999 -9999 -9999 -9999 -9999 -9999 -9999 -9999 -9999 -9999 -9999 -9999 -9999 -9999 -9999 -9999 -9999 -9999 -9999 -9999 -9999 -9999 -9999 -9999 -9999 -9999 -9999 229 229 229 229 227 227 227 218 217 214 214 207 206 205 198 198 193 190 190 189 169 168 165 165 159 159 152 152 150 150 142 142 142 139 139 138 137 137 137 129 129 129 130 128 -9999 -9999 -9999 -9999 -9999 -9999 -9999 -9999 -9999 -9999 -9999 -9999 -9999 -9999
-9999 -9999 -9999 -9999 -9999 -9999 -9999 -9999 -9999 -9999 -9999 -9999 -9999 -9999 -9999 -9999 -9999 -9999 -9999 -9999 -9999 -9999 -9999 -9999 -9999 -9999 -9999 -9999 227 227 227 226 227 218 218 217 214 214 207 207 205 198 198 193 190 189 189 170 168 165 165 159 159 159 152 152 150 150 143 143 142 139 139 139 137 137 137 137 130 130 -9999 -9999 -9999 -9999 -9999 -9999 -9999 -9999 -9999 -9999 -9999 -9999 -9999 -9999 -9999
-9999 -9999 -9999 -9999 -9999 -9999 -9999 -9999 -9999 -9999 -9999 -9999 -9999 -9999 -9999 -9999 -9999 -9999 -9999 -9999 -9999 -9999 -9999 -9999 -9999 -9999 -9999 -9999 -9999 226 226 226 219 219 217 217 214 214 207 205 205 199 198 193 193 190 189 170 170 168 165 165 159 159 159 152 152 150 150 143 143 142 142 139 139 139 137 137 137 -9999 -9999 -9999 -9999 -9999 -9999 -9999 -9999 -9999 -9999 -9999 -9999 -9999 -9999 -9999 -9999
-9999 -9999 -9999 -9999 -9999 -9999 -9999 -9999 -9999 -9999 -9999 -9999 -9999 -9999 -9999 -9999 -9999 -9999 -9999 -9999 -9999 -9999 -9999 -9999 -9999 -9999 -9999 -9999 -9999 -9999 226 219 219 219 217 214 214 214 207 205 205 199 198 193 193 190 188 170 170 168 165 165 159 159 159 152 152 152 150 150 143 143 143 142 142 139 139 139 -9999 -9999 -9999 -9999 -9999 -9999 -9999 -9999 -9999 -9999 -9999 -9999 -9999 -9999 -9999 -9999 -9999
-9999 -9999 -9999 -9999 -9999 -9999 -9999 -9999 -9999 -9999 -9999 -9999 -9999 -9999 -9999 -9999 -9999 -9999 -9999 -9999 -9999 -9999 -9999 -9999 -9999 -9999 -9999 -9999 -9999 -9999 -9999 219 217 217 215 215 214 207 207 205 205 199 198 193 193 190 188 188 171 171 168 165 165 159 159 159 152 152 152 150 150 150 143 143 142 142 139 -9999 -9999 -9999 -9999 -9999 -9999 -9999 -9999 -9999 -9999 -9999 -9999 -9999 -9999 -9999 -9999 -9999 -9999
-9999 -9999 -9999 -9999 -9999 -9999 -9999 -9999 -9999 -9999 -9999 -9999 -9999 -9999 -9999 -9999 -9999 -9999 -9999 -9999 -9999 -9999 -9999 -9999 -9999 -9999 -9999 -9999 -9999 -9999 -9999 -9999 -9999 215 215 214 214 207 207 205 205 199 198 193 193 190 187 187 171 171 168 168 165 165 159 158 158 152 152 152 150 150 150 143 143 143 -9999 -9999 -9999 -9999 -9999 -9999 -9999 -9999 -9999 -9999 -9999 -9999 -9999 -9999 -9999 -9999 -9999 -9999 -9999
-9999 -9999 -9999 -9999 -9999 -9999 -9999 -9999 -9999 -9999 -9999 -9999 -9999 -9999 -9999 -9999 -9999 -9999 -9999 -9999 -9999 -9999 -9999 -9999 -9999 -9999 -9999 -9999 -9999 -9999 -9999 -9999 -9999 -9999 214 214 207 207 207 205 205 199 198 193 193 190 190 187 171 171 171 168 165 165 165 160 158 158 152 152 152 150 149 149 -9999 -9999 -9999 -9999 -9999 -9999 -9999 -9999 -9999 -9999 -9999 -9999 -9999 -9999 -9999 -9999 -9999 -9999 -9999 -9999 -9999
