examples/flatland/Outputs/centerIgnit/d_otherRAWS/flatland_centerIgnit_clockwise1hr_otherRAWS_atmRAWS/flatland_centerIgnit_clockwise1hr_otherRAWS_atmRAWS_Intensity.asc
NCOLS 100
NROWS 100
XLLCORNER 20000.000000
YLLCORNER 20000.000000
CELLSIZE 30.000000
NODATA_VALUE -9999.0
[rows 56 to 83 of 100, columns 0 to 61 of 100]
-9999.0 -9999.0 -9999.0 -9999.0 -9999.0 -9999.0 -9999.0 -9999.0 -9999.0 -9999.0 -9999.0 -9999.0 -9999.0 -9999.0 -9999.0 -9999.0 -9999.0 00025.457 00026.878 00028.298 00042.497 00045.425 00046.040 00046.695 00047.405 00050.738 00055.290 00056.192 00057.124 00058.108 00059.127 00059.571 00048.332 00048.489 00049.514 00050.643 00051.794 00052.432 00037.774 00035.861 00036.347 00036.657 00036.852 00028.716 00028.841 00029.173 00029.615 00030.086 00029.171 00028.130 00029.200 00037.746 00043.924 00045.725 00046.729 00047.744 00048.957 00049.708 00052.447 00065.094 00065.521 00065.463
-9999.0 -9999.0 -9999.0 -9999.0 -9999.0 -9999.0 -9999.0 -9999.0 -9999.0 -9999.0 -9999.0 -9999.0 -9999.0 -9999.0 -9999.0 -9999.0 -9999.0 -9999.0 00026.112 00027.428 00033.672 00044.742 00045.371 00045.989 00046.650 00047.984 00054.874 00056.017 00056.932 00057.894 00058.910 00059.544 00054.162 00048.837 00049.881 00051.007 00052.349 00053.348 00051.694 00035.761 00036.123 00036.519 00037.172 00037.793 00028.940 00029.387 00029.810 00030.512 00031.718 00034.118 00037.471 00040.617 00042.506 00043.734 00044.586 00045.592 00046.550 00050.126 00062.055 00064.919 00065.292 00065.161
-9999.0 -9999.0 -9999.0 -9999.0 -9999.0 -9999.0 -9999.0 -9999.0 -9999.0 -9999.0 -9999.0 -9999.0 -9999.0 -9999.0 -9999.0 -9999.0 -9999.0 -9999.0 00025.369 00026.627 00028.093 00044.024 00044.615 00045.195 00045.814 00046.489 00052.560 00055.828 00056.722 00057.610 00058.523 00059.406 00059.683 00049.830 00050.218 00051.430 00052.728 00053.405 00053.695 00048.318 00035.885 00036.471 00037.161 00038.519 00039.425 00030.914 00030.131 00030.700 00031.429 00033.596 00036.253 00039.440 00041.289 00042.228 00043.202 00044.081 00050.946 00063.227 00064.102 00064.589 00064.687 00064.668
-9999.0 -9999.0 -9999.0 -9999.0 -9999.0 -9999.0 -9999.0 -9999.0 -9999.0 -9999.0 -9999.0 -9999.0 -9999.0 -9999.0 -9999.0 -9999.0 -9999.0 -9999.0 00024.276 00025.860 00027.156 00038.619 00043.803 00044.343 00044.918 00045.536 00048.834 00055.575 00056.378 00057.229 00058.125 00059.032 00059.661 00055.399 00050.514 00051.823 00052.638 00053.318 00053.880 00053.716 00044.863 00036.439 00037.206 00038.973 00040.496 00041.757 00038.010 00030.820 00031.489 00032.634 00035.158 00037.795 00040.041 00041.083 00044.883 00055.765 00062.105 00063.150 00063.693 00063.903 00064.012 00064.085
-9999.0 -9999.0 -9999.0 -9999.0 -9999.0 -9999.0 -9999.0 -9999.0 -9999.0 -9999.0 -9999.0 -9999.0 -9999.0 -9999.0 -9999.0 -9999.0 -9999.0 -9999.0 -9999.0 00024.919 00026.114 00027.577 00043.070 00043.619 00044.167 00044.751 00045.350 00053.355 00056.039 00056.839 00057.675 00058.554 00059.428 00059.852 00053.456 00051.866 00052.547 00053.202 00053.624 00054.037 00054.005 00042.739 00037.562 00039.164 00040.538 00042.160 00043.883 00044.898 00043.881 00039.255 00036.651 00037.944 00046.449 00055.202 00059.982 00061.179 00062.037 00062.497 00062.906 00063.197 00063.329 00063.421
-9999.0 -9999.0 -9999.0 -9999.0 -9999.0 -9999.0 -9999.0 -9999.0 -9999.0 -9999.0 -9999.0 -9999.0 -9999.0 -9999.0 -9999.0 -9999.0 -9999.0 -9999.0 -9999.0 00023.806 00025.202 00026.475 00038.946 00042.932 00043.453 00044.013 00044.576 00047.992 00055.640 00056.413 00057.231 00058.014 00058.806 00059.478 00058.855 00052.108 00052.438 00052.929 00053.346 00053.989 00054.741 00054.795 00042.736 00039.190 00040.499 00041.825 00043.625 00045.175 00046.785 00048.395 00050.210 00053.729 00056.787 00058.994 00059.875 00060.648 00061.209 00061.672 00062.287 00062.507 00062.659 00062.770
-9999.0 -9999.0 -9999.0 -9999.0 -9999.0 -9999.0 -9999.0 -9999.0 -9999.0 -9999.0 -9999.0 -9999.0 -9999.0 -9999.0 -9999.0 -9999.0 -9999.0 -9999.0 -9999.0 -9999.0 00024.397 00025.576 00026.986 00042.245 00042.708 00043.134 00043.573 00044.085 00052.622 00055.972 00056.668 00057.393 00058.153 00058.952 00059.541 00057.322 00052.114 00052.660 00053.189 00053.914 00054.773 00055.859 00056.391 00046.400 00040.402 00041.677 00043.205 00045.029 00046.490 00047.963 00049.271 00052.600 00055.924 00058.451 00058.979 00059.587 00060.082 00060.688 00061.270 00061.805 00061.960 00061.676
-9999.0 -9999.0 -9999.0 -9999.0 -9999.0 -9999.0 -9999.0 -9999.0 -9999.0 -9999.0 -9999.0 -9999.0 -9999.0 -9999.0 -9999.0 -9999.0 -9999.0 -9999.0 -9999.0 -9999.0 00023.177 00024.598 00025.684 00036.013 00041.448 00041.866 00042.322 00042.827 00044.825 00055.086 00056.102 00056.800 00057.531 00058.278 00059.060 00059.604 00056.076 00052.341 00053.103 00053.909 00054.838 00056.134 00057.287 00057.652 00052.160 00041.728 00042.985 00044.681 00046.211 00047.441 00048.798 00051.233 00054.345 00056.649 00058.117 00058.728 00059.244 00059.747 00060.318 00060.768 00060.789 00058.919
-9999.0 -9999.0 -9999.0 -9999.0 -9999.0 -9999.0 -9999.0 -9999.0 -9999.0 -9999.0 -9999.0 -9999.0 -9999.0 -9999.0 -9999.0 -9999.0 -9999.0 -9999.0 -9999.0 -9999.0 -9999.0 00023.564 00024.567 00025.799 00040.587 00041.030 00041.449 00041.894 00042.390 00047.655 00055.542 00056.208 00056.901 00057.628 00058.402 00059.184 00059.691 00054.996 00053.044 00053.896 00054.849 00056.075 00057.294 00058.290 00058.782 00058.726 00050.902 00044.366 00045.767 00046.934 00048.266 00050.161 00052.848 00055.072 00057.008 00057.857 00058.439 00058.856 00059.839 00060.494 00059.647 00058.642
-9999.0 -9999.0 -9999.0 -9999.0 -9999.0 -9999.0 -9999.0 -9999.0 -9999.0 -9999.0 -9999.0 -9999.0 -9999.0 -9999.0 -9999.0 -9999.0 -9999.0 -9999.0 -9999.0 -9999.0 -9999.0 -9999.0 00023.500 00024.640 00026.979 00040.228 00040.661 00041.092 00041.553 00042.077 00050.428 00055.629 00056.301 00057.018 00057.772 00058.531 00059.218 00059.687 00054.614 00053.917 00054.871 00056.099 00057.449 00058.208 00059.052 00059.834 00060.347 00060.809 00055.342 00051.162 00048.278 00049.249 00051.553 00053.726 00055.414 00057.601 00059.543 00060.958 00061.312 00060.523 00059.516 00058.510
-9999.0 -9999.0 -9999.0 -9999.0 -9999.0 -9999.0 -9999.0 -9999.0 -9999.0 -9999.0 -9999.0 -9999.0 -9999.0 -9999.0 -9999.0 -9999.0 -9999.0 -9999.0 -9999.0 -9999.0 -9999.0 -9999.0 00022.308 00023.637 00024.716 00032.511 00039.947 00040.381 00040.831 00041.321 00041.913 00052.923 00055.747 00056.433 00057.115 00057.838 00058.536 00059.124 00059.043 00054.897 00054.878 00056.313 00057.347 00058.104 00058.886 00059.753 00060.648 00061.384 00061.670 00061.907 00062.178 00060.874 00059.546 00059.352 00061.683 00062.453 00062.063 00061.624 00061.130 00060.304 00059.354 00058.346
-9999.0 -9999.0 -9999.0 -9999.0 -9999.0 -9999.0 -9999.0 -9999.0 -9999.0 -9999.0 -9999.0 -9999.0 -9999.0 -9999.0 -9999.0 -9999.0 -9999.0 -9999.0 -9999.0 -9999.0 -9999.0 -9999.0 -9999.0 00022.689 00023.711 00024.834 00036.809 00039.811 00040.292 00040.810 00041.367 00043.044 00054.719 00055.822 00056.468 00057.106 00057.775 00058.402 00058.885 00058.636 00055.900 00056.355 00057.152 00057.901 00058.676 00059.527 00060.357 00061.128 00061.630 00062.095 00062.498 00062.753 00062.909 00063.011 00062.581 00062.337 00061.845 00061.312 00060.757 00060.041 00059.177 00058.203
-9999.0 -9999.0 -9999.0 -9999.0 -9999.0 -9999.0 -9999.0 -9999.0 -9999.0 -9999.0 -9999.0 -9999.0 -9999.0 -9999.0 -9999.0 -9999.0 -9999.0 -9999.0 -9999.0 -9999.0 -9999.0 -9999.0 -9999.0 -9999.0 00022.798 00023.840 00025.054 00039.332 00039.823 00040.242 00040.688 00041.170 00045.219 00055.109 00055.789 00056.400 00057.022 00057.529 00058.063 00058.347 00058.519 00057.096 00056.725 00057.689 00058.454 00059.283 00059.993 00060.640 00061.276 00061.719 00062.077 00062.398 00062.636 00062.804 00062.232 00061.884 00061.432 00060.928 00060.387 00059.711 00058.933 00058.097
-9999.0 -9999.0 -9999.0 -9999.0 -9999.0 -9999.0 -9999.0 -9999.0 -9999.0 -9999.0 -9999.0 -9999.0 -9999.0 -9999.0 -9999.0 -9999.0 -9999.0 -9999.0 -9999.0 -9999.0 -9999.0 -9999.0 -9999.0 -9999.0 -9999.0 00022.975 00023.995 00025.208 00039.124 00039.545 00039.923 00040.324 00040.757 00046.436 00055.120 00055.691 00056.108 00056.482 00056.828 00057.186 00057.580 00057.957 00057.582 00057.404 00058.221 00059.030 00059.657 00060.277 00060.901 00061.344 00061.653 00061.937 00062.166 00062.334 00061.817 00061.441 00061.036 00060.609 00060.067 00059.315 00058.645 00057.822
-9999.0 -9999.0 -9999.0 -9999.0 -9999.0 -9999.0 -9999.0 -9999.0 -9999.0 -9999.0 -9999.0 -9999.0 -9999.0 -9999.0 -9999.0 -9999.0 -9999.0 -9999.0 -9999.0 -9999.0 -9999.0 -9999.0 -9999.0 -9999.0 -9999.0 -9999.0 00023.019 00024.017 00027.311 00038.755 00039.127 00039.481 00039.851 00040.266 00046.844 00054.791 00055.137 00055.459 00055.776 00056.164 00056.554 00056.942 00056.992 00057.016 00057.381 00058.391 00059.253 00059.934 00060.499 00060.907 00061.208 00061.482 00061.696 00061.861 00061.396 00061.012 00060.652 00060.270 00059.732 00058.910 00052.852 00040.048
-9999.0 -9999.0 -9999.0 -9999.0 -9999.0 -9999.0 -9999.0 -9999.0 -9999.0 -9999.0 -9999.0 -9999.0 -9999.0 -9999.0 -9999.0 -9999.0 -9999.0 -9999.0 -9999.0 -9999.0 -9999.0 -9999.0 -9999.0 -9999.0 -9999.0 -9999.0 00021.770 00022.956 00023.942 00029.147 00038.284 00038.594 00038.736 00038.862 00038.974 00045.457 00054.183 00054.491 00054.834 00055.180 00055.532 00055.601 00055.619 00055.690 00055.789 00055.790 00056.866 00058.164 00059.896 00060.383 00060.765 00061.036 00061.233 00061.387 00060.973 00060.585 00060.131 00059.184 00051.266 00041.953 00040.285 00039.024
-9999.0 -9999.0 -9999.0 -9999.0 -9999.0 -9999.0 -9999.0 -9999.0 -9999.0 -9999.0 -9999.0 -9999.0 -9999.0 -9999.0 -9999.0 -9999.0 -9999.0 -9999.0 -9999.0 -9999.0 -9999.0 -9999.0 -9999.0 -9999.0 -9999.0 -9999.0 -9999.0 00021.841 00022.808 00023.726 00029.566 00037.334 00037.440 00037.560 00037.680 00037.800 00041.130 00053.110 00053.923 00054.221 00054.315 00054.317 00054.386 00054.442 00054.452 00054.425 00054.168 00053.806 00053.506 00054.696 00056.130 00057.246 00058.131 00059.186 00055.454 00050.777 00045.166 00043.295 00042.038 00040.642 00039.369 00038.208
-9999.0 -9999.0 -9999.0 -9999.0 -9999.0 -9999.0 -9999.0 -9999.0 -9999.0 -9999.0 -9999.0 -9999.0 -9999.0 -9999.0 -9999.0 -9999.0 -9999.0 -9999.0 -9999.0 -9999.0 -9999.0 -9999.0 -9999.0 -9999.0 -9999.0 -9999.0 -9999.0 -9999.0 00021.696 00022.523 00023.327 00028.020 00036.327 00036.440 00036.542 00036.702 00036.872 00037.066 00047.999 00053.115 00053.126 00053.172 00053.225 00053.230 00053.212 00053.038 00052.685 00052.384 00052.081 00051.787 00051.280 00050.468 00049.137 00047.558 00045.584 00044.185 00043.145 00042.205 00041.013 00039.721 00038.536 00037.442
-9999.0 -9999.0 -9999.0 -9999.0 -9999.0 -9999.0 -9999.0 -9999.0 -9999.0 -9999.0 -9999.0 -9999.0 -9999.0 -9999.0 -9999.0 -9999.0 -9999.0 -9999.0 -9999.0 -9999.0 -9999.0 -9999.0 -9999.0 -9999.0 -9999.0 -9999.0 -9999.0 -9999.0 -9999.0 00021.360 00022.013 00022.807 00023.713 00035.438 00035.599 00035.724 00035.859 00035.974 00035.945 00040.488 00051.116 00052.095 00052.110 00052.077 00052.003 00051.670 00051.363 00051.075 00050.789 00050.436 00049.803 00048.767 00047.562 00045.969 00044.243 00043.065 00042.096 00041.193 00040.074 00038.860 00037.760 00035.397
-9999.0 -9999.0 -9999.0 -9999.0 -9999.0 -9999.0 -9999.0 -9999.0 -9999.0 -9999.0 -9999.0 -9999.0 -9999.0 -9999.0 -9999.0 -9999.0 -9999.0 -9999.0 -9999.0 -9999.0 -9999.0 -9999.0 -9999.0 -9999.0 -9999.0 -9999.0 -9999.0 -9999.0 -9999.0 -9999.0 00020.439 00021.542 00022.293 00023.138 00032.231 00034.796 00034.848 00034.874 00034.793 00034.419 00034.467 00038.853 00048.833 00050.993 00050.727 00050.416 00050.133 00049.861 00049.583 00049.131 00048.621 00047.859 00045.608 00044.218 00043.047 00042.004 00041.119 00040.257 00039.200 00036.214 00025.178 00024.592
-9999.0 -9999.0 -9999.0 -9999.0 -9999.0 -9999.0 -9999.0 -9999.0 -9999.0 -9999.0 -9999.0 -9999.0 -9999.0 -9999.0 -9999.0 -9999.0 -9999.0 -9999.0 -9999.0 -9999.0 -9999.0 -9999.0 -9999.0 -9999.0 -9999.0 -9999.0 -9999.0 -9999.0 -9999.0 -9999.0 -9999.0 -9999.0 00021.093 00021.761 00022.465 00025.221 00033.830 00033.683 00033.373 00033.353 00033.359 00033.326 00033.299 00033.230 00041.008 00048.298 00048.990 00048.729 00048.408 00047.906 00047.430 00046.341 00044.539 00042.661 00041.923 00041.029 00039.772 00031.600 00025.596 00025.033 00024.516 00024.043
-9999.0 -9999.0 -9999.0 -9999.0 -9999.0 -9999.0 -9999.0 -9999.0 -9999.0 -9999.0 -9999.0 -9999.0 -9999.0 -9999.0 -9999.0 -9999.0 -9999.0 -9999.0 -9999.0 -9999.0 -9999.0 -9999.0 -9999.0 -9999.0 -9999.0 -9999.0 -9999.0 -9999.0 -9999.0 -9999.0 -9999.0 -9999.0 -9999.0 00020.530 00021.184 00021.821 00022.433 00026.938 00032.502 00032.574 00032.457 00032.354 00032.158 00031.904 00031.676 00031.454 00031.270 00032.962 00037.012 00040.349 00042.380 00043.048 00039.261 00033.536 00027.748 00026.328 00025.875 00025.436 00024.928 00024.432 00024.015 00023.424
-9999.0 -9999.0 -9999.0 -9999.0 -9999.0 -9999.0 -9999.0 -9999.0 -9999.0 -9999.0 -9999.0 -9999.0 -9999.0 -9999.0 -9999.0 -9999.0 -9999.0 -9999.0 -9999.0 -9999.0 -9999.0 -9999.0 -9999.0 -9999.0 -9999.0 -9999.0 -9999.0 -9999.0 -9999.0 -9999.0 -9999.0 -9999.0 -9999.0 -9999.0 -9999.0 00020.509 00020.973 00021.493 00022.098 00025.280 00031.359 00031.191 00031.092 00030.949 00030.822 00030.526 00030.221 00029.996 00029.734 00029.396 00028.840 00028.084 00027.120 00026.484 00026.041 00025.608 00025.203 00024.806 00024.326 00023.681 00022.515 00021.898
-9999.0 -9999.0 -9999.0 -9999.0 -9999.0 -9999.0 -9999.0 -9999.0 -9999.0 -9999.0 -9999.0 -9999.0 -9999.0 -9999.0 -9999.0 -9999.0 -9999.0 -9999.0 -9999.0 -9999.0 -9999.0 -9999.0 -9999.0 -9999.0 -9999.0 -9999.0 -9999.0 -9999.0 -9999.0 -9999.0 -9999.0 -9999.0 -9999.0 -9999.0 -9999.0 -9999.0 -9999.0 00020.221 00020.710 00021.146 00021.572 00022.040 00025.913 00030.075 00029.865 00029.576 00029.314 00029.091 00028.829 00028.472 00027.829 00027.122 00026.304 00025.789 00025.373 00024.990 00024.425 00022.875 00021.933 00021.425 00020.974 00020.549
-9999.0 -9999.0 -9999.0 -9999.0 -9999.0 -9999.0 -9999.0 -9999.0 -9999.0 -9999.0 -9999.0 -9999.0 -9999.0 -9999.0 -9999.0 -9999.0 -9999.0 -9999.0 -9999.0 -9999.0 -9999.0 -9999.0 -9999.0 -9999.0 -9999.0 -9999.0 -9999.0 -9999.0 -9999.0 -9999.0 -9999.0 -9999.0 -9999.0 -9999.0 -9999.0 -9999.0 -9999.0 -9999.0 -9999.0 00019.831 00020.197 00020.547 00020.890 00021.244 00021.539 00021.842 00023.943 00025.981 00027.165 00027.502 00026.935 00026.267 00024.550 00023.034 00021.866 00021.526 00021.158 00020.840 00020.500 00020.096 00019.493 -9999.0
-9999.0 -9999.0 -9999.0 -9999.0 -9999.0 -9999.0 -9999.0 -9999.0 -9999.0 -9999.0 -9999.0 -9999.0 -9999.0 -9999.0 -9999.0 -9999.0 -9999.0 -9999.0 -9999.0 -9999.0 -9999.0 -9999.0 -9999.0 -9999.0 -9999.0 -9999.0 -9999.0 -9999.0 -9999.0 -9999.0 -9999.0 -9999.0 -9999.0 -9999.0 -9999.0 -9999.0 -9999.0 -9999.0 -9999.0 -9999.0 -9999.0 -9999.0 00019.566 00019.861 00020.087 00020.314 00020.491 00020.672 00020.780 00020.865 00020.937 00020.883 00020.732 00020.548 00020.347 00020.092 00019.810 00019.420 -9999.0 -9999.0 -9999.0 -9999.0
-9999.0 -9999.0 -9999.0 -9999.0 -9999.0 -9999.0 -9999.0 -9999.0 -9999.0 -9999.0 -9999.0 -9999.0 -9999.0 -9999.0 -9999.0 -9999.0 -9999.0 -9999.0 -9999.0 -9999.0 -9999.0 -9999.0 -9999.0 -9999.0 -9999.0 -9999.0 -9999.0 -9999.0 -9999.0 -9999.0 -9999.0 -9999.0 -9999.0 -9999.0 -9999.0 -9999.0 -9999.0 -9999.0 -9999.0 -9999.0 -9999.0 -9999.0 -9999.0 -9999.0 -9999.0 -9999.0 00018.893 00019.312 00019.412 00019.487 00019.559 00019.521 00019.371 00018.998 -9999.0 -9999.0 -9999.0 -9999.0 -9999.0 -9999.0 -9999.0 -9999.0
-9999.0 -9999.0 -9999.0 -9999.0 -9999.0 -9999.0 -9999.0 -9999.0 -9999.0 -9999.0 -9999.0 -9999.0 -9999.0 -9999.0 -9999.0 -9999.0 -9999.0 -9999.0 -9999.0 -9999.0 -9999.0 -9999.0 -9999.0 -9999.0 -9999.0 -9999.0 -9999.0 -9999.0 -9999.0 -9999.0 -9999.0 -9999.0 -9999.0 -9999.0 -9999.0 -9999.0 -9999.0 -9999.0 -9999.0 -9999.0 -9999.0 -9999.0 -9999.0 -9999.0 -9999.0 -9999.0 -9999.0 -9999.0 -9999.0 -9999.0 -9999.0 -9999.0 -9999.0 -9999.0 -9999.0 -9999.0 -9999.0 -9999.0 -9999.0 -9999.0 -9999.0 -9999.0
