examples/flatland/Outputs/centerIgnit/d_otherRAWS/flatland_centerIgnit_clockwise1hr_otherRAWS_atmRAWS/flatland_centerIgnit_clockwise1hr_otherRAWS_atmRAWS_HeatPerUnitArea.asc
NCOLS 100
NROWS 100
XLLCORNER 20000.000000
YLLCORNER 20000.000000
CELLSIZE 30.000000
NODATA_VALUE -9999.0
[rows 56 to 83 of 100, columns 0 to 61 of 100]
-9999.0 -9999.0 -9999.0 -9999.0 -9999.0 -9999.0 -9999.0 -9999.0 -9999.0 -9999.0 -9999.0 -9999.0 -9999.0 -9999.0 -9999.0 -9999.0 -9999.0 01020.176 01034.532 01048.577 01059.905 01064.736 01069.554 01074.791 01080.543 01084.673 01092.785 01098.972 01105.389 01112.181 01119.352 01127.196 01129.145 01134.579 01138.537 01142.498 01146.541 01150.247 01152.394 01156.939 01160.788 01164.718 01168.789 01169.606 01169.698 01169.774 01169.836 01169.851 01166.185 01163.098 01166.010 01169.844 01169.862 01169.820 01169.778 01169.735 01169.691 01169.646 01169.588 01169.557 01167.182 01164.889
-9999.0 -9999.0 -9999.0 -9999.0 -9999.0 -9999.0 -9999.0 -9999.0 -9999.0 -9999.0 -9999.0 -9999.0 -9999.0 -9999.0 -9999.0 -9999.0 -9999.0 -9999.0 01030.223 01043.306 01058.322 01063.111 01067.897 01072.952 01078.442 01084.181 01088.740 01096.632 01102.924 01109.582 01116.626 01123.943 01128.296 01132.528 01136.452 01140.368 01143.959 01147.513 01151.039 01153.223 01157.723 01161.594 01165.493 01169.342 01169.618 01169.686 01169.748 01169.798 01169.838 01169.872 01169.860 01169.828 01169.797 01169.761 01169.724 01169.682 01169.638 01169.587 01169.563 01167.726 01165.436 01163.177
-9999.0 -9999.0 -9999.0 -9999.0 -9999.0 -9999.0 -9999.0 -9999.0 -9999.0 -9999.0 -9999.0 -9999.0 -9999.0 -9999.0 -9999.0 -9999.0 -9999.0 -9999.0 01025.280 01038.021 01053.773 01061.243 01066.122 01071.035 01076.370 01082.281 01085.054 01094.361 01100.484 01106.758 01113.300 01120.208 01127.576 01129.136 01134.414 01137.989 01141.421 01144.919 01148.385 01151.329 01154.353 01158.502 01162.227 01165.906 01169.242 01169.589 01169.660 01169.704 01169.742 01169.771 01169.783 01169.755 01169.727 01169.697 01169.661 01169.621 01169.580 01169.526 01167.591 01165.682 01163.648 01161.454
-9999.0 -9999.0 -9999.0 -9999.0 -9999.0 -9999.0 -9999.0 -9999.0 -9999.0 -9999.0 -9999.0 -9999.0 -9999.0 -9999.0 -9999.0 -9999.0 -9999.0 -9999.0 01015.622 01033.142 01046.598 01059.502 01064.246 01069.018 01074.207 01079.878 01084.521 01091.842 01097.520 01103.589 01109.997 01116.648 01123.768 01128.242 01131.698 01135.529 01138.908 01142.276 01145.641 01149.117 01151.663 01155.383 01159.017 01162.582 01165.448 01168.143 01169.570 01169.600 01169.646 01169.674 01169.696 01169.679 01169.654 01169.621 01169.588 01169.567 01168.875 01167.087 01165.296 01163.447 01161.608 01159.722
-9999.0 -9999.0 -9999.0 -9999.0 -9999.0 -9999.0 -9999.0 -9999.0 -9999.0 -9999.0 -9999.0 -9999.0 -9999.0 -9999.0 -9999.0 -9999.0 -9999.0 -9999.0 -9999.0 01027.387 01040.227 01056.439 01061.963 01066.764 01071.682 01077.018 01082.945 01085.182 01094.728 01100.519 01106.616 01113.041 01119.764 01126.613 01128.747 01133.098 01136.392 01139.648 01142.959 01146.339 01149.844 01151.956 01155.774 01159.162 01161.809 01164.361 01166.661 01168.500 01169.563 01169.576 01169.588 01169.591 01169.576 01169.564 01168.911 01167.604 01166.118 01164.683 01162.971 01161.217 01159.438 01157.615
-9999.0 -9999.0 -9999.0 -9999.0 -9999.0 -9999.0 -9999.0 -9999.0 -9999.0 -9999.0 -9999.0 -9999.0 -9999.0 -9999.0 -9999.0 -9999.0 -9999.0 -9999.0 -9999.0 01018.033 01033.841 01047.563 01059.696 01064.430 01069.139 01074.253 01079.838 01084.514 01091.728 01097.318 01103.280 01109.229 01115.346 01121.799 01127.738 01129.179 01133.877 01137.074 01140.330 01143.637 01146.929 01150.281 01152.119 01155.613 01158.219 01160.692 01162.907 01164.626 01166.081 01167.212 01168.075 01168.782 01167.854 01166.886 01165.899 01164.788 01163.473 01162.068 01160.634 01158.952 01157.240 01155.470
-9999.0 -9999.0 -9999.0 -9999.0 -9999.0 -9999.0 -9999.0 -9999.0 -9999.0 -9999.0 -9999.0 -9999.0 -9999.0 -9999.0 -9999.0 -9999.0 -9999.0 -9999.0 -9999.0 -9999.0 01027.221 01039.975 01056.054 01061.830 01066.621 01071.499 01076.792 01082.668 01085.124 01094.177 01099.490 01105.056 01110.916 01117.079 01123.570 01128.051 01130.148 01134.532 01137.742 01140.989 01144.126 01147.239 01150.491 01151.872 01154.387 01157.108 01159.192 01160.868 01162.339 01163.447 01164.245 01164.929 01164.711 01163.819 01162.957 01161.912 01160.802 01159.475 01158.061 01156.680 01154.787 01152.578
-9999.0 -9999.0 -9999.0 -9999.0 -9999.0 -9999.0 -9999.0 -9999.0 -9999.0 -9999.0 -9999.0 -9999.0 -9999.0 -9999.0 -9999.0 -9999.0 -9999.0 -9999.0 -9999.0 -9999.0 01015.670 01033.022 01046.238 01059.383 01064.045 01068.608 01073.531 01078.875 01084.238 01088.102 01095.725 01101.077 01106.695 01112.429 01118.454 01124.957 01128.329 01131.388 01135.173 01138.270 01141.334 01144.358 01147.153 01149.699 01151.428 01152.729 01155.521 01157.216 01158.659 01159.770 01160.595 01161.230 01161.606 01160.779 01159.963 01159.076 01157.984 01156.907 01155.518 01153.561 01152.213 01151.037
-9999.0 -9999.0 -9999.0 -9999.0 -9999.0 -9999.0 -9999.0 -9999.0 -9999.0 -9999.0 -9999.0 -9999.0 -9999.0 -9999.0 -9999.0 -9999.0 -9999.0 -9999.0 -9999.0 -9999.0 -9999.0 01025.456 01037.681 01052.692 01060.751 01065.461 01070.110 01075.147 01080.637 01084.664 01091.969 01097.061 01102.378 01107.924 01113.701 01119.734 01126.310 01128.617 01132.471 01135.583 01138.531 01141.515 01143.941 01146.357 01148.694 01150.969 01151.760 01152.753 01154.855 01156.136 01157.018 01157.664 01158.153 01157.747 01157.008 01156.153 01155.083 01153.545 01152.362 01151.495 01150.174 01147.789
-9999.0 -9999.0 -9999.0 -9999.0 -9999.0 -9999.0 -9999.0 -9999.0 -9999.0 -9999.0 -9999.0 -9999.0 -9999.0 -9999.0 -9999.0 -9999.0 -9999.0 -9999.0 -9999.0 -9999.0 -9999.0 -9999.0 01029.325 01041.835 01057.333 01062.150 01066.758 01071.478 01076.587 01082.161 01084.979 01093.143 01098.157 01103.479 01109.088 01114.943 01121.079 01127.498 01128.832 01132.882 01135.760 01138.457 01140.783 01143.113 01145.329 01147.434 01149.198 01150.875 01151.516 01152.100 01152.672 01153.571 01154.256 01154.384 01153.325 01152.525 01152.001 01151.359 01150.436 01148.563 01146.613 01144.550
-9999.0 -9999.0 -9999.0 -9999.0 -9999.0 -9999.0 -9999.0 -9999.0 -9999.0 -9999.0 -9999.0 -9999.0 -9999.0 -9999.0 -9999.0 -9999.0 -9999.0 -9999.0 -9999.0 -9999.0 -9999.0 -9999.0 01016.290 01032.784 01045.460 01058.915 01063.341 01067.832 01072.576 01077.696 01083.377 01085.213 01094.176 01099.266 01104.568 01110.230 01115.963 01121.985 01127.675 01128.942 01133.043 01135.392 01137.691 01139.889 01142.058 01143.946 01145.625 01147.190 01148.537 01149.701 01150.635 01151.122 01151.379 01151.534 01151.152 01150.549 01149.479 01148.151 01146.746 01145.056 01143.203 01141.360
-9999.0 -9999.0 -9999.0 -9999.0 -9999.0 -9999.0 -9999.0 -9999.0 -9999.0 -9999.0 -9999.0 -9999.0 -9999.0 -9999.0 -9999.0 -9999.0 -9999.0 -9999.0 -9999.0 -9999.0 -9999.0 -9999.0 -9999.0 01023.436 01035.594 01049.166 01059.816 01064.321 01068.771 01073.587 01078.803 01084.189 01086.872 01095.193 01100.284 01105.469 01110.922 01116.530 01122.438 01127.751 01128.887 01132.077 01134.645 01136.731 01138.847 01140.539 01142.148 01143.685 01144.870 01145.975 01146.805 01147.524 01148.084 01148.477 01147.626 01146.757 01145.751 01144.548 01143.191 01141.653 01139.875 01138.062
-9999.0 -9999.0 -9999.0 -9999.0 -9999.0 -9999.0 -9999.0 -9999.0 -9999.0 -9999.0 -9999.0 -9999.0 -9999.0 -9999.0 -9999.0 -9999.0 -9999.0 -9999.0 -9999.0 -9999.0 -9999.0 -9999.0 -9999.0 -9999.0 01026.126 01038.059 01052.696 01060.632 01065.244 01069.762 01074.649 01079.979 01084.492 01090.477 01095.911 01100.896 01105.966 01111.249 01116.905 01122.064 01127.338 01128.558 01130.534 01133.626 01135.588 01137.197 01138.743 01140.222 01141.314 01142.392 01143.154 01143.825 01144.345 01144.726 01143.944 01143.113 01142.158 01141.045 01139.712 01138.314 01136.592 01134.820
-9999.0 -9999.0 -9999.0 -9999.0 -9999.0 -9999.0 -9999.0 -9999.0 -9999.0 -9999.0 -9999.0 -9999.0 -9999.0 -9999.0 -9999.0 -9999.0 -9999.0 -9999.0 -9999.0 -9999.0 -9999.0 -9999.0 -9999.0 -9999.0 -9999.0 01028.684 01040.769 01056.084 01061.574 01066.124 01070.626 01075.486 01080.803 01084.667 01091.613 01096.298 01101.211 01106.218 01110.796 01115.649 01120.482 01125.574 01128.127 01129.114 01131.984 01133.920 01135.402 01136.757 01137.830 01138.840 01139.583 01140.216 01140.707 01141.087 01140.348 01139.548 01138.639 01137.612 01136.308 01135.036 01133.357 01130.658
-9999.0 -9999.0 -9999.0 -9999.0 -9999.0 -9999.0 -9999.0 -9999.0 -9999.0 -9999.0 -9999.0 -9999.0 -9999.0 -9999.0 -9999.0 -9999.0 -9999.0 -9999.0 -9999.0 -9999.0 -9999.0 -9999.0 -9999.0 -9999.0 -9999.0 -9999.0 01031.087 01043.147 01057.711 01062.231 01066.678 01071.184 01076.000 01081.278 01084.758 01091.879 01096.400 01100.659 01104.982 01109.478 01113.994 01118.416 01123.248 01127.591 01128.396 01129.164 01131.582 01133.362 01134.411 01135.354 01136.083 01136.680 01137.141 01137.523 01136.820 01136.054 01135.193 01134.226 01132.971 01130.807 01128.880 01127.574
-9999.0 -9999.0 -9999.0 -9999.0 -9999.0 -9999.0 -9999.0 -9999.0 -9999.0 -9999.0 -9999.0 -9999.0 -9999.0 -9999.0 -9999.0 -9999.0 -9999.0 -9999.0 -9999.0 -9999.0 -9999.0 -9999.0 -9999.0 -9999.0 -9999.0 -9999.0 01017.302 01032.619 01044.751 01058.337 01062.632 01066.991 01071.446 01076.254 01081.539 01084.730 01091.238 01095.340 01099.392 01103.495 01107.644 01111.795 01116.090 01119.689 01123.657 01127.297 01128.277 01128.837 01129.507 01131.224 01132.612 01133.214 01133.647 01134.013 01133.360 01132.567 01130.984 01129.253 01128.590 01127.600 01122.462 01116.831
-9999.0 -9999.0 -9999.0 -9999.0 -9999.0 -9999.0 -9999.0 -9999.0 -9999.0 -9999.0 -9999.0 -9999.0 -9999.0 -9999.0 -9999.0 -9999.0 -9999.0 -9999.0 -9999.0 -9999.0 -9999.0 -9999.0 -9999.0 -9999.0 -9999.0 -9999.0 -9999.0 01021.000 01033.574 01045.477 01058.582 01062.812 01067.131 01071.240 01075.610 01080.335 01084.404 01086.442 01093.975 01097.639 01101.596 01105.494 01108.899 01112.303 01115.744 01119.062 01122.146 01124.905 01127.558 01128.015 01128.432 01128.717 01128.931 01129.108 01128.768 01128.331 01127.689 01124.943 01120.891 01116.852 01111.996 01107.010
-9999.0 -9999.0 -9999.0 -9999.0 -9999.0 -9999.0 -9999.0 -9999.0 -9999.0 -9999.0 -9999.0 -9999.0 -9999.0 -9999.0 -9999.0 -9999.0 -9999.0 -9999.0 -9999.0 -9999.0 -9999.0 -9999.0 -9999.0 -9999.0 -9999.0 -9999.0 -9999.0 -9999.0 01022.360 01033.934 01045.790 01058.315 01062.185 01066.177 01070.147 01074.315 01078.768 01083.500 01085.054 01092.150 01095.820 01098.919 01102.116 01105.215 01108.402 01111.207 01113.781 01116.257 01118.358 01120.293 01121.964 01123.291 01124.231 01124.204 01122.238 01119.863 01117.242 01114.365 01110.636 01106.962 01102.550 01097.870
-9999.0 -9999.0 -9999.0 -9999.0 -9999.0 -9999.0 -9999.0 -9999.0 -9999.0 -9999.0 -9999.0 -9999.0 -9999.0 -9999.0 -9999.0 -9999.0 -9999.0 -9999.0 -9999.0 -9999.0 -9999.0 -9999.0 -9999.0 -9999.0 -9999.0 -9999.0 -9999.0 -9999.0 -9999.0 01022.047 01032.786 01043.337 01056.940 01061.051 01064.995 01068.698 01072.607 01076.751 01081.184 01084.547 01085.326 01092.739 01095.663 01098.488 01101.379 01103.631 01105.959 01108.213 01109.934 01111.554 01112.880 01113.863 01114.703 01113.796 01112.012 01109.936 01107.423 01104.629 01101.287 01097.751 01093.818 01085.269
-9999.0 -9999.0 -9999.0 -9999.0 -9999.0 -9999.0 -9999.0 -9999.0 -9999.0 -9999.0 -9999.0 -9999.0 -9999.0 -9999.0 -9999.0 -9999.0 -9999.0 -9999.0 -9999.0 -9999.0 -9999.0 -9999.0 -9999.0 -9999.0 -9999.0 -9999.0 -9999.0 -9999.0 -9999.0 -9999.0 01014.538 01030.202 01040.164 01052.466 01059.708 01063.320 01066.934 01070.643 01074.406 01077.927 01081.809 01084.507 01085.254 01092.171 01094.419 01096.519 01098.621 01100.416 01102.043 01103.326 01104.363 01105.149 01105.935 01104.276 01102.763 01100.758 01098.284 01095.763 01092.609 01085.236 01084.047 01078.412
-9999.0 -9999.0 -9999.0 -9999.0 -9999.0 -9999.0 -9999.0 -9999.0 -9999.0 -9999.0 -9999.0 -9999.0 -9999.0 -9999.0 -9999.0 -9999.0 -9999.0 -9999.0 -9999.0 -9999.0 -9999.0 -9999.0 -9999.0 -9999.0 -9999.0 -9999.0 -9999.0 -9999.0 -9999.0 -9999.0 -9999.0 -9999.0 01026.841 01036.143 01046.096 01057.787 01061.361 01064.717 01067.774 01070.964 01074.193 01077.481 01081.055 01084.059 01084.836 01085.324 01091.594 01093.143 01094.577 01095.651 01096.440 01097.057 01097.044 01095.677 01094.147 01092.240 01085.476 01084.728 01082.348 01077.997 01073.618 01068.901
-9999.0 -9999.0 -9999.0 -9999.0 -9999.0 -9999.0 -9999.0 -9999.0 -9999.0 -9999.0 -9999.0 -9999.0 -9999.0 -9999.0 -9999.0 -9999.0 -9999.0 -9999.0 -9999.0 -9999.0 -9999.0 -9999.0 -9999.0 -9999.0 -9999.0 -9999.0 -9999.0 -9999.0 -9999.0 -9999.0 -9999.0 -9999.0 -9999.0 01021.891 01031.572 01040.831 01050.904 01058.646 01061.495 01064.524 01067.361 01070.301 01072.865 01075.456 01077.921 01080.597 01082.667 01084.262 01084.690 01084.983 01085.151 01085.269 01085.130 01084.762 01084.173 01081.899 01078.641 01075.600 01071.955 01068.331 01064.762 01060.232
-9999.0 -9999.0 -9999.0 -9999.0 -9999.0 -9999.0 -9999.0 -9999.0 -9999.0 -9999.0 -9999.0 -9999.0 -9999.0 -9999.0 -9999.0 -9999.0 -9999.0 -9999.0 -9999.0 -9999.0 -9999.0 -9999.0 -9999.0 -9999.0 -9999.0 -9999.0 -9999.0 -9999.0 -9999.0 -9999.0 -9999.0 -9999.0 -9999.0 -9999.0 -9999.0 01025.779 01033.594 01041.361 01050.383 01058.165 01060.809 01063.336 01065.628 01067.778 01069.987 01071.838 01073.565 01075.209 01076.535 01077.500 01078.214 01078.900 01077.426 01075.764 01073.713 01071.542 01068.830 01066.255 01062.981 01059.697 01057.015 01046.590
-9999.0 -9999.0 -9999.0 -9999.0 -9999.0 -9999.0 -9999.0 -9999.0 -9999.0 -9999.0 -9999.0 -9999.0 -9999.0 -9999.0 -9999.0 -9999.0 -9999.0 -9999.0 -9999.0 -9999.0 -9999.0 -9999.0 -9999.0 -9999.0 -9999.0 -9999.0 -9999.0 -9999.0 -9999.0 -9999.0 -9999.0 -9999.0 -9999.0 -9999.0 -9999.0 -9999.0 -9999.0 01025.659 01032.762 01039.730 01046.948 01054.648 01058.711 01060.554 01062.486 01064.152 01065.731 01066.873 01067.895 01068.600 01069.158 01069.177 01067.882 01066.438 01064.629 01062.543 01060.012 01058.038 01052.056 01044.004 01037.077 01030.660
-9999.0 -9999.0 -9999.0 -9999.0 -9999.0 -9999.0 -9999.0 -9999.0 -9999.0 -9999.0 -9999.0 -9999.0 -9999.0 -9999.0 -9999.0 -9999.0 -9999.0 -9999.0 -9999.0 -9999.0 -9999.0 -9999.0 -9999.0 -9999.0 -9999.0 -9999.0 -9999.0 -9999.0 -9999.0 -9999.0 -9999.0 -9999.0 -9999.0 -9999.0 -9999.0 -9999.0 -9999.0 -9999.0 -9999.0 01023.618 01029.495 01034.849 01040.064 01045.498 01050.785 01055.981 01058.141 01059.218 01059.880 01060.372 01060.876 01060.309 01059.373 01058.130 01055.596 01050.062 01044.031 01038.700 01033.356 01027.285 01017.789 -9999.0
-9999.0 -9999.0 -9999.0 -9999.0 -9999.0 -9999.0 -9999.0 -9999.0 -9999.0 -9999.0 -9999.0 -9999.0 -9999.0 -9999.0 -9999.0 -9999.0 -9999.0 -9999.0 -9999.0 -9999.0 -9999.0 -9999.0 -9999.0 -9999.0 -9999.0 -9999.0 -9999.0 -9999.0 -9999.0 -9999.0 -9999.0 -9999.0 -9999.0 -9999.0 -9999.0 -9999.0 -9999.0 -9999.0 -9999.0 -9999.0 -9999.0 -9999.0 01022.901 01027.693 01031.541 01035.136 01037.853 01040.748 01042.595 01043.972 01045.016 01043.980 01041.344 01038.179 01034.947 01031.088 01026.659 01020.251 -9999.0 -9999.0 -9999.0 -9999.0
-9999.0 -9999.0 -9999.0 -9999.0 -9999.0 -9999.0 -9999.0 -9999.0 -9999.0 -9999.0 -9999.0 -9999.0 -9999.0 -9999.0 -9999.0 -9999.0 -9999.0 -9999.0 -9999.0 -9999.0 -9999.0 -9999.0 -9999.0 -9999.0 -9999.0 -9999.0 -9999.0 -9999.0 -9999.0 -9999.0 -9999.0 -9999.0 -9999.0 -9999.0 -9999.0 -9999.0 -9999.0 -9999.0 -9999.0 -9999.0 -9999.0 -9999.0 -9999.0 -9999.0 -9999.0 -9999.0 01015.766 01022.643 01024.376 01025.629 01026.612 01025.804 01023.269 01016.990 -9999.0 -9999.0 -9999.0 -9999.0 -9999.0 -9999.0 -9999.0 -9999.0
-9999.0 -9999.0 -9999.0 -9999.0 -9999.0 -9999.0 -9999.0 -9999.0 -9999.0 -9999.0 -9999.0 -9999.0 -9999.0 -9999.0 -9999.0 -9999.0 -9999.0 -9999.0 -9999.0 -9999.0 -9999.0 -9999.0 -9999.0 -9999.0 -9999.0 -9999.0 -9999.0 -9999.0 -9999.0 -9999.0 -9999.0 -9999.0 -9999.0 -9999.0 -9999.0 -9999.0 -9999.0 -9999.0 -9999.0 -9999.0 -9999.0 -9999.0 -9999.0 -9999.0 -9999.0 -9999.0 -9999.0 -9999.0 -9999.0 -9999.0 -9999.0 -9999.0 -9999.0 -9999.0 -9999.0 -9999.0 -9999.0 -9999.0 -9999.0 -9999.0 -9999.0 -9999.0
