examples/flatland/Outputs/centerIgnit/d_otherRAWS/flatland_centerIgnit_clockwise1hr_otherRAWS_atmRAWS/flatland_centerIgnit_clockwise1hr_otherRAWS_atmRAWS_Intensity.asc
NCOLS 100
NROWS 100
XLLCORNER 20000.000000
YLLCORNER 20000.000000
CELLSIZE 30.000000
NODATA_VALUE -9999.0
[rows 28 to 55 of 100, columns 0 to 61 of 100]
-9999.0 -9999.0 -9999.0 -9999.0 -9999.0 -9999.0 -9999.0 -9999.0 -9999.0 -9999.0 -9999.0 -9999.0 -9999.0 -9999.0 -9999.0 -9999.0 -9999.0 -9999.0 -9999.0 -9999.0 -9999.0 -9999.0 00037.144 00038.430 00039.754 00041.205 00042.864 00049.576 00051.330 00051.786 00052.174 00052.547 00052.919 00052.967 00050.596 00040.638 00039.546 00039.883 00040.238 00040.481 00040.394 00039.802 00030.713 00027.778 00027.804 00027.762 00027.791 00027.813 00027.801 00028.953 00031.661 00033.584 00034.148 00032.461 00029.041 00027.683 00027.671 00027.691 00027.715 00027.760 00027.771 00027.520
-9999.0 -9999.0 -9999.0 -9999.0 -9999.0 -9999.0 -9999.0 -9999.0 -9999.0 -9999.0 -9999.0 -9999.0 -9999.0 -9999.0 -9999.0 -9999.0 -9999.0 -9999.0 -9999.0 -9999.0 -9999.0 00035.885 00037.861 00039.061 00040.390 00042.001 00047.832 00051.310 00051.801 00052.267 00052.742 00053.210 00053.361 00050.007 00040.292 00040.484 00040.682 00041.062 00041.464 00041.637 00038.421 00028.301 00028.457 00028.439 00028.397 00028.382 00028.728 00030.056 00030.663 00031.412 00032.936 00034.571 00036.132 00037.000 00037.656 00038.220 00038.785 00030.457 00028.360 00028.406 00028.361 00028.304
-9999.0 -9999.0 -9999.0 -9999.0 -9999.0 -9999.0 -9999.0 -9999.0 -9999.0 -9999.0 -9999.0 -9999.0 -9999.0 -9999.0 -9999.0 -9999.0 -9999.0 -9999.0 -9999.0 -9999.0 -9999.0 00037.119 00038.446 00039.763 00041.150 00045.065 00051.232 00051.767 00052.241 00052.742 00053.266 00053.604 00052.177 00041.978 00041.803 00042.042 00042.304 00042.544 00042.386 00036.070 00028.821 00028.969 00029.084 00029.158 00029.011 00029.204 00029.875 00030.402 00030.968 00031.746 00033.719 00035.860 00037.301 00037.926 00038.577 00039.251 00040.101 00040.927 00041.641 00031.137 00028.991 00028.943
-9999.0 -9999.0 -9999.0 -9999.0 -9999.0 -9999.0 -9999.0 -9999.0 -9999.0 -9999.0 -9999.0 -9999.0 -9999.0 -9999.0 -9999.0 -9999.0 -9999.0 -9999.0 -9999.0 -9999.0 00035.989 00037.628 00039.007 00040.431 00042.024 00050.738 00051.649 00052.159 00052.688 00053.227 00053.674 00053.822 00044.447 00042.880 00043.468 00043.900 00044.185 00044.163 00035.315 00029.496 00029.545 00029.682 00029.702 00028.713 00028.836 00029.429 00030.036 00030.627 00031.328 00032.798 00037.836 00036.556 00038.072 00039.118 00040.039 00040.734 00041.535 00042.422 00042.899 00043.317 00040.166 00029.649
-9999.0 -9999.0 -9999.0 -9999.0 -9999.0 -9999.0 -9999.0 -9999.0 -9999.0 -9999.0 -9999.0 -9999.0 -9999.0 -9999.0 -9999.0 -9999.0 -9999.0 -9999.0 -9999.0 -9999.0 00036.718 00038.120 00039.566 00041.196 00047.680 00051.478 00052.023 00052.560 00053.109 00053.682 00053.892 00047.008 00043.303 00043.868 00044.464 00045.112 00045.361 00038.306 00030.293 00030.315 00030.381 00030.347 00028.094 00028.568 00029.041 00029.665 00030.231 00036.272 00047.542 00050.903 00054.281 00057.188 00059.098 00053.808 00042.246 00042.060 00042.823 00043.608 00044.217 00044.651 00045.042 00045.375
-9999.0 -9999.0 -9999.0 -9999.0 -9999.0 -9999.0 -9999.0 -9999.0 -9999.0 -9999.0 -9999.0 -9999.0 -9999.0 -9999.0 -9999.0 -9999.0 -9999.0 -9999.0 -9999.0 00035.374 00037.134 00038.597 00040.149 00044.051 00051.297 00051.853 00052.381 00052.945 00053.534 00053.893 00050.042 00043.698 00044.313 00044.948 00045.594 00046.101 00042.389 00030.729 00030.962 00031.118 00031.099 00027.855 00028.301 00028.741 00029.272 00033.746 00043.975 00045.523 00047.624 00051.914 00055.773 00058.845 00059.987 00061.023 00061.958 00057.318 00044.620 00045.471 00046.187 00046.363 00046.796 00047.250
-9999.0 -9999.0 -9999.0 -9999.0 -9999.0 -9999.0 -9999.0 -9999.0 -9999.0 -9999.0 -9999.0 -9999.0 -9999.0 -9999.0 -9999.0 -9999.0 -9999.0 -9999.0 -9999.0 00035.628 00037.296 00039.101 00040.808 00049.814 00051.665 00052.215 00052.765 00053.342 00053.835 00053.217 00044.094 00044.607 00045.264 00045.961 00046.679 00046.639 00031.036 00031.402 00031.672 00031.844 00027.954 00028.005 00028.446 00028.900 00037.773 00042.356 00043.852 00045.441 00047.820 00053.276 00057.615 00059.665 00060.862 00062.093 00062.907 00063.719 00064.528 00051.520 00047.687 00047.786 00048.105 00048.117
-9999.0 -9999.0 -9999.0 -9999.0 -9999.0 -9999.0 -9999.0 -9999.0 -9999.0 -9999.0 -9999.0 -9999.0 -9999.0 -9999.0 -9999.0 -9999.0 -9999.0 -9999.0 00033.809 00035.757 00037.429 00039.331 00045.067 00051.421 00051.999 00052.556 00053.142 00053.749 00054.012 00047.345 00044.560 00045.286 00046.053 00046.841 00047.159 00036.023 00031.686 00032.004 00032.317 00029.773 00027.796 00028.125 00028.548 00038.806 00040.220 00041.860 00043.516 00046.184 00050.335 00054.359 00057.584 00060.382 00061.862 00062.974 00063.710 00064.441 00065.031 00065.282 00052.291 00048.970 00048.887 00048.830
-9999.0 -9999.0 -9999.0 -9999.0 -9999.0 -9999.0 -9999.0 -9999.0 -9999.0 -9999.0 -9999.0 -9999.0 -9999.0 -9999.0 -9999.0 -9999.0 -9999.0 -9999.0 00034.379 00035.871 00037.556 00039.562 00050.912 00051.737 00052.308 00052.900 00053.513 00053.944 00050.724 00044.660 00045.320 00046.020 00046.758 00047.321 00042.395 00031.712 00032.098 00032.480 00032.559 00027.654 00027.982 00028.320 00034.188 00037.847 00039.586 00041.223 00043.285 00046.239 00051.458 00056.116 00059.930 00061.622 00062.896 00063.719 00064.468 00064.917 00065.286 00065.567 00065.655 00051.607 00049.479 00049.195
-9999.0 -9999.0 -9999.0 -9999.0 -9999.0 -9999.0 -9999.0 -9999.0 -9999.0 -9999.0 -9999.0 -9999.0 -9999.0 -9999.0 -9999.0 -9999.0 -9999.0 -9999.0 00034.593 00036.079 00037.713 00043.591 00051.340 00051.983 00052.591 00053.233 00053.829 00054.125 00045.904 00045.563 00046.251 00046.981 00047.735 00047.743 00031.719 00032.148 00032.487 00032.684 00027.497 00027.852 00028.174 00029.970 00036.633 00037.585 00039.064 00040.776 00042.840 00055.037 00065.720 00062.612 00062.025 00062.679 00063.637 00064.537 00065.004 00065.377 00065.617 00065.700 00065.706 00065.214 00049.968 00049.638
-9999.0 -9999.0 -9999.0 -9999.0 -9999.0 -9999.0 -9999.0 -9999.0 -9999.0 -9999.0 -9999.0 -9999.0 -9999.0 -9999.0 -9999.0 -9999.0 -9999.0 00032.904 00034.776 00036.304 00038.049 00048.873 00051.499 00052.141 00052.815 00053.509 00053.975 00049.981 00045.844 00046.531 00047.259 00048.021 00048.388 00038.661 00032.393 00032.728 00033.063 00030.332 00027.735 00028.059 00028.387 00035.790 00036.193 00037.068 00038.395 00043.586 00061.612 00063.146 00065.264 00063.768 00062.666 00062.112 00063.815 00064.904 00065.476 00065.660 00065.720 00065.716 00065.714 00065.762 00063.739 00050.741
-9999.0 -9999.0 -9999.0 -9999.0 -9999.0 -9999.0 -9999.0 -9999.0 -9999.0 -9999.0 -9999.0 -9999.0 -9999.0 -9999.0 -9999.0 -9999.0 -9999.0 00033.138 00034.733 00036.469 00039.120 00050.988 00051.639 00052.287 00052.971 00053.663 00053.886 00046.058 00046.829 00047.561 00048.337 00049.389 00047.980 00032.857 00033.216 00033.522 00033.490 00027.590 00027.924 00028.256 00034.111 00035.748 00035.808 00036.324 00040.713 00058.826 00060.663 00062.506 00064.865 00063.136 00061.735 00060.136 00060.092 00064.537 00065.503 00065.708 00065.724 00065.723 00065.799 00065.903 00066.021 00061.621
-9999.0 -9999.0 -9999.0 -9999.0 -9999.0 -9999.0 -9999.0 -9999.0 -9999.0 -9999.0 -9999.0 -9999.0 -9999.0 -9999.0 -9999.0 -9999.0 -9999.0 00033.167 00034.710 00036.452 00044.041 00051.115 00051.762 00052.432 00053.131 00053.722 00051.144 00047.462 00048.203 00048.981 00049.805 00050.251 00038.924 00033.858 00034.271 00034.661 00029.405 00027.822 00028.130 00028.812 00035.231 00035.705 00035.758 00035.912 00055.755 00057.359 00059.135 00061.123 00064.355 00062.045 00060.453 00058.940 00057.591 00059.486 00065.215 00065.580 00065.727 00065.829 00065.957 00066.084 00066.199 00066.202
-9999.0 -9999.0 -9999.0 -9999.0 -9999.0 -9999.0 -9999.0 -9999.0 -9999.0 -9999.0 -9999.0 -9999.0 -9999.0 -9999.0 -9999.0 -9999.0 -9999.0 00033.181 00034.729 00036.516 00048.945 00051.221 00051.867 00052.549 00053.272 00053.800 00048.967 00048.505 00049.345 00050.242 00050.942 00051.009 00034.169 00034.712 00035.184 00035.329 00027.710 00028.048 00028.350 00034.232 00034.666 00035.442 00035.769 00049.560 00054.674 00055.688 00057.642 00059.734 00063.818 00061.160 00059.236 00057.661 00057.016 00057.208 00060.092 00065.277 00065.736 00066.001 00066.156 00066.221 00066.202 00066.184
-9999.0 -9999.0 -9999.0 -9999.0 -9999.0 -9999.0 -9999.0 -9999.0 -9999.0 -9999.0 -9999.0 -9999.0 -9999.0 -9999.0 -9999.0 -9999.0 00031.290 00033.183 00034.740 00036.578 00050.502 00051.245 00051.951 00052.673 00053.359 00053.030 00048.104 00049.219 00050.087 00050.999 00051.686 00045.698 00035.085 00035.593 00036.111 00034.098 00027.959 00028.286 00028.628 00033.422 00034.027 00034.823 00039.648 00054.476 00054.124 00054.101 00055.905 00058.745 00063.158 00060.179 00057.901 00056.446 00056.589 00056.908 00057.162 00060.367 00065.544 00066.178 00066.207 00066.197 00066.180 00066.099
-9999.0 -9999.0 -9999.0 -9999.0 -9999.0 -9999.0 -9999.0 -9999.0 -9999.0 -9999.0 -9999.0 -9999.0 -9999.0 -9999.0 -9999.0 -9999.0 00031.402 00033.001 00034.699 00039.221 00050.503 00051.207 00051.919 00052.674 00053.363 00051.255 00049.092 00049.942 00050.848 00051.794 00052.245 00039.531 00035.934 00036.482 00036.973 00029.987 00028.205 00028.550 00031.016 00032.798 00033.335 00034.055 00053.506 00054.147 00053.861 00053.512 00053.556 00055.398 00062.265 00057.780 00056.201 00056.005 00056.295 00056.616 00056.633 00055.244 00061.202 00065.789 00066.153 00066.123 00065.998 00065.856
-9999.0 -9999.0 -9999.0 -9999.0 -9999.0 -9999.0 -9999.0 -9999.0 -9999.0 -9999.0 -9999.0 -9999.0 -9999.0 -9999.0 -9999.0 -9999.0 00031.221 00032.785 00034.478 00042.566 00050.463 00051.142 00051.864 00052.630 00053.292 00050.296 00049.927 00050.825 00051.781 00052.783 00053.050 00035.992 00036.647 00037.230 00037.537 00028.053 00028.438 00028.799 00031.729 00032.160 00032.584 00038.944 00051.777 00053.355 00053.617 00053.271 00052.958 00052.724 -9999.0 -9999.000 00055.446 00055.717 00056.013 00056.300 00055.233 00053.809 00054.468 00065.314 00065.991 00065.922 00065.330 00064.848
-9999.0 -9999.0 -9999.0 -9999.0 -9999.0 -9999.0 -9999.0 -9999.0 -9999.0 -9999.0 -9999.0 -9999.0 -9999.0 -9999.0 -9999.0 -9999.0 00031.059 00032.578 00034.292 00045.355 00050.369 00051.062 00051.792 00052.568 00053.215 00049.686 00050.723 00051.653 00052.643 00053.650 00051.512 00036.781 00037.380 00038.028 00038.245 00028.347 00028.695 00029.046 00031.111 00031.624 00031.991 00048.048 00050.074 00051.341 00053.354 00053.057 00052.756 -9999.000 -9999.0 -9999.0 -9999.000 00055.475 00055.747 00055.403 00053.416 00052.420 00049.895 00059.514 00064.661 00064.466 00064.038 00063.679
-9999.0 -9999.0 -9999.0 -9999.0 -9999.0 -9999.0 -9999.0 -9999.0 -9999.0 -9999.0 -9999.0 -9999.0 -9999.0 -9999.0 -9999.0 -9999.0 00030.877 00032.390 00034.115 00047.979 00050.290 00050.977 00051.709 00052.471 00052.689 00050.240 00051.378 00052.325 00053.332 00054.175 00048.505 00037.541 00038.210 00038.926 00039.290 00028.795 00029.211 00029.636 00030.255 00030.584 00030.893 00045.616 00047.967 00048.271 00051.484 00052.855 -9999.000 -9999.0 -9999.0 -9999.0 -9999.0 -9999.000 00055.503 00054.286 00050.023 00049.172 00046.496 00049.918 00062.326 00062.352 00061.948 00061.630
-9999.0 -9999.0 -9999.0 -9999.0 -9999.0 -9999.0 -9999.0 -9999.0 -9999.0 -9999.0 -9999.0 -9999.0 -9999.0 -9999.0 -9999.0 -9999.0 00030.510 00032.098 00033.935 00049.341 00050.104 00050.822 00051.587 00052.369 00052.145 00051.021 00051.936 00052.910 00053.941 00054.664 00046.072 00038.341 00039.013 00039.651 00039.123 00029.469 00030.055 00030.740 00029.478 00029.508 00029.591 00042.117 00043.507 00044.334 00047.715 00052.563 -9999.0 -9999.0 -9999.0 -9999.0 -9999.0 -9999.0 -9999.000 00050.526 00046.290 00044.176 00042.388 00048.849 00059.049 00059.515 00059.552 00059.603
-9999.0 -9999.0 -9999.0 -9999.0 -9999.0 -9999.0 -9999.0 -9999.0 -9999.0 -9999.0 -9999.0 -9999.0 -9999.0 -9999.0 -9999.0 -9999.0 00029.949 00031.640 00033.544 00049.140 00049.890 00050.618 00051.377 00052.150 00051.853 00051.572 00052.529 00053.571 00054.631 00055.297 00044.930 00039.366 00040.542 00041.997 00040.382 00030.184 00030.980 00031.983 00028.959 00028.850 00028.659 00038.600 00038.518 00039.966 00041.512 -9999.000 -9999.0 -9999.0 -9999.0 -9999.0 -9999.0 -9999.0 -9999.000 00044.491 00041.265 00038.812 00038.427 00053.146 00058.077 00058.262 00058.262 00058.258
-9999.0 -9999.0 -9999.0 -9999.0 -9999.0 -9999.0 -9999.0 -9999.0 -9999.0 -9999.0 -9999.0 -9999.0 -9999.0 -9999.0 -9999.0 -9999.0 00029.299 00030.908 00032.829 00048.762 00049.603 00050.360 00051.135 00051.924 00051.745 00052.105 00053.117 00054.320 00055.456 00056.176 00045.105 00041.141 00042.584 00044.228 00044.406 00030.830 00031.660 00032.359 00030.312 00028.588 00028.546 00030.373 00035.272 00035.674 00035.415 -9999.000 -9999.0 -9999.0 -9999.0 -9999.0 -9999.0 -9999.0 -9999.0 00035.875 00036.691 00036.091 00036.926 00055.616 00056.670 00056.800 00056.866 00056.923
-9999.0 -9999.0 -9999.0 -9999.0 -9999.0 -9999.0 -9999.0 -9999.0 -9999.0 -9999.0 -9999.0 -9999.0 -9999.0 -9999.0 -9999.0 -9999.0 00028.467 00030.069 00031.992 00048.097 00048.887 00049.682 00050.543 00051.461 00051.748 00052.566 00053.822 00055.151 00056.360 00057.133 00046.514 00042.715 00044.285 00045.621 00045.954 00033.018 00031.997 00032.669 00033.256 00028.501 00028.495 00028.487 00034.294 00033.663 00032.911 00032.034 -9999.000 -9999.0 -9999.0 -9999.0 -9999.0 -9999.0 -9999.000 00033.302 00034.186 00034.839 00045.396 00054.438 00055.113 00055.335 00055.505 00055.644
-9999.0 -9999.0 -9999.0 -9999.0 -9999.0 -9999.0 -9999.0 -9999.0 -9999.0 -9999.0 -9999.0 -9999.0 -9999.0 -9999.0 -9999.0 -9999.0 00027.580 00029.070 00030.809 00047.240 00048.017 00048.792 00049.635 00050.557 00051.889 00053.689 00054.761 00055.773 00056.914 00057.777 00051.068 00044.128 00045.130 00046.082 00047.046 00040.252 00032.261 00032.947 00033.929 00029.760 00028.463 00028.491 00028.539 00032.988 00032.573 00032.203 00031.906 -9999.0 -9999.0 -9999.0 -9999.0 -9999.000 00032.971 00033.308 00033.703 00036.469 00052.128 00053.138 00053.532 00053.835 00054.095 00054.325
-9999.0 -9999.0 -9999.0 -9999.0 -9999.0 -9999.0 -9999.0 -9999.0 -9999.0 -9999.0 -9999.0 -9999.0 -9999.0 -9999.0 -9999.0 -9999.0 00026.866 00028.289 00029.802 00043.860 00047.042 00047.711 00048.454 00049.263 00051.296 00054.391 00055.364 00056.153 00057.321 00058.342 00055.266 00044.627 00045.650 00046.710 00047.772 00047.887 00032.471 00033.274 00034.219 00034.857 00028.493 00028.534 00028.570 00029.679 00032.810 00032.468 00032.135 -9999.000 -9999.0 -9999.0 -9999.0 00032.869 00033.188 00033.546 00033.913 00049.571 00052.561 00052.699 00052.733 00052.883 00053.040 00057.700
-9999.0 -9999.0 -9999.0 -9999.0 -9999.0 -9999.0 -9999.0 -9999.0 -9999.0 -9999.0 -9999.0 -9999.0 -9999.0 -9999.0 -9999.0 -9999.0 00025.803 00027.656 00029.077 00038.604 00046.521 00047.173 00047.860 00048.595 00050.182 00054.511 00055.424 00056.380 00057.433 00058.536 00058.923 00045.008 00046.178 00047.233 00048.214 00048.769 00038.268 00033.641 00034.818 00035.544 00033.884 00028.561 00028.581 00028.587 00031.308 00032.677 00032.337 00031.656 -9999.000 -9999.0 -9999.000 00032.303 00033.106 00033.606 00042.549 00052.052 00052.664 00052.685 00052.675 00052.667 00053.577 00064.501
-9999.0 -9999.0 -9999.0 -9999.0 -9999.0 -9999.0 -9999.0 -9999.0 -9999.0 -9999.0 -9999.0 -9999.0 -9999.0 -9999.0 -9999.0 -9999.0 -9999.0 00027.066 00028.439 00032.377 00045.969 00046.586 00047.253 00047.965 00048.750 00053.987 00055.451 00056.427 00057.411 00058.446 00059.022 00049.749 00046.563 00047.622 00048.626 00049.726 00049.270 00034.084 00035.071 00035.832 00036.483 00031.778 00028.578 00028.585 00028.621 00032.128 00031.487 00030.590 00029.324 -9999.000 00029.513 00030.988 00031.888 00035.351 00050.000 00051.340 00051.842 00052.055 00052.230 00052.450 00060.795 00065.531
-9999.0 -9999.0 -9999.0 -9999.0 -9999.0 -9999.0 -9999.0 -9999.0 -9999.0 -9999.0 -9999.0 -9999.0 -9999.0 -9999.0 -9999.0 -9999.0 -9999.0 00026.333 00027.674 00029.248 00045.415 00045.999 00046.639 00047.322 00048.068 00052.736 00055.396 00056.315 00057.288 00058.315 00059.095 00055.031 00046.971 00047.991 00049.076 00050.233 00050.929 00041.687 00035.138 00035.894 00036.535 00036.637 00029.406 00028.627 00028.765 00028.959 00030.782 00029.918 00029.058 00027.688 00029.150 00030.098 00033.628 00046.967 00048.796 00049.552 00050.521 00050.866 00051.268 00056.722 00065.347 00065.714
