examples/flatland/Outputs/centerIgnit/d_otherRAWS/flatland_centerIgnit_clockwise1hr_otherRAWS_atmRAWS/flatland_centerIgnit_clockwise1hr_otherRAWS_atmRAWS_ReactionIntensity.asc
NCOLS 100
NROWS 100
XLLCORNER 20000.000000
YLLCORNER 20000.000000
CELLSIZE 30.000000
NODATA_VALUE -9999.0
[rows 56 to 83 of 100, columns 0 to 61 of 100]
-9999.0 -9999.0 -9999.0 -9999.0 -9999.0 -9999.0 -9999.0 -9999.0 -9999.0 -9999.0 -9999.0 -9999.0 -9999.0 -9999.0 -9999.0 -9999.0 -9999.0 00154.976 00157.157 00159.290 00160.995 00161.751 00162.483 00163.278 00164.151 00164.774 00166.011 00166.951 00167.926 00168.958 00170.049 00171.240 00171.541 00172.362 00172.963 00173.564 00174.179 00174.744 00175.085 00175.758 00176.343 00176.940 00177.560 00177.683 00177.697 00177.709 00177.718 00177.720 00177.163 00176.694 00177.136 00177.718 00177.722 00177.716 00177.709 00177.703 00177.696 00177.689 00177.681 00177.676 00177.316 00176.966
-9999.0 -9999.0 -9999.0 -9999.0 -9999.0 -9999.0 -9999.0 -9999.0 -9999.0 -9999.0 -9999.0 -9999.0 -9999.0 -9999.0 -9999.0 -9999.0 -9999.0 -9999.0 00156.508 00158.490 00160.727 00161.503 00162.231 00162.999 00163.834 00164.703 00165.396 00166.596 00167.551 00168.562 00169.632 00170.746 00171.422 00172.050 00172.646 00173.241 00173.787 00174.328 00174.869 00175.194 00175.878 00176.466 00177.058 00177.643 00177.685 00177.695 00177.705 00177.712 00177.718 00177.724 00177.722 00177.717 00177.712 00177.707 00177.701 00177.695 00177.688 00177.681 00177.677 00177.399 00177.049 00176.706
-9999.0 -9999.0 -9999.0 -9999.0 -9999.0 -9999.0 -9999.0 -9999.0 -9999.0 -9999.0 -9999.0 -9999.0 -9999.0 -9999.0 -9999.0 -9999.0 -9999.0 -9999.0 00155.751 00157.692 00160.078 00161.220 00161.961 00162.707 00163.517 00164.415 00164.833 00166.250 00167.180 00168.133 00169.127 00170.179 00171.299 00171.539 00172.336 00172.879 00173.401 00173.932 00174.461 00174.928 00175.366 00175.996 00176.562 00177.121 00177.629 00177.681 00177.691 00177.698 00177.704 00177.708 00177.710 00177.706 00177.701 00177.697 00177.692 00177.685 00177.680 00177.671 00177.378 00177.087 00176.778 00176.444
-9999.0 -9999.0 -9999.0 -9999.0 -9999.0 -9999.0 -9999.0 -9999.0 -9999.0 -9999.0 -9999.0 -9999.0 -9999.0 -9999.0 -9999.0 -9999.0 -9999.0 -9999.0 00154.282 00156.946 00158.995 00160.914 00161.677 00162.402 00163.189 00164.050 00164.750 00165.869 00166.732 00167.653 00168.626 00169.635 00170.719 00171.411 00171.924 00172.506 00173.019 00173.531 00174.042 00174.573 00174.985 00175.522 00176.074 00176.616 00177.051 00177.463 00177.678 00177.682 00177.689 00177.693 00177.697 00177.694 00177.690 00177.685 00177.681 00177.678 00177.573 00177.301 00177.028 00176.747 00176.468 00176.181
-9999.0 -9999.0 -9999.0 -9999.0 -9999.0 -9999.0 -9999.0 -9999.0 -9999.0 -9999.0 -9999.0 -9999.0 -9999.0 -9999.0 -9999.0 -9999.0 -9999.0 -9999.0 -9999.0 00156.072 00158.022 00160.489 00161.329 00162.058 00162.805 00163.616 00164.517 00164.853 00166.306 00167.185 00168.111 00169.088 00170.111 00171.152 00171.485 00172.137 00172.637 00173.132 00173.635 00174.148 00174.683 00175.028 00175.582 00176.096 00176.498 00176.886 00177.236 00177.517 00177.677 00177.679 00177.681 00177.681 00177.679 00177.677 00177.579 00177.380 00177.153 00176.935 00176.675 00176.409 00176.138 00175.861
-9999.0 -9999.0 -9999.0 -9999.0 -9999.0 -9999.0 -9999.0 -9999.0 -9999.0 -9999.0 -9999.0 -9999.0 -9999.0 -9999.0 -9999.0 -9999.0 -9999.0 -9999.0 -9999.0 00154.648 00157.052 00159.137 00160.952 00161.705 00162.420 00163.196 00164.045 00164.747 00165.851 00166.701 00167.606 00168.508 00169.437 00170.420 00171.327 00171.544 00172.255 00172.740 00173.235 00173.738 00174.238 00174.749 00175.050 00175.557 00175.953 00176.329 00176.665 00176.926 00177.147 00177.320 00177.448 00177.559 00177.422 00177.271 00177.120 00176.951 00176.751 00176.538 00176.320 00176.064 00175.804 00175.536
-9999.0 -9999.0 -9999.0 -9999.0 -9999.0 -9999.0 -9999.0 -9999.0 -9999.0 -9999.0 -9999.0 -9999.0 -9999.0 -9999.0 -9999.0 -9999.0 -9999.0 -9999.0 -9999.0 -9999.0 00156.046 00157.984 00160.429 00161.309 00162.037 00162.777 00163.582 00164.474 00164.843 00166.222 00167.029 00167.876 00168.766 00169.701 00170.688 00171.378 00171.688 00172.354 00172.842 00173.335 00173.812 00174.286 00174.780 00175.015 00175.371 00175.784 00176.101 00176.356 00176.579 00176.747 00176.869 00176.973 00176.939 00176.804 00176.673 00176.514 00176.346 00176.144 00175.929 00175.719 00175.432 00175.095
-9999.0 -9999.0 -9999.0 -9999.0 -9999.0 -9999.0 -9999.0 -9999.0 -9999.0 -9999.0 -9999.0 -9999.0 -9999.0 -9999.0 -9999.0 -9999.0 -9999.0 -9999.0 -9999.0 -9999.0 00154.289 00156.929 00158.941 00160.892 00161.646 00162.340 00163.088 00163.899 00164.709 00165.299 00166.457 00167.270 00168.123 00168.996 00169.911 00170.899 00171.422 00171.877 00172.452 00172.922 00173.387 00173.847 00174.272 00174.661 00174.943 00175.121 00175.543 00175.801 00176.020 00176.188 00176.314 00176.411 00176.468 00176.342 00176.218 00176.083 00175.917 00175.754 00175.543 00175.245 00175.039 00174.862
-9999.0 -9999.0 -9999.0 -9999.0 -9999.0 -9999.0 -9999.0 -9999.0 -9999.0 -9999.0 -9999.0 -9999.0 -9999.0 -9999.0 -9999.0 -9999.0 -9999.0 -9999.0 -9999.0 -9999.0 -9999.0 00155.778 00157.641 00159.912 00161.146 00161.861 00162.567 00163.332 00164.165 00164.767 00165.888 00166.662 00167.468 00168.310 00169.188 00170.106 00171.105 00171.464 00172.042 00172.514 00172.962 00173.414 00173.784 00174.151 00174.508 00174.854 00174.995 00175.124 00175.442 00175.637 00175.771 00175.869 00175.943 00175.881 00175.769 00175.639 00175.477 00175.243 00175.065 00174.932 00174.731 00174.368
-9999.0 -9999.0 -9999.0 -9999.0 -9999.0 -9999.0 -9999.0 -9999.0 -9999.0 -9999.0 -9999.0 -9999.0 -9999.0 -9999.0 -9999.0 -9999.0 -9999.0 -9999.0 -9999.0 -9999.0 -9999.0 -9999.0 00156.369 00158.266 00160.608 00161.358 00162.057 00162.774 00163.550 00164.397 00164.816 00166.065 00166.828 00167.636 00168.487 00169.376 00170.310 00171.286 00171.495 00172.104 00172.541 00172.951 00173.305 00173.658 00173.995 00174.316 00174.585 00174.838 00174.954 00175.041 00175.114 00175.247 00175.351 00175.370 00175.209 00175.091 00175.014 00174.914 00174.771 00174.486 00174.190 00173.876
-9999.0 -9999.0 -9999.0 -9999.0 -9999.0 -9999.0 -9999.0 -9999.0 -9999.0 -9999.0 -9999.0 -9999.0 -9999.0 -9999.0 -9999.0 -9999.0 -9999.0 -9999.0 -9999.0 -9999.0 -9999.0 -9999.0 00154.383 00156.892 00158.821 00160.814 00161.539 00162.221 00162.942 00163.720 00164.583 00164.857 00166.222 00166.995 00167.803 00168.661 00169.531 00170.447 00171.315 00171.510 00172.128 00172.485 00172.834 00173.169 00173.498 00173.785 00174.040 00174.278 00174.484 00174.661 00174.801 00174.882 00174.925 00174.948 00174.884 00174.788 00174.626 00174.424 00174.210 00173.953 00173.672 00173.391
-9999.0 -9999.0 -9999.0 -9999.0 -9999.0 -9999.0 -9999.0 -9999.0 -9999.0 -9999.0 -9999.0 -9999.0 -9999.0 -9999.0 -9999.0 -9999.0 -9999.0 -9999.0 -9999.0 -9999.0 -9999.0 -9999.0 -9999.0 00155.474 00157.320 00159.378 00160.976 00161.688 00162.364 00163.096 00163.888 00164.702 00165.113 00166.376 00167.149 00167.938 00168.767 00169.618 00170.516 00171.327 00171.500 00171.981 00172.371 00172.689 00173.010 00173.267 00173.511 00173.745 00173.925 00174.093 00174.219 00174.329 00174.414 00174.474 00174.344 00174.212 00174.058 00173.876 00173.670 00173.436 00173.166 00172.890
-9999.0 -9999.0 -9999.0 -9999.0 -9999.0 -9999.0 -9999.0 -9999.0 -9999.0 -9999.0 -9999.0 -9999.0 -9999.0 -9999.0 -9999.0 -9999.0 -9999.0 -9999.0 -9999.0 -9999.0 -9999.0 -9999.0 -9999.0 -9999.0 00155.879 00157.698 00159.913 00161.128 00161.828 00162.514 00163.256 00164.066 00164.741 00165.661 00166.486 00167.242 00168.013 00168.817 00169.674 00170.459 00171.262 00171.450 00171.747 00172.217 00172.515 00172.759 00172.994 00173.219 00173.385 00173.548 00173.664 00173.766 00173.845 00173.903 00173.784 00173.658 00173.513 00173.344 00173.142 00172.928 00172.668 00172.398
-9999.0 -9999.0 -9999.0 -9999.0 -9999.0 -9999.0 -9999.0 -9999.0 -9999.0 -9999.0 -9999.0 -9999.0 -9999.0 -9999.0 -9999.0 -9999.0 -9999.0 -9999.0 -9999.0 -9999.0 -9999.0 -9999.0 -9999.0 -9999.0 -9999.0 00156.270 00158.104 00160.434 00161.270 00161.961 00162.645 00163.383 00164.191 00164.766 00165.834 00166.545 00167.290 00168.051 00168.748 00169.483 00170.219 00170.992 00171.383 00171.532 00171.968 00172.261 00172.486 00172.692 00172.855 00173.009 00173.122 00173.218 00173.292 00173.350 00173.238 00173.117 00172.978 00172.822 00172.625 00172.431 00172.176 00171.766
-9999.0 -9999.0 -9999.0 -9999.0 -9999.0 -9999.0 -9999.0 -9999.0 -9999.0 -9999.0 -9999.0 -9999.0 -9999.0 -9999.0 -9999.0 -9999.0 -9999.0 -9999.0 -9999.0 -9999.0 -9999.0 -9999.0 -9999.0 -9999.0 -9999.0 -9999.0 00156.637 00158.465 00160.650 00161.370 00162.045 00162.730 00163.461 00164.262 00164.779 00165.874 00166.560 00167.206 00167.865 00168.546 00169.232 00169.905 00170.637 00171.300 00171.421 00171.539 00171.906 00172.177 00172.336 00172.479 00172.590 00172.681 00172.751 00172.809 00172.702 00172.586 00172.455 00172.308 00172.117 00171.788 00171.478 00171.297
-9999.0 -9999.0 -9999.0 -9999.0 -9999.0 -9999.0 -9999.0 -9999.0 -9999.0 -9999.0 -9999.0 -9999.0 -9999.0 -9999.0 -9999.0 -9999.0 -9999.0 -9999.0 -9999.0 -9999.0 -9999.0 -9999.0 -9999.0 -9999.0 -9999.0 -9999.0 00154.536 00156.867 00158.712 00160.730 00161.431 00162.093 00162.770 00163.500 00164.302 00164.773 00165.778 00166.399 00167.014 00167.639 00168.267 00168.900 00169.550 00170.099 00170.699 00171.255 00171.400 00171.485 00171.591 00171.852 00172.063 00172.154 00172.220 00172.275 00172.176 00172.056 00171.815 00171.551 00171.431 00171.300 00170.518 00169.663
-9999.0 -9999.0 -9999.0 -9999.0 -9999.0 -9999.0 -9999.0 -9999.0 -9999.0 -9999.0 -9999.0 -9999.0 -9999.0 -9999.0 -9999.0 -9999.0 -9999.0 -9999.0 -9999.0 -9999.0 -9999.0 -9999.0 -9999.0 -9999.0 -9999.0 -9999.0 -9999.0 00155.103 00157.012 00158.824 00160.765 00161.458 00162.114 00162.738 00163.402 00164.120 00164.727 00165.048 00166.191 00166.750 00167.349 00167.942 00168.458 00168.977 00169.498 00170.004 00170.470 00170.889 00171.295 00171.359 00171.419 00171.462 00171.495 00171.525 00171.464 00171.395 00171.310 00170.895 00170.280 00169.666 00168.931 00168.171
-9999.0 -9999.0 -9999.0 -9999.0 -9999.0 -9999.0 -9999.0 -9999.0 -9999.0 -9999.0 -9999.0 -9999.0 -9999.0 -9999.0 -9999.0 -9999.0 -9999.0 -9999.0 -9999.0 -9999.0 -9999.0 -9999.0 -9999.0 -9999.0 -9999.0 -9999.0 -9999.0 -9999.0 00155.314 00157.067 00158.872 00160.728 00161.363 00161.969 00162.572 00163.206 00163.883 00164.601 00164.825 00165.915 00166.472 00166.943 00167.428 00167.900 00168.382 00168.811 00169.200 00169.576 00169.897 00170.190 00170.442 00170.643 00170.786 00170.782 00170.484 00170.125 00169.726 00169.288 00168.723 00168.164 00167.494 00166.785
-9999.0 -9999.0 -9999.0 -9999.0 -9999.0 -9999.0 -9999.0 -9999.0 -9999.0 -9999.0 -9999.0 -9999.0 -9999.0 -9999.0 -9999.0 -9999.0 -9999.0 -9999.0 -9999.0 -9999.0 -9999.0 -9999.0 -9999.0 -9999.0 -9999.0 -9999.0 -9999.0 -9999.0 -9999.0 00155.266 00156.892 00158.495 00160.567 00161.191 00161.790 00162.353 00162.947 00163.575 00164.249 00164.745 00164.878 00166.004 00166.448 00166.878 00167.316 00167.659 00168.012 00168.354 00168.616 00168.864 00169.064 00169.212 00169.339 00169.202 00168.933 00168.616 00168.234 00167.812 00167.302 00166.767 00166.167 00164.866
-9999.0 -9999.0 -9999.0 -9999.0 -9999.0 -9999.0 -9999.0 -9999.0 -9999.0 -9999.0 -9999.0 -9999.0 -9999.0 -9999.0 -9999.0 -9999.0 -9999.0 -9999.0 -9999.0 -9999.0 -9999.0 -9999.0 -9999.0 -9999.0 -9999.0 -9999.0 -9999.0 -9999.0 -9999.0 -9999.0 00154.119 00156.505 00158.013 00159.878 00160.958 00161.536 00162.084 00162.647 00163.219 00163.755 00164.342 00164.739 00164.863 00165.918 00166.259 00166.579 00166.898 00167.169 00167.417 00167.613 00167.772 00167.892 00168.005 00167.758 00167.526 00167.221 00166.847 00166.463 00165.984 00164.859 00164.685 00163.829
-9999.0 -9999.0 -9999.0 -9999.0 -9999.0 -9999.0 -9999.0 -9999.0 -9999.0 -9999.0 -9999.0 -9999.0 -9999.0 -9999.0 -9999.0 -9999.0 -9999.0 -9999.0 -9999.0 -9999.0 -9999.0 -9999.0 -9999.0 -9999.0 -9999.0 -9999.0 -9999.0 -9999.0 -9999.0 -9999.0 -9999.0 -9999.0 00155.988 00157.404 00158.920 00160.663 00161.238 00161.748 00162.212 00162.696 00163.187 00163.687 00164.229 00164.686 00164.785 00164.878 00165.831 00166.065 00166.283 00166.446 00166.566 00166.661 00166.659 00166.450 00166.217 00165.929 00164.902 00164.769 00164.425 00163.766 00163.101 00162.384
-9999.0 -9999.0 -9999.0 -9999.0 -9999.0 -9999.0 -9999.0 -9999.0 -9999.0 -9999.0 -9999.0 -9999.0 -9999.0 -9999.0 -9999.0 -9999.0 -9999.0 -9999.0 -9999.0 -9999.0 -9999.0 -9999.0 -9999.0 -9999.0 -9999.0 -9999.0 -9999.0 -9999.0 -9999.0 -9999.0 -9999.0 -9999.0 -9999.0 00155.241 00156.710 00158.113 00159.640 00160.782 00161.258 00161.719 00162.150 00162.596 00162.986 00163.378 00163.754 00164.159 00164.474 00164.708 00164.762 00164.809 00164.840 00164.865 00164.836 00164.773 00164.698 00164.357 00163.864 00163.400 00162.847 00162.297 00161.755 00161.067
-9999.0 -9999.0 -9999.0 -9999.0 -9999.0 -9999.0 -9999.0 -9999.0 -9999.0 -9999.0 -9999.0 -9999.0 -9999.0 -9999.0 -9999.0 -9999.0 -9999.0 -9999.0 -9999.0 -9999.0 -9999.0 -9999.0 -9999.0 -9999.0 -9999.0 -9999.0 -9999.0 -9999.0 -9999.0 -9999.0 -9999.0 -9999.0 -9999.0 -9999.0 -9999.0 00155.827 00157.015 00158.194 00159.561 00160.715 00161.154 00161.538 00161.886 00162.213 00162.548 00162.829 00163.092 00163.340 00163.542 00163.690 00163.799 00163.903 00163.678 00163.425 00163.115 00162.784 00162.373 00161.981 00161.484 00160.982 00160.578 00158.993
-9999.0 -9999.0 -9999.0 -9999.0 -9999.0 -9999.0 -9999.0 -9999.0 -9999.0 -9999.0 -9999.0 -9999.0 -9999.0 -9999.0 -9999.0 -9999.0 -9999.0 -9999.0 -9999.0 -9999.0 -9999.0 -9999.0 -9999.0 -9999.0 -9999.0 -9999.0 -9999.0 -9999.0 -9999.0 -9999.0 -9999.0 -9999.0 -9999.0 -9999.0 -9999.0 -9999.0 -9999.0 00155.809 00156.889 00157.948 00159.046 00160.212 00160.797 00161.116 00161.409 00161.663 00161.902 00162.075 00162.231 00162.339 00162.423 00162.426 00162.229 00162.009 00161.735 00161.418 00161.031 00160.724 00159.815 00158.597 00157.548 00156.574
-9999.0 -9999.0 -9999.0 -9999.0 -9999.0 -9999.0 -9999.0 -9999.0 -9999.0 -9999.0 -9999.0 -9999.0 -9999.0 -9999.0 -9999.0 -9999.0 -9999.0 -9999.0 -9999.0 -9999.0 -9999.0 -9999.0 -9999.0 -9999.0 -9999.0 -9999.0 -9999.0 -9999.0 -9999.0 -9999.0 -9999.0 -9999.0 -9999.0 -9999.0 -9999.0 -9999.0 -9999.0 -9999.0 -9999.0 00155.501 00156.396 00157.205 00157.998 00158.827 00159.622 00160.418 00160.720 00160.884 00161.001 00161.089 00161.164 00161.079 00160.921 00160.732 00160.359 00159.513 00158.601 00157.793 00156.979 00156.056 00154.610 -9999.0
-9999.0 -9999.0 -9999.0 -9999.0 -9999.0 -9999.0 -9999.0 -9999.0 -9999.0 -9999.0 -9999.0 -9999.0 -9999.0 -9999.0 -9999.0 -9999.0 -9999.0 -9999.0 -9999.0 -9999.0 -9999.0 -9999.0 -9999.0 -9999.0 -9999.0 -9999.0 -9999.0 -9999.0 -9999.0 -9999.0 -9999.0 -9999.0 -9999.0 -9999.0 -9999.0 -9999.0 -9999.0 -9999.0 -9999.0 -9999.0 -9999.0 -9999.0 00155.394 00156.118 00156.705 00157.249 00157.667 00158.101 00158.381 00158.592 00158.753 00158.593 00158.191 00157.716 00157.220 00156.637 00155.960 00154.988 -9999.0 -9999.0 -9999.0 -9999.0
-9999.0 -9999.0 -9999.0 -9999.0 -9999.0 -9999.0 -9999.0 -9999.0 -9999.0 -9999.0 -9999.0 -9999.0 -9999.0 -9999.0 -9999.0 -9999.0 -9999.0 -9999.0 -9999.0 -9999.0 -9999.0 -9999.0 -9999.0 -9999.0 -9999.0 -9999.0 -9999.0 -9999.0 -9999.0 -9999.0 -9999.0 -9999.0 -9999.0 -9999.0 -9999.0 -9999.0 -9999.0 -9999.0 -9999.0 -9999.0 -9999.0 -9999.0 -9999.0 -9999.0 -9999.0 -9999.0 00154.304 00155.356 00155.615 00155.804 00155.953 00155.831 00155.449 00154.489 -9999.0 -9999.0 -9999.0 -9999.0 -9999.0 -9999.0 -9999.0 -9999.0
-9999.0 -9999.0 -9999.0 -9999.0 -9999.0 -9999.0 -9999.0 -9999.0 -9999.0 -9999.0 -9999.0 -9999.0 -9999.0 -9999.0 -9999.0 -9999.0 -9999.0 -9999.0 -9999.0 -9999.0 -9999.0 -9999.0 -9999.0 -9999.0 -9999.0 -9999.0 -9999.0 -9999.0 -9999.0 -9999.0 -9999.0 -9999.0 -9999.0 -9999.0 -9999.0 -9999.0 -9999.0 -9999.0 -9999.0 -9999.0 -9999.0 -9999.0 -9999.0 -9999.0 -9999.0 -9999.0 -9999.0 -9999.0 -9999.0 -9999.0 -9999.0 -9999.0 -9999.0 -9999.0 -9999.0 -9999.0 -9999.0 -9999.0 -9999.0 -9999.0 -9999.0 -9999.0
