examples/flatland/Outputs/centerIgnit/d_otherRAWS/flatland_centerIgnit_clockwise1hr_otherRAWS_atmRAWS/flatland_centerIgnit_clockwise1hr_otherRAWS_atmRAWS_ReactionIntensity.asc
NCOLS 100
NROWS 100
XLLCORNER 20000.000000
YLLCORNER 20000.000000
CELLSIZE 30.000000
NODATA_VALUE -9999.0
[rows 28 to 55 of 100, columns 0 to 61 of 100]
-9999.0 -9999.0 -9999.0 -9999.0 -9999.0 -9999.0 -9999.0 -9999.0 -9999.0 -9999.0 -9999.0 -9999.0 -9999.0 -9999.0 -9999.0 -9999.0 -9999.0 -9999.0 -9999.0 -9999.0 -9999.0 -9999.0 00155.248 00156.500 00157.626 00158.881 00160.426 00160.978 00161.499 00162.020 00162.545 00163.094 00163.670 00164.237 00164.717 00164.857 00166.290 00167.185 00168.111 00169.089 00170.116 00171.195 00171.492 00172.209 00172.775 00173.346 00173.808 00174.279 00174.694 00174.947 00175.088 00175.226 00175.098 00175.007 00174.889 00174.591 00174.224 00173.763 00173.273 00172.763 00172.236 00171.466
-9999.0 -9999.0 -9999.0 -9999.0 -9999.0 -9999.0 -9999.0 -9999.0 -9999.0 -9999.0 -9999.0 -9999.0 -9999.0 -9999.0 -9999.0 -9999.0 -9999.0 -9999.0 -9999.0 -9999.0 -9999.0 00153.985 00156.082 00157.253 00158.483 00159.987 00160.873 00161.382 00161.922 00162.452 00163.005 00163.599 00164.233 00164.735 00164.876 00166.422 00167.357 00168.332 00169.364 00170.442 00171.355 00171.809 00172.629 00173.231 00173.843 00174.451 00174.931 00175.187 00175.589 00175.834 00176.041 00176.072 00175.957 00175.828 00175.669 00175.452 00175.148 00174.901 00174.420 00173.878 00173.223 00172.585
-9999.0 -9999.0 -9999.0 -9999.0 -9999.0 -9999.0 -9999.0 -9999.0 -9999.0 -9999.0 -9999.0 -9999.0 -9999.0 -9999.0 -9999.0 -9999.0 -9999.0 -9999.0 -9999.0 -9999.0 -9999.0 00155.651 00156.856 00158.045 00159.448 00160.724 00161.230 00161.798 00162.325 00162.894 00163.495 00164.125 00164.710 00164.869 00166.457 00167.472 00168.471 00169.525 00170.658 00171.414 00172.128 00172.835 00173.551 00174.287 00174.895 00175.265 00175.789 00176.118 00176.424 00176.677 00176.909 00176.826 00176.694 00176.547 00176.351 00176.147 00175.878 00175.609 00175.249 00174.892 00174.247 00173.563
-9999.0 -9999.0 -9999.0 -9999.0 -9999.0 -9999.0 -9999.0 -9999.0 -9999.0 -9999.0 -9999.0 -9999.0 -9999.0 -9999.0 -9999.0 -9999.0 -9999.0 -9999.0 -9999.0 -9999.0 00154.779 00156.405 00157.600 00158.882 00160.539 00161.046 00161.620 00162.171 00162.749 00163.353 00163.982 00164.665 00164.842 00166.290 00167.299 00168.378 00169.523 00170.765 00171.452 00172.244 00172.981 00173.737 00174.510 00175.050 00175.695 00176.147 00176.599 00176.961 00177.282 00177.556 00177.677 00177.600 00177.450 00177.250 00177.047 00176.766 00176.493 00176.201 00175.861 00175.519 00175.056 00174.565
-9999.0 -9999.0 -9999.0 -9999.0 -9999.0 -9999.0 -9999.0 -9999.0 -9999.0 -9999.0 -9999.0 -9999.0 -9999.0 -9999.0 -9999.0 -9999.0 -9999.0 -9999.0 -9999.0 -9999.0 00155.854 00157.118 00158.398 00159.959 00160.880 00161.424 00161.989 00162.558 00163.159 00163.796 00164.505 00164.806 00166.088 00167.098 00168.177 00169.311 00170.529 00171.413 00172.212 00173.041 00173.863 00174.659 00175.155 00175.869 00176.452 00176.962 00177.436 00177.678 00177.682 00177.686 00177.687 00177.685 00177.682 00177.680 00177.676 00177.409 00177.084 00176.731 00176.380 00176.026 00175.674 00175.200
-9999.0 -9999.0 -9999.0 -9999.0 -9999.0 -9999.0 -9999.0 -9999.0 -9999.0 -9999.0 -9999.0 -9999.0 -9999.0 -9999.0 -9999.0 -9999.0 -9999.0 -9999.0 -9999.0 00155.139 00156.572 00157.824 00159.268 00160.699 00161.222 00161.798 00162.353 00162.951 00163.588 00164.278 00164.757 00165.824 00166.838 00167.912 00169.044 00170.255 00171.355 00172.045 00172.891 00173.740 00174.636 00175.265 00175.992 00176.613 00177.216 00177.678 00177.684 00177.690 00177.693 00177.697 00177.696 00177.694 00177.692 00177.689 00177.685 00177.680 00177.638 00177.259 00176.894 00176.516 00176.106 00175.703
-9999.0 -9999.0 -9999.0 -9999.0 -9999.0 -9999.0 -9999.0 -9999.0 -9999.0 -9999.0 -9999.0 -9999.0 -9999.0 -9999.0 -9999.0 -9999.0 -9999.0 -9999.0 -9999.0 00155.926 00157.242 00158.587 00160.277 00161.000 00161.586 00162.159 00162.744 00163.367 00164.032 00164.700 00164.871 00166.507 00167.566 00168.696 00169.898 00171.217 00171.664 00172.699 00173.557 00174.448 00175.100 00175.954 00176.720 00177.368 00177.680 00177.689 00177.695 00177.699 00177.703 00177.706 00177.704 00177.702 00177.699 00177.696 00177.692 00177.688 00177.682 00177.677 00177.345 00176.921 00176.505 00176.097
-9999.0 -9999.0 -9999.0 -9999.0 -9999.0 -9999.0 -9999.0 -9999.0 -9999.0 -9999.0 -9999.0 -9999.0 -9999.0 -9999.0 -9999.0 -9999.0 -9999.0 -9999.0 00154.563 00156.510 00157.909 00159.463 00160.772 00161.334 00161.926 00162.509 00163.130 00163.786 00164.503 00164.812 00166.160 00167.200 00168.311 00169.495 00170.779 00171.480 00172.433 00173.301 00174.197 00174.992 00175.794 00176.565 00177.353 00177.682 00177.691 00177.698 00177.704 00177.709 00177.713 00177.714 00177.712 00177.709 00177.706 00177.703 00177.698 00177.694 00177.689 00177.683 00177.677 00177.331 00176.898 00176.475
-9999.0 -9999.0 -9999.0 -9999.0 -9999.0 -9999.0 -9999.0 -9999.0 -9999.0 -9999.0 -9999.0 -9999.0 -9999.0 -9999.0 -9999.0 -9999.0 -9999.0 -9999.0 00155.611 00157.060 00158.525 00160.398 00161.058 00161.667 00162.248 00162.867 00163.521 00164.227 00164.752 00165.805 00166.823 00167.913 00169.074 00170.319 00171.376 00172.142 00173.004 00173.894 00174.831 00175.554 00176.357 00177.173 00177.680 00177.692 00177.700 00177.708 00177.714 00177.719 00177.723 00177.722 00177.720 00177.717 00177.713 00177.709 00177.705 00177.700 00177.694 00177.689 00177.682 00177.677 00177.282 00176.851
-9999.0 -9999.0 -9999.0 -9999.0 -9999.0 -9999.0 -9999.0 -9999.0 -9999.0 -9999.0 -9999.0 -9999.0 -9999.0 -9999.0 -9999.0 -9999.0 -9999.0 -9999.0 00156.154 00157.582 00159.199 00160.753 00161.366 00161.986 00162.586 00163.226 00163.907 00164.660 00164.854 00166.424 00167.495 00168.640 00169.859 00171.188 00171.637 00172.702 00173.583 00174.503 00175.166 00176.086 00176.910 00177.677 00177.689 00177.700 00177.709 00177.717 00177.724 00177.715 00177.352 00177.712 00177.720 00177.724 00177.719 00177.715 00177.710 00177.705 00177.699 00177.694 00177.688 00177.681 00177.676 00177.233
-9999.0 -9999.0 -9999.0 -9999.0 -9999.0 -9999.0 -9999.0 -9999.0 -9999.0 -9999.0 -9999.0 -9999.0 -9999.0 -9999.0 -9999.0 -9999.0 -9999.0 00154.797 00156.655 00158.140 00159.964 00160.984 00161.624 00162.244 00162.904 00163.596 00164.325 00164.777 00165.978 00167.027 00168.149 00169.346 00170.634 00171.452 00172.365 00173.245 00174.157 00174.980 00175.806 00176.625 00177.471 00177.685 00177.697 00177.708 00177.718 00177.722 00177.190 00176.927 00176.709 00176.906 00177.109 00177.712 00177.723 00177.720 00177.715 00177.710 00177.704 00177.699 00177.693 00177.688 00177.681 00177.623
-9999.0 -9999.0 -9999.0 -9999.0 -9999.0 -9999.0 -9999.0 -9999.0 -9999.0 -9999.0 -9999.0 -9999.0 -9999.0 -9999.0 -9999.0 -9999.0 -9999.0 00155.591 00157.131 00158.675 00160.602 00161.221 00161.865 00162.499 00163.178 00163.905 00164.690 00164.873 00166.542 00167.627 00168.787 00170.022 00171.315 00171.906 00172.864 00173.765 00174.715 00175.452 00176.314 00177.172 00177.680 00177.693 00177.704 00177.716 00177.722 00177.080 00176.747 00176.470 00176.214 00176.424 00176.658 00176.941 00177.709 00177.724 00177.720 00177.714 00177.709 00177.704 00177.698 00177.693 00177.686 00177.680
-9999.0 -9999.0 -9999.0 -9999.0 -9999.0 -9999.0 -9999.0 -9999.0 -9999.0 -9999.0 -9999.0 -9999.0 -9999.0 -9999.0 -9999.0 -9999.0 -9999.0 00155.994 00157.540 00159.295 00160.808 00161.448 00162.091 00162.754 00163.455 00164.220 00164.764 00165.949 00167.015 00168.158 00169.378 00170.696 00171.472 00172.441 00173.341 00174.271 00175.050 00175.959 00176.812 00177.676 00177.689 00177.701 00177.712 00177.723 00177.152 00176.682 00176.323 00176.013 00175.741 00175.954 00176.220 00176.531 00176.934 00177.710 00177.725 00177.719 00177.714 00177.708 00177.703 00177.697 00177.692 00177.684
-9999.0 -9999.0 -9999.0 -9999.0 -9999.0 -9999.0 -9999.0 -9999.0 -9999.0 -9999.0 -9999.0 -9999.0 -9999.0 -9999.0 -9999.0 -9999.0 -9999.0 00156.381 00157.949 00159.865 00161.008 00161.668 00162.301 00162.982 00163.714 00164.523 00164.835 00166.346 00167.436 00168.602 00169.846 00171.212 00171.719 00172.772 00173.679 00174.636 00175.398 00176.346 00177.284 00177.683 00177.696 00177.708 00177.719 00177.711 00176.816 00176.335 00175.907 00175.575 00175.279 00175.499 00175.787 00176.150 00176.561 00176.983 00177.712 00177.724 00177.719 00177.713 00177.707 00177.702 00177.695 00177.689
-9999.0 -9999.0 -9999.0 -9999.0 -9999.0 -9999.0 -9999.0 -9999.0 -9999.0 -9999.0 -9999.0 -9999.0 -9999.0 -9999.0 -9999.0 -9999.0 00154.620 00156.743 00158.350 00160.405 00161.173 00161.850 00162.516 00163.223 00163.976 00164.710 00165.288 00166.711 00167.831 00169.031 00170.320 00171.388 00172.200 00173.087 00174.009 00174.913 00175.760 00176.679 00177.638 00177.690 00177.703 00177.715 00177.721 00176.988 00176.492 00176.005 00175.536 00175.184 00174.875 00175.092 00175.381 00175.780 00176.190 00176.607 00177.029 00177.714 00177.724 00177.718 00177.711 00177.705 00177.698 00177.692
-9999.0 -9999.0 -9999.0 -9999.0 -9999.0 -9999.0 -9999.0 -9999.0 -9999.0 -9999.0 -9999.0 -9999.0 -9999.0 -9999.0 -9999.0 -9999.0 00155.347 00157.019 00158.726 00160.672 00161.338 00162.011 00162.690 00163.422 00164.224 00164.774 00166.011 00167.081 00168.227 00169.451 00170.781 00171.491 00172.492 00173.384 00174.301 00175.060 00176.048 00176.996 00177.680 00177.695 00177.709 00177.722 00177.164 00176.661 00176.171 00175.689 00175.220 00174.823 00162.036 00174.708 00175.043 00175.419 00175.824 00176.235 00176.651 00177.085 00177.718 00177.721 00177.715 00177.708 00177.701 00177.695
-9999.0 -9999.0 -9999.0 -9999.0 -9999.0 -9999.0 -9999.0 -9999.0 -9999.0 -9999.0 -9999.0 -9999.0 -9999.0 -9999.0 -9999.0 -9999.0 00155.622 00157.277 00159.049 00160.804 00161.497 00162.162 00162.857 00163.605 00164.431 00164.821 00166.281 00167.368 00168.530 00169.769 00171.127 00171.609 00172.698 00173.592 00174.528 00175.252 00176.266 00177.217 00177.683 00177.699 00177.713 00177.719 00176.844 00176.337 00175.854 00175.377 00174.947 00174.533 -9999.0 -9999.000 00174.732 00175.085 00175.463 00175.869 00176.283 00176.759 00177.708 00177.724 00177.717 00177.711 00177.704 00177.697
-9999.0 -9999.0 -9999.0 -9999.0 -9999.0 -9999.0 -9999.0 -9999.0 -9999.0 -9999.0 -9999.0 -9999.0 -9999.0 -9999.0 -9999.0 -9999.0 00155.803 00157.496 00159.426 00160.914 00161.611 00162.284 00163.004 00163.781 00164.628 00164.866 00166.524 00167.625 00168.803 00170.063 00171.329 00171.989 00172.898 00173.782 00174.713 00175.494 00176.442 00177.412 00177.687 00177.702 00177.717 00177.706 00176.613 00176.023 00175.540 00175.091 00174.676 -9999.000 -9999.0 -9999.0 -9999.000 00174.770 00175.124 00175.502 00175.934 00176.473 00177.039 00177.719 00177.720 00177.713 00177.706 00177.699
-9999.0 -9999.0 -9999.0 -9999.0 -9999.0 -9999.0 -9999.0 -9999.0 -9999.0 -9999.0 -9999.0 -9999.0 -9999.0 -9999.0 -9999.0 -9999.0 00155.978 00157.666 00159.695 00161.015 00161.723 00162.397 00163.127 00163.918 00164.708 00165.389 00166.728 00167.843 00169.035 00170.315 00171.384 00172.172 00173.034 00173.925 00174.845 00175.634 00176.579 00177.565 00177.690 00177.705 00177.721 00177.068 00176.406 00175.794 00175.234 00174.818 -9999.000 -9999.0 -9999.0 -9999.0 -9999.0 -9999.000 00174.809 00175.160 00175.650 00176.201 00176.781 00177.711 00177.722 00177.714 00177.706 00177.698
-9999.0 -9999.0 -9999.0 -9999.0 -9999.0 -9999.0 -9999.0 -9999.0 -9999.0 -9999.0 -9999.0 -9999.0 -9999.0 -9999.0 -9999.0 -9999.0 00156.075 00157.808 00159.939 00161.086 00161.797 00162.490 00163.240 00164.059 00164.740 00165.853 00166.905 00168.032 00169.236 00170.532 00171.430 00172.287 00173.132 00174.011 00174.891 00175.732 00176.691 00177.593 00177.690 00177.706 00177.723 00176.893 00176.226 00175.579 00175.004 00174.546 -9999.0 -9999.0 -9999.0 -9999.0 -9999.0 -9999.0 -9999.000 00174.886 00175.355 00175.907 00176.728 00177.715 00177.720 00177.712 00177.705 00177.697
-9999.0 -9999.0 -9999.0 -9999.0 -9999.0 -9999.0 -9999.0 -9999.0 -9999.0 -9999.0 -9999.0 -9999.0 -9999.0 -9999.0 -9999.0 -9999.0 00156.133 00157.900 00160.070 00161.143 00161.859 00162.565 00163.321 00164.149 00164.764 00165.982 00167.034 00168.161 00169.363 00170.664 00171.459 00172.362 00173.201 00174.084 00174.896 00175.621 00176.473 00177.340 00177.684 00177.701 00177.717 00177.192 00176.334 00175.482 00174.790 -9999.000 -9999.0 -9999.0 -9999.0 -9999.0 -9999.0 -9999.0 -9999.000 00174.589 00175.291 00176.120 00176.940 00177.721 00177.718 00177.710 00177.703 00177.695
-9999.0 -9999.0 -9999.0 -9999.0 -9999.0 -9999.0 -9999.0 -9999.0 -9999.0 -9999.0 -9999.0 -9999.0 -9999.0 -9999.0 -9999.0 -9999.0 00156.171 00157.946 00160.156 00161.177 00161.896 00162.605 00163.374 00164.219 00164.781 00166.074 00167.123 00168.250 00169.450 00170.753 00171.477 00172.409 00173.208 00173.967 00174.749 00175.362 00176.243 00177.081 00177.679 00177.695 00177.711 00177.720 00176.711 00175.904 00175.105 -9999.000 -9999.0 -9999.0 -9999.0 -9999.0 -9999.0 -9999.0 -9999.0 00174.843 00175.590 00176.400 00177.706 00177.724 00177.716 00177.708 00177.700 00177.692
-9999.0 -9999.0 -9999.0 -9999.0 -9999.0 -9999.0 -9999.0 -9999.0 -9999.0 -9999.0 -9999.0 -9999.0 -9999.0 -9999.0 -9999.0 -9999.0 00155.962 00157.856 00160.220 00161.199 00161.918 00162.635 00163.412 00164.266 00164.792 00166.128 00167.182 00168.308 00169.514 00170.826 00171.475 00172.316 00173.044 00173.785 00174.560 00175.093 00175.997 00176.789 00177.615 00177.689 00177.704 00177.719 00177.130 00176.349 00175.590 00174.901 -9999.000 -9999.0 -9999.0 -9999.0 -9999.0 -9999.0 -9999.000 00175.237 00176.003 00176.801 00177.716 00177.720 00177.712 00177.705 00177.697 00177.689
-9999.0 -9999.0 -9999.0 -9999.0 -9999.0 -9999.0 -9999.0 -9999.0 -9999.0 -9999.0 -9999.0 -9999.0 -9999.0 -9999.0 -9999.0 -9999.0 00155.648 00157.535 00159.784 00161.119 00161.865 00162.603 00163.405 00164.291 00164.800 00166.171 00167.176 00168.235 00169.364 00170.578 00171.418 00172.160 00172.876 00173.604 00174.332 00174.972 00175.703 00176.485 00177.241 00177.680 00177.696 00177.710 00177.724 00176.944 00176.179 00175.436 00174.770 -9999.0 -9999.0 -9999.0 -9999.0 -9999.000 00175.011 00175.737 00176.514 00177.708 00177.723 00177.715 00177.708 00177.700 00177.692 00177.683
-9999.0 -9999.0 -9999.0 -9999.0 -9999.0 -9999.0 -9999.0 -9999.0 -9999.0 -9999.0 -9999.0 -9999.0 -9999.0 -9999.0 -9999.0 -9999.0 00155.224 00157.202 00159.307 00160.986 00161.739 00162.467 00163.257 00164.124 00164.768 00165.994 00166.972 00168.021 00169.134 00170.316 00171.356 00171.916 00172.690 00173.392 00174.098 00174.811 00175.349 00176.135 00176.861 00177.620 00177.686 00177.700 00177.714 00177.720 00176.784 00176.025 00175.284 -9999.000 -9999.0 -9999.0 -9999.0 00174.786 00175.479 00176.249 00177.041 00177.723 00177.718 00177.710 00177.703 00177.695 00177.687 00177.679
-9999.0 -9999.0 -9999.0 -9999.0 -9999.0 -9999.0 -9999.0 -9999.0 -9999.0 -9999.0 -9999.0 -9999.0 -9999.0 -9999.0 -9999.0 -9999.0 00153.938 00156.810 00158.794 00160.833 00161.596 00162.317 00163.094 00163.942 00164.727 00165.804 00166.769 00167.788 00168.872 00170.021 00171.268 00171.558 00172.483 00173.159 00173.833 00174.534 00175.033 00175.768 00176.482 00177.138 00177.678 00177.690 00177.703 00177.716 00177.713 00176.626 00175.870 00175.146 -9999.000 -9999.0 -9999.000 00175.229 00175.983 00176.770 00177.715 00177.721 00177.713 00177.705 00177.698 00177.690 00177.681 00177.676
-9999.0 -9999.0 -9999.0 -9999.0 -9999.0 -9999.0 -9999.0 -9999.0 -9999.0 -9999.0 -9999.0 -9999.0 -9999.0 -9999.0 -9999.0 -9999.0 -9999.0 00156.362 00158.307 00160.646 00161.422 00162.154 00162.916 00163.742 00164.666 00164.998 00166.547 00167.551 00168.596 00169.703 00170.903 00171.478 00172.257 00172.906 00173.572 00174.209 00174.859 00175.332 00176.056 00176.675 00177.299 00177.679 00177.693 00177.706 00177.719 00177.707 00176.488 00175.793 00175.210 -9999.000 00175.238 00175.856 00176.537 00177.709 00177.723 00177.715 00177.708 00177.700 00177.693 00177.684 00177.678 00177.455
-9999.0 -9999.0 -9999.0 -9999.0 -9999.0 -9999.0 -9999.0 -9999.0 -9999.0 -9999.0 -9999.0 -9999.0 -9999.0 -9999.0 -9999.0 -9999.0 -9999.0 00155.794 00157.725 00160.107 00161.225 00161.967 00162.716 00163.529 00164.430 00164.836 00166.290 00167.255 00168.281 00169.368 00170.505 00171.383 00171.946 00172.652 00173.270 00173.892 00174.525 00175.008 00175.609 00176.221 00176.816 00177.430 00177.681 00177.695 00177.708 00177.721 00177.708 00176.664 00176.127 00175.545 00176.125 00176.686 00177.709 00177.724 00177.717 00177.710 00177.702 00177.695 00177.687 00177.679 00177.582 00177.206
