examples/flatland/Outputs/centerIgnit/d_otherRAWS/flatland_centerIgnit_clockwise1hr_otherRAWS_atmRAWS/flatland_centerIgnit_clockwise1hr_otherRAWS_atmRAWS_HeatPerUnitArea.asc
NCOLS 100
NROWS 100
XLLCORNER 20000.000000
YLLCORNER 20000.000000
CELLSIZE 30.000000
NODATA_VALUE -9999.0
[rows 28 to 55 of 100, columns 0 to 61 of 100]
-9999.0 -9999.0 -9999.0 -9999.0 -9999.0 -9999.0 -9999.0 -9999.0 -9999.0 -9999.0 -9999.0 -9999.0 -9999.0 -9999.0 -9999.0 -9999.0 -9999.0 -9999.0 -9999.0 -9999.0 -9999.0 -9999.0 01021.934 01030.167 01037.580 01045.844 01056.031 01059.716 01063.079 01066.513 01069.964 01073.574 01077.371 01081.096 01084.209 01085.131 01094.625 01100.519 01106.616 01113.047 01119.793 01126.895 01128.724 01133.576 01137.300 01141.059 01144.102 01147.197 01149.935 01151.648 01152.557 01153.432 01152.627 01152.110 01151.288 01149.256 01146.835 01143.802 01140.577 01137.222 01133.753 01128.690
-9999.0 -9999.0 -9999.0 -9999.0 -9999.0 -9999.0 -9999.0 -9999.0 -9999.0 -9999.0 -9999.0 -9999.0 -9999.0 -9999.0 -9999.0 -9999.0 -9999.0 -9999.0 -9999.0 -9999.0 -9999.0 01013.642 01027.458 01035.159 01043.262 01053.181 01059.087 01062.309 01065.867 01069.351 01072.992 01076.906 01081.070 01084.308 01085.288 01095.491 01101.647 01108.069 01114.866 01121.930 01127.848 01130.945 01136.335 01140.300 01144.333 01148.335 01151.506 01153.174 01155.824 01157.437 01158.801 01159.006 01158.244 01157.395 01156.347 01154.921 01152.921 01151.397 01148.131 01144.565 01140.249 01136.046
-9999.0 -9999.0 -9999.0 -9999.0 -9999.0 -9999.0 -9999.0 -9999.0 -9999.0 -9999.0 -9999.0 -9999.0 -9999.0 -9999.0 -9999.0 -9999.0 -9999.0 -9999.0 -9999.0 -9999.0 -9999.0 01024.616 01032.548 01040.379 01049.629 01058.108 01061.306 01065.046 01068.514 01072.263 01076.225 01080.355 01084.174 01085.232 01095.725 01102.402 01108.983 01115.926 01123.349 01128.178 01133.043 01137.695 01142.406 01147.254 01151.253 01153.694 01157.139 01159.305 01161.316 01162.985 01164.513 01163.963 01163.097 01162.130 01160.836 01159.499 01157.725 01155.953 01153.583 01151.338 01146.985 01142.486
-9999.0 -9999.0 -9999.0 -9999.0 -9999.0 -9999.0 -9999.0 -9999.0 -9999.0 -9999.0 -9999.0 -9999.0 -9999.0 -9999.0 -9999.0 -9999.0 -9999.0 -9999.0 -9999.0 -9999.0 01018.895 01029.552 01037.414 01045.851 01056.756 01060.118 01063.875 01067.503 01071.311 01075.288 01079.418 01083.912 01085.022 01094.627 01101.267 01108.375 01115.909 01124.065 01128.422 01133.804 01138.661 01143.631 01148.718 01152.259 01156.518 01159.496 01162.472 01164.858 01166.971 01168.790 01169.568 01169.045 01168.066 01166.756 01165.418 01163.573 01161.774 01159.853 01157.612 01155.361 01152.435 01149.084
-9999.0 -9999.0 -9999.0 -9999.0 -9999.0 -9999.0 -9999.0 -9999.0 -9999.0 -9999.0 -9999.0 -9999.0 -9999.0 -9999.0 -9999.0 -9999.0 -9999.0 -9999.0 -9999.0 -9999.0 01025.958 01034.273 01042.705 01052.997 01059.142 01062.587 01066.310 01070.054 01074.004 01078.198 01082.858 01084.765 01093.292 01099.946 01107.048 01114.514 01122.488 01128.169 01133.595 01139.046 01144.465 01149.701 01152.968 01157.664 01161.503 01164.864 01167.980 01169.576 01169.599 01169.625 01169.632 01169.617 01169.600 01169.586 01169.561 01167.803 01165.664 01163.337 01161.029 01158.697 01156.380 01153.259
-9999.0 -9999.0 -9999.0 -9999.0 -9999.0 -9999.0 -9999.0 -9999.0 -9999.0 -9999.0 -9999.0 -9999.0 -9999.0 -9999.0 -9999.0 -9999.0 -9999.0 -9999.0 -9999.0 01021.228 01030.646 01038.907 01048.436 01057.944 01061.254 01065.047 01068.696 01072.637 01076.833 01081.366 01084.454 01091.547 01098.224 01105.296 01112.750 01120.697 01127.841 01132.491 01138.067 01143.651 01149.542 01153.691 01158.474 01162.563 01166.533 01169.573 01169.610 01169.649 01169.673 01169.694 01169.689 01169.676 01169.662 01169.643 01169.615 01169.587 01169.308 01166.816 01164.413 01161.930 01159.225 01156.572
-9999.0 -9999.0 -9999.0 -9999.0 -9999.0 -9999.0 -9999.0 -9999.0 -9999.0 -9999.0 -9999.0 -9999.0 -9999.0 -9999.0 -9999.0 -9999.0 -9999.0 -9999.0 -9999.0 01026.431 01035.089 01043.938 01055.071 01059.861 01063.650 01067.423 01071.279 01075.378 01079.750 01084.126 01085.254 01096.053 01103.020 01110.455 01118.367 01127.038 01129.988 01136.802 01142.446 01148.309 01152.582 01158.221 01163.268 01167.535 01169.588 01169.645 01169.681 01169.712 01169.736 01169.756 01169.742 01169.728 01169.711 01169.690 01169.666 01169.636 01169.599 01169.569 01167.383 01164.588 01161.850 01159.166
-9999.0 -9999.0 -9999.0 -9999.0 -9999.0 -9999.0 -9999.0 -9999.0 -9999.0 -9999.0 -9999.0 -9999.0 -9999.0 -9999.0 -9999.0 -9999.0 -9999.0 -9999.0 01017.477 01030.235 01039.473 01049.731 01058.469 01061.993 01065.893 01069.727 01073.814 01078.130 01082.844 01084.818 01093.767 01100.614 01107.933 01115.724 01124.144 01128.617 01135.051 01140.763 01146.663 01151.816 01157.173 01162.249 01167.436 01169.596 01169.658 01169.706 01169.744 01169.776 01169.802 01169.810 01169.794 01169.779 01169.758 01169.734 01169.707 01169.679 01169.646 01169.602 01169.568 01167.292 01164.441 01161.652
-9999.0 -9999.0 -9999.0 -9999.0 -9999.0 -9999.0 -9999.0 -9999.0 -9999.0 -9999.0 -9999.0 -9999.0 -9999.0 -9999.0 -9999.0 -9999.0 -9999.0 -9999.0 01024.346 01033.893 01043.537 01055.854 01060.185 01064.180 01068.007 01072.087 01076.397 01081.034 01084.427 01091.418 01098.125 01105.300 01112.950 01121.118 01127.953 01133.130 01138.805 01144.671 01150.831 01155.589 01160.880 01166.248 01169.586 01169.662 01169.719 01169.767 01169.808 01169.841 01169.869 01169.863 01169.847 01169.826 01169.803 01169.775 01169.748 01169.715 01169.680 01169.645 01169.599 01169.564 01166.969 01164.130
-9999.0 -9999.0 -9999.0 -9999.0 -9999.0 -9999.0 -9999.0 -9999.0 -9999.0 -9999.0 -9999.0 -9999.0 -9999.0 -9999.0 -9999.0 -9999.0 -9999.0 -9999.0 01027.924 01037.301 01047.969 01058.369 01062.209 01066.288 01070.237 01074.446 01078.927 01083.879 01085.127 01095.506 01102.557 01110.090 01118.112 01126.843 01129.809 01136.817 01142.620 01148.671 01153.040 01159.093 01164.517 01169.568 01169.647 01169.715 01169.779 01169.828 01169.873 01169.806 01167.427 01169.792 01169.846 01169.874 01169.845 01169.817 01169.783 01169.748 01169.713 01169.677 01169.641 01169.594 01169.560 01166.643
-9999.0 -9999.0 -9999.0 -9999.0 -9999.0 -9999.0 -9999.0 -9999.0 -9999.0 -9999.0 -9999.0 -9999.0 -9999.0 -9999.0 -9999.0 -9999.0 -9999.0 01019.013 01031.206 01041.006 01053.028 01059.793 01063.896 01067.980 01072.327 01076.887 01081.675 01084.590 01092.569 01099.475 01106.864 01114.743 01123.189 01128.410 01134.605 01140.397 01146.399 01151.731 01157.254 01162.642 01168.214 01169.618 01169.697 01169.767 01169.836 01169.852 01166.362 01164.618 01163.193 01164.485 01165.826 01169.795 01169.868 01169.852 01169.816 01169.780 01169.745 01169.709 01169.673 01169.636 01169.591 01169.213
-9999.0 -9999.0 -9999.0 -9999.0 -9999.0 -9999.0 -9999.0 -9999.0 -9999.0 -9999.0 -9999.0 -9999.0 -9999.0 -9999.0 -9999.0 -9999.0 -9999.0 01024.218 01034.359 01044.515 01057.238 01061.252 01065.492 01069.664 01074.129 01078.912 01084.070 01085.274 01096.276 01103.421 01111.051 01119.176 01127.647 01131.578 01137.890 01143.818 01150.062 01154.920 01160.597 01166.240 01169.589 01169.672 01169.746 01169.819 01169.853 01165.640 01163.443 01161.628 01159.935 01161.326 01162.858 01164.722 01169.779 01169.873 01169.849 01169.812 01169.776 01169.741 01169.705 01169.669 01169.628 01169.585
-9999.0 -9999.0 -9999.0 -9999.0 -9999.0 -9999.0 -9999.0 -9999.0 -9999.0 -9999.0 -9999.0 -9999.0 -9999.0 -9999.0 -9999.0 -9999.0 -9999.0 01026.881 01037.025 01048.616 01058.759 01062.742 01066.981 01071.341 01075.960 01080.990 01084.524 01092.376 01099.397 01106.921 01114.957 01123.595 01128.559 01135.102 01141.030 01147.143 01152.185 01158.255 01163.875 01169.561 01169.646 01169.720 01169.794 01169.869 01166.114 01163.017 01160.657 01158.622 01156.823 01158.230 01159.975 01162.024 01164.681 01169.788 01169.882 01169.845 01169.809 01169.773 01169.736 01169.699 01169.662 01169.613
-9999.0 -9999.0 -9999.0 -9999.0 -9999.0 -9999.0 -9999.0 -9999.0 -9999.0 -9999.0 -9999.0 -9999.0 -9999.0 -9999.0 -9999.0 -9999.0 -9999.0 01029.399 01039.740 01052.383 01059.932 01064.187 01068.357 01072.840 01077.660 01082.980 01085.001 01094.991 01102.166 01109.842 01118.020 01127.005 01130.352 01137.282 01143.247 01149.542 01154.568 01160.803 01166.983 01169.605 01169.692 01169.769 01169.843 01169.779 01163.903 01160.736 01157.916 01155.718 01153.782 01155.222 01157.123 01159.519 01162.222 01165.001 01169.799 01169.878 01169.841 01169.803 01169.766 01169.727 01169.685 01169.642
-9999.0 -9999.0 -9999.0 -9999.0 -9999.0 -9999.0 -9999.0 -9999.0 -9999.0 -9999.0 -9999.0 -9999.0 -9999.0 -9999.0 -9999.0 -9999.0 01017.851 01031.792 01042.389 01055.896 01060.934 01065.391 01069.775 01074.429 01079.379 01084.196 01088.029 01097.383 01104.756 01112.661 01121.130 01128.018 01133.519 01139.354 01145.423 01151.288 01156.950 01163.001 01169.309 01169.651 01169.738 01169.815 01169.844 01165.031 01161.769 01158.563 01155.479 01153.162 01151.120 01152.561 01154.458 01157.079 01159.775 01162.524 01165.301 01169.811 01169.872 01169.833 01169.791 01169.749 01169.707 01169.664
-9999.0 -9999.0 -9999.0 -9999.0 -9999.0 -9999.0 -9999.0 -9999.0 -9999.0 -9999.0 -9999.0 -9999.0 -9999.0 -9999.0 -9999.0 -9999.0 01022.582 01033.624 01044.846 01057.815 01062.023 01066.450 01070.924 01075.745 01081.018 01084.596 01092.782 01099.831 01107.380 01115.438 01124.160 01128.705 01135.436 01141.311 01147.342 01152.237 01158.847 01165.084 01169.583 01169.682 01169.774 01169.863 01166.187 01162.876 01159.651 01156.482 01153.392 01150.784 01148.653 01150.036 01152.233 01154.702 01157.372 01160.072 01162.814 01165.669 01169.838 01169.856 01169.813 01169.770 01169.726 01169.681
-9999.0 -9999.0 -9999.0 -9999.0 -9999.0 -9999.0 -9999.0 -9999.0 -9999.0 -9999.0 -9999.0 -9999.0 -9999.0 -9999.0 -9999.0 -9999.0 01024.424 01035.317 01046.965 01058.765 01063.068 01067.446 01072.018 01076.948 01082.380 01084.915 01094.567 01101.719 01109.370 01117.527 01126.443 01129.622 01136.796 01142.679 01148.823 01153.604 01160.279 01166.541 01169.605 01169.711 01169.805 01169.827 01164.087 01160.743 01157.567 01154.430 01151.598 01148.871 -9999.0 -9999.000 01150.180 01152.506 01154.996 01157.666 01160.393 01163.521 01169.775 01169.878 01169.832 01169.788 01169.742 01169.696
-9999.0 -9999.0 -9999.0 -9999.0 -9999.0 -9999.0 -9999.0 -9999.0 -9999.0 -9999.0 -9999.0 -9999.0 -9999.0 -9999.0 -9999.0 -9999.0 01025.622 01036.741 01049.488 01059.443 01063.814 01068.245 01072.982 01078.098 01083.673 01085.231 01096.161 01103.409 01111.157 01119.444 01127.716 01132.121 01138.109 01143.925 01150.047 01155.198 01161.439 01167.823 01169.632 01169.733 01169.830 01169.757 01162.563 01158.685 01155.504 01152.543 01149.811 -9999.000 -9999.0 -9999.0 -9999.000 01150.432 01152.761 01155.251 01158.103 01161.639 01165.363 01169.848 01169.850 01169.804 01169.758 01169.711
-9999.0 -9999.0 -9999.0 -9999.0 -9999.0 -9999.0 -9999.0 -9999.0 -9999.0 -9999.0 -9999.0 -9999.0 -9999.0 -9999.0 -9999.0 -9999.0 01026.772 01037.844 01051.263 01059.979 01064.549 01068.990 01073.794 01078.998 01084.188 01088.692 01097.497 01104.836 01112.689 01121.096 01128.004 01133.334 01139.004 01144.873 01150.926 01156.117 01162.337 01168.826 01169.651 01169.752 01169.853 01165.555 01161.199 01157.184 01153.483 01150.744 -9999.000 -9999.0 -9999.0 -9999.0 -9999.0 -9999.000 01150.685 01152.994 01156.219 01159.856 01163.666 01169.797 01169.863 01169.809 01169.757 01169.705
-9999.0 -9999.0 -9999.0 -9999.0 -9999.0 -9999.0 -9999.0 -9999.0 -9999.0 -9999.0 -9999.0 -9999.0 -9999.0 -9999.0 -9999.0 -9999.0 01027.410 01038.800 01052.869 01060.359 01065.037 01069.601 01074.542 01079.931 01084.395 01091.737 01098.668 01106.091 01114.016 01122.521 01128.283 01134.089 01139.647 01145.436 01151.151 01156.762 01163.076 01169.010 01169.650 01169.758 01169.868 01164.406 01160.016 01155.756 01151.961 01148.950 -9999.0 -9999.0 -9999.0 -9999.0 -9999.0 -9999.0 -9999.000 01151.194 01154.280 01157.917 01163.322 01169.827 01169.851 01169.799 01169.747 01169.695
-9999.0 -9999.0 -9999.0 -9999.0 -9999.0 -9999.0 -9999.0 -9999.0 -9999.0 -9999.0 -9999.0 -9999.0 -9999.0 -9999.0 -9999.0 -9999.0 01027.788 01039.416 01053.727 01060.731 01065.447 01070.100 01075.080 01080.528 01084.550 01092.590 01099.523 01106.942 01114.856 01123.389 01128.481 01134.579 01140.102 01145.913 01151.172 01156.032 01161.640 01167.345 01169.610 01169.724 01169.829 01166.373 01160.729 01155.122 01150.565 -9999.000 -9999.0 -9999.0 -9999.0 -9999.0 -9999.0 -9999.0 -9999.000 01149.237 01153.858 01159.289 01164.722 01169.863 01169.837 01169.785 01169.734 01169.682
-9999.0 -9999.0 -9999.0 -9999.0 -9999.0 -9999.0 -9999.0 -9999.0 -9999.0 -9999.0 -9999.0 -9999.0 -9999.0 -9999.0 -9999.0 -9999.0 01028.035 01039.717 01054.282 01060.961 01065.696 01070.365 01075.429 01080.989 01084.671 01093.200 01100.118 01107.532 01115.432 01123.977 01128.616 01134.893 01140.147 01145.147 01150.268 01154.327 01160.131 01165.644 01169.579 01169.687 01169.790 01169.845 01163.208 01157.863 01152.644 -9999.000 -9999.0 -9999.0 -9999.0 -9999.0 -9999.0 -9999.0 -9999.0 01150.910 01155.839 01161.166 01169.754 01169.873 01169.820 01169.768 01169.716 01169.664
-9999.0 -9999.0 -9999.0 -9999.0 -9999.0 -9999.0 -9999.0 -9999.0 -9999.0 -9999.0 -9999.0 -9999.0 -9999.0 -9999.0 -9999.0 -9999.0 01026.667 01039.120 01054.701 01061.103 01065.841 01070.563 01075.677 01081.296 01084.748 01093.557 01100.511 01107.909 01115.851 01124.460 01128.615 01134.278 01139.074 01143.949 01149.027 01152.472 01158.505 01163.719 01169.153 01169.644 01169.743 01169.843 01165.969 01160.825 01155.833 01151.295 -9999.000 -9999.0 -9999.0 -9999.0 -9999.0 -9999.0 -9999.000 01153.508 01158.548 01163.799 01169.837 01169.849 01169.798 01169.747 01169.697 01169.645
-9999.0 -9999.0 -9999.0 -9999.0 -9999.0 -9999.0 -9999.0 -9999.0 -9999.0 -9999.0 -9999.0 -9999.0 -9999.0 -9999.0 -9999.0 -9999.0 01024.596 01036.992 01051.848 01060.573 01065.486 01070.348 01075.632 01081.466 01084.813 01093.843 01100.457 01107.433 01114.864 01122.828 01128.235 01133.250 01137.966 01142.758 01147.538 01151.587 01156.576 01161.724 01166.696 01169.586 01169.693 01169.784 01169.875 01164.742 01159.707 01154.816 01150.431 -9999.0 -9999.0 -9999.0 -9999.0 -9999.000 01152.018 01156.792 01161.916 01169.776 01169.869 01169.818 01169.768 01169.717 01169.667 01169.607
-9999.0 -9999.0 -9999.0 -9999.0 -9999.0 -9999.0 -9999.0 -9999.0 -9999.0 -9999.0 -9999.0 -9999.0 -9999.0 -9999.0 -9999.0 -9999.0 01021.776 01034.827 01048.695 01059.858 01064.657 01069.453 01074.656 01080.366 01084.610 01092.672 01099.102 01106.017 01113.345 01121.106 01127.877 01131.647 01136.741 01141.361 01146.009 01150.698 01154.242 01159.415 01164.198 01169.186 01169.626 01169.719 01169.806 01169.847 01163.692 01158.695 01153.815 -9999.000 -9999.0 -9999.0 -9999.0 01150.534 01155.099 01160.164 01165.384 01169.872 01169.835 01169.785 01169.735 01169.685 01169.633 01169.580
-9999.0 -9999.0 -9999.0 -9999.0 -9999.0 -9999.0 -9999.0 -9999.0 -9999.0 -9999.0 -9999.0 -9999.0 -9999.0 -9999.0 -9999.0 -9999.0 01013.326 01032.238 01045.285 01059.019 01063.718 01068.461 01073.572 01079.162 01084.339 01091.410 01097.768 01104.474 01111.604 01119.168 01127.377 01129.285 01135.382 01139.823 01144.268 01148.863 01151.987 01157.002 01161.700 01166.014 01169.567 01169.651 01169.737 01169.824 01169.800 01162.648 01157.676 01152.906 -9999.000 -9999.0 -9999.000 01153.450 01158.416 01163.593 01169.830 01169.853 01169.802 01169.752 01169.702 01169.652 01169.592 01169.561
-9999.0 -9999.0 -9999.0 -9999.0 -9999.0 -9999.0 -9999.0 -9999.0 -9999.0 -9999.0 -9999.0 -9999.0 -9999.0 -9999.0 -9999.0 -9999.0 -9999.0 01029.280 01042.106 01057.666 01062.572 01067.389 01072.404 01077.845 01083.921 01086.109 01096.313 01102.924 01109.804 01117.093 01124.973 01128.657 01133.893 01138.167 01142.545 01146.737 01150.990 01154.135 01158.897 01162.974 01167.076 01169.578 01169.669 01169.755 01169.842 01169.761 01161.740 01157.167 01153.324 -9999.000 01153.510 01157.580 01162.064 01169.781 01169.869 01169.818 01169.769 01169.719 01169.669 01169.612 01169.570 01168.097
-9999.0 -9999.0 -9999.0 -9999.0 -9999.0 -9999.0 -9999.0 -9999.0 -9999.0 -9999.0 -9999.0 -9999.0 -9999.0 -9999.0 -9999.0 -9999.0 -9999.0 01025.564 01038.244 01053.965 01061.275 01066.163 01071.091 01076.444 01082.377 01085.067 01094.626 01100.980 01107.734 01114.894 01122.355 01128.040 01131.843 01136.487 01140.557 01144.652 01148.800 01151.812 01155.956 01159.982 01163.899 01167.932 01169.590 01169.687 01169.770 01169.855 01169.767 01162.900 01159.358 01155.533 01159.347 01163.039 01169.782 01169.875 01169.831 01169.781 01169.732 01169.683 01169.631 01169.580 01168.933 01166.463
