examples/flatland/Outputs/centerIgnit/d_otherRAWS/flatland_centerIgnit_clockwise1hr_otherRAWS_atmRAWS/flatland_centerIgnit_clockwise1hr_otherRAWS_atmRAWS_ArrivalTime.asc
NCOLS 100
NROWS 100
XLLCORNER 20000.000000
YLLCORNER 20000.000000
CELLSIZE 30.000000
NODATA_VALUE -9999.0
[rows 56 to 83 of 100, columns 0 to 61 of 100]
-9999.0 -9999.0 -9999.0 -9999.0 -9999.0 -9999.0 -9999.0 -9999.0 -9999.0 -9999.0 -9999.0 -9999.0 -9999.0 -9999.0 -9999.0 -9999.0 -9999.0 00416.026 00397.227 00379.068 00361.585 00349.757 00338.575 00327.493 00316.512 00305.639 00295.427 00286.000 00276.869 00267.828 00258.884 00250.042 00240.662 00230.210 00219.849 00209.742 00199.718 00190.972 00181.380 00168.963 00156.391 00143.900 00131.469 00118.438 00103.064 00088.885 00077.434 00067.027 00059.011 00050.550 00058.570 00065.871 00072.743 00080.382 00088.282 00096.232 00104.265 00112.706 00121.555 00129.176 00136.264 00143.387
-9999.0 -9999.0 -9999.0 -9999.0 -9999.0 -9999.0 -9999.0 -9999.0 -9999.0 -9999.0 -9999.0 -9999.0 -9999.0 -9999.0 -9999.0 -9999.0 -9999.0 -9999.0 00403.577 00385.148 00367.357 00353.506 00342.303 00331.198 00320.195 00309.303 00298.709 00289.466 00280.325 00271.282 00262.320 00253.728 00245.023 00235.430 00225.228 00215.124 00206.084 00197.344 00188.604 00178.961 00166.357 00153.829 00141.495 00129.847 00116.849 00105.171 00093.728 00084.494 00077.133 00071.089 00073.209 00078.879 00084.793 00091.345 00098.211 00106.070 00113.915 00121.559 00127.952 00134.683 00141.714 00148.776
-9999.0 -9999.0 -9999.0 -9999.0 -9999.0 -9999.0 -9999.0 -9999.0 -9999.0 -9999.0 -9999.0 -9999.0 -9999.0 -9999.0 -9999.0 -9999.0 -9999.0 -9999.0 00410.721 00391.987 00373.961 00357.744 00346.520 00335.393 00324.364 00313.436 00302.615 00293.011 00283.849 00275.055 00266.450 00257.926 00249.493 00240.720 00230.667 00221.288 00212.458 00203.707 00195.296 00186.652 00176.363 00163.813 00151.821 00140.244 00130.120 00121.071 00110.069 00101.915 00094.938 00089.805 00087.263 00092.551 00097.719 00103.312 00109.859 00116.410 00123.113 00129.270 00135.063 00140.920 00147.262 00154.296
-9999.0 -9999.0 -9999.0 -9999.0 -9999.0 -9999.0 -9999.0 -9999.0 -9999.0 -9999.0 -9999.0 -9999.0 -9999.0 -9999.0 -9999.0 -9999.0 -9999.0 -9999.0 00418.285 00399.293 00380.957 00363.333 00350.895 00339.724 00328.651 00317.683 00306.917 00296.868 00288.066 00279.349 00270.712 00262.285 00253.932 00245.406 00236.615 00227.688 00218.861 00210.288 00201.914 00193.569 00184.747 00173.987 00162.201 00150.744 00141.669 00133.438 00125.562 00119.299 00112.623 00107.670 00103.377 00106.599 00111.262 00116.388 00121.402 00126.434 00131.221 00136.562 00142.140 00147.915 00153.800 00159.907
-9999.0 -9999.0 -9999.0 -9999.0 -9999.0 -9999.0 -9999.0 -9999.0 -9999.0 -9999.0 -9999.0 -9999.0 -9999.0 -9999.0 -9999.0 -9999.0 -9999.0 -9999.0 -9999.0 00407.728 00389.184 00371.285 00356.111 00344.995 00333.975 00323.054 00312.235 00301.523 00292.432 00283.793 00275.246 00266.771 00258.426 00250.711 00242.722 00234.131 00225.376 00216.926 00208.543 00200.201 00191.888 00183.291 00172.803 00161.716 00153.178 00145.065 00137.820 00132.351 00127.699 00123.995 00121.247 00120.805 00124.120 00127.445 00131.118 00135.017 00139.535 00144.047 00149.446 00155.027 00160.818 00166.741
-9999.0 -9999.0 -9999.0 -9999.0 -9999.0 -9999.0 -9999.0 -9999.0 -9999.0 -9999.0 -9999.0 -9999.0 -9999.0 -9999.0 -9999.0 -9999.0 -9999.0 -9999.0 -9999.0 00417.094 00398.243 00380.035 00362.520 00350.470 00339.461 00328.551 00317.741 00307.033 00297.044 00288.385 00279.802 00271.759 00263.923 00256.159 00248.472 00240.544 00232.071 00223.612 00215.200 00206.850 00198.735 00190.890 00182.586 00173.318 00164.720 00156.719 00149.702 00144.235 00139.665 00136.182 00133.833 00131.608 00134.322 00137.134 00140.236 00143.728 00147.837 00152.362 00156.914 00162.378 00167.983 00173.776
-9999.0 -9999.0 -9999.0 -9999.0 -9999.0 -9999.0 -9999.0 -9999.0 -9999.0 -9999.0 -9999.0 -9999.0 -9999.0 -9999.0 -9999.0 -9999.0 -9999.0 -9999.0 -9999.0 -9999.0 00407.943 00389.485 00371.669 00356.411 00345.364 00334.408 00323.542 00312.767 00302.095 00293.295 00285.268 00277.308 00269.463 00261.733 00254.145 00246.600 00238.794 00230.319 00221.895 00213.558 00205.660 00197.996 00190.398 00183.761 00176.305 00168.432 00161.637 00156.136 00151.471 00147.917 00145.406 00143.382 00144.034 00146.716 00149.494 00152.841 00156.351 00160.704 00165.247 00169.849 00175.373 00181.054
-9999.0 -9999.0 -9999.0 -9999.0 -9999.0 -9999.0 -9999.0 -9999.0 -9999.0 -9999.0 -9999.0 -9999.0 -9999.0 -9999.0 -9999.0 -9999.0 -9999.0 -9999.0 -9999.0 -9999.0 00418.263 00399.470 00381.303 00363.830 00351.364 00340.597 00329.972 00319.443 00309.013 00298.953 00290.891 00282.981 00275.132 00267.517 00259.998 00252.571 00245.003 00237.048 00228.622 00220.533 00212.697 00205.112 00198.194 00192.250 00186.168 00180.153 00173.615 00168.087 00163.320 00159.742 00157.041 00155.018 00153.855 00156.444 00159.110 00161.980 00165.504 00169.098 00173.621 00178.206 00182.941 00188.874
-9999.0 -9999.0 -9999.0 -9999.0 -9999.0 -9999.0 -9999.0 -9999.0 -9999.0 -9999.0 -9999.0 -9999.0 -9999.0 -9999.0 -9999.0 -9999.0 -9999.0 -9999.0 -9999.0 -9999.0 -9999.0 00410.501 00392.424 00375.037 00358.843 00348.067 00337.382 00326.791 00316.342 00306.008 00296.673 00288.785 00281.100 00273.479 00265.938 00258.453 00251.047 00243.452 00235.512 00227.530 00219.861 00212.255 00206.118 00200.169 00194.596 00189.132 00184.425 00180.070 00175.218 00171.618 00168.736 00166.614 00164.939 00166.327 00168.809 00171.565 00174.686 00178.235 00182.069 00186.543 00191.169 00196.734
-9999.0 -9999.0 -9999.0 -9999.0 -9999.0 -9999.0 -9999.0 -9999.0 -9999.0 -9999.0 -9999.0 -9999.0 -9999.0 -9999.0 -9999.0 -9999.0 -9999.0 -9999.0 -9999.0 -9999.0 -9999.0 -9999.0 00404.889 00387.079 00369.915 00355.686 00345.007 00334.417 00323.917 00313.632 00303.458 00294.869 00287.146 00279.500 00271.918 00264.404 00256.950 00249.697 00242.346 00234.704 00227.055 00220.086 00214.064 00208.157 00202.717 00197.543 00193.433 00189.491 00185.800 00182.862 00180.399 00178.197 00176.629 00176.328 00178.754 00181.176 00183.805 00187.137 00190.541 00194.947 00199.536 00204.629
-9999.0 -9999.0 -9999.0 -9999.0 -9999.0 -9999.0 -9999.0 -9999.0 -9999.0 -9999.0 -9999.0 -9999.0 -9999.0 -9999.0 -9999.0 -9999.0 -9999.0 -9999.0 -9999.0 -9999.0 -9999.0 -9999.0 00417.955 00399.818 00382.281 00365.490 00352.970 00342.450 00332.017 00321.679 00311.452 00301.321 00293.266 00285.571 00277.945 00270.391 00263.135 00255.941 00248.904 00241.806 00234.283 00228.071 00222.036 00216.315 00210.856 00206.109 00201.994 00198.110 00194.965 00192.244 00190.057 00188.204 00186.858 00186.000 00188.148 00190.266 00192.789 00195.886 00199.195 00203.401 00207.930 00212.641
-9999.0 -9999.0 -9999.0 -9999.0 -9999.0 -9999.0 -9999.0 -9999.0 -9999.0 -9999.0 -9999.0 -9999.0 -9999.0 -9999.0 -9999.0 -9999.0 -9999.0 -9999.0 -9999.0 -9999.0 -9999.0 -9999.0 -9999.0 00413.310 00395.605 00378.482 00361.977 00350.721 00340.246 00329.858 00319.560 00309.354 00299.421 00291.702 00284.121 00276.758 00269.455 00262.419 00255.439 00248.469 00242.162 00236.073 00230.041 00224.513 00219.032 00214.702 00210.629 00206.740 00203.842 00201.116 00199.047 00197.331 00196.079 00195.193 00197.144 00199.167 00201.677 00204.633 00207.957 00211.896 00216.354 00221.094
-9999.0 -9999.0 -9999.0 -9999.0 -9999.0 -9999.0 -9999.0 -9999.0 -9999.0 -9999.0 -9999.0 -9999.0 -9999.0 -9999.0 -9999.0 -9999.0 -9999.0 -9999.0 -9999.0 -9999.0 -9999.0 -9999.0 -9999.0 -9999.0 00409.496 00391.937 00375.010 00359.103 00348.566 00338.123 00327.767 00317.500 00307.335 00298.040 00290.588 00283.241 00276.099 00269.018 00261.996 00255.885 00249.884 00243.996 00238.257 00232.747 00227.523 00223.326 00219.305 00215.495 00212.744 00210.007 00208.052 00206.397 00205.174 00204.264 00206.146 00208.157 00210.605 00213.419 00216.758 00220.431 00224.869 00229.574
-9999.0 -9999.0 -9999.0 -9999.0 -9999.0 -9999.0 -9999.0 -9999.0 -9999.0 -9999.0 -9999.0 -9999.0 -9999.0 -9999.0 -9999.0 -9999.0 -9999.0 -9999.0 -9999.0 -9999.0 -9999.0 -9999.0 -9999.0 -9999.0 -9999.0 00405.824 00388.457 00371.637 00356.986 00346.503 00336.266 00326.114 00316.049 00306.075 00297.216 00289.982 00282.827 00275.780 00269.634 00263.547 00257.630 00251.895 00246.427 00240.999 00236.202 00231.981 00228.021 00224.456 00221.686 00219.049 00217.097 00215.501 00214.311 00213.373 00215.204 00217.189 00219.571 00222.245 00225.596 00229.002 00233.457 00238.082
-9999.0 -9999.0 -9999.0 -9999.0 -9999.0 -9999.0 -9999.0 -9999.0 -9999.0 -9999.0 -9999.0 -9999.0 -9999.0 -9999.0 -9999.0 -9999.0 -9999.0 -9999.0 -9999.0 -9999.0 -9999.0 -9999.0 -9999.0 -9999.0 -9999.0 -9999.0 00402.314 00385.353 00369.001 00355.503 00345.195 00335.058 00325.092 00315.211 00305.446 00296.822 00289.834 00283.600 00277.402 00271.413 00265.589 00260.049 00254.567 00249.438 00245.062 00240.740 00236.776 00233.452 00230.671 00228.145 00226.183 00224.647 00223.494 00222.527 00224.316 00226.261 00228.576 00231.156 00234.471 00237.875 00242.988 00249.560
-9999.0 -9999.0 -9999.0 -9999.0 -9999.0 -9999.0 -9999.0 -9999.0 -9999.0 -9999.0 -9999.0 -9999.0 -9999.0 -9999.0 -9999.0 -9999.0 -9999.0 -9999.0 -9999.0 -9999.0 -9999.0 -9999.0 -9999.0 -9999.0 -9999.0 -9999.0 00417.456 00400.061 00383.230 00367.303 00354.594 00344.483 00334.516 00324.615 00314.780 00305.707 00297.747 00291.482 00285.399 00279.485 00273.872 00268.302 00262.988 00258.514 00254.085 00249.929 00245.823 00242.720 00239.697 00237.282 00235.311 00233.834 00232.722 00231.762 00233.478 00235.374 00237.621 00240.290 00244.710 00249.458 00255.435 00262.063
-9999.0 -9999.0 -9999.0 -9999.0 -9999.0 -9999.0 -9999.0 -9999.0 -9999.0 -9999.0 -9999.0 -9999.0 -9999.0 -9999.0 -9999.0 -9999.0 -9999.0 -9999.0 -9999.0 -9999.0 -9999.0 -9999.0 -9999.0 -9999.0 -9999.0 -9999.0 -9999.0 00415.610 00398.649 00382.263 00366.564 00354.202 00344.149 00334.952 00325.884 00316.894 00308.073 00299.585 00293.597 00287.882 00282.264 00276.731 00272.199 00267.679 00263.422 00259.229 00255.797 00252.675 00249.620 00247.332 00245.152 00243.574 00242.371 00241.276 00243.539 00246.032 00249.077 00252.628 00257.190 00262.046 00268.056 00274.731
-9999.0 -9999.0 -9999.0 -9999.0 -9999.0 -9999.0 -9999.0 -9999.0 -9999.0 -9999.0 -9999.0 -9999.0 -9999.0 -9999.0 -9999.0 -9999.0 -9999.0 -9999.0 -9999.0 -9999.0 -9999.0 -9999.0 -9999.0 -9999.0 -9999.0 -9999.0 -9999.0 -9999.0 00414.814 00398.105 00381.841 00367.339 00355.619 00346.395 00337.305 00328.435 00319.627 00311.241 00303.011 00296.409 00290.753 00286.075 00281.494 00277.098 00272.867 00269.073 00265.872 00262.784 00260.125 00257.845 00255.998 00254.538 00253.473 00253.514 00255.724 00258.325 00261.540 00265.139 00269.854 00274.804 00280.870 00287.559
-9999.0 -9999.0 -9999.0 -9999.0 -9999.0 -9999.0 -9999.0 -9999.0 -9999.0 -9999.0 -9999.0 -9999.0 -9999.0 -9999.0 -9999.0 -9999.0 -9999.0 -9999.0 -9999.0 -9999.0 -9999.0 -9999.0 -9999.0 -9999.0 -9999.0 -9999.0 -9999.0 -9999.0 -9999.0 00415.080 00399.865 00385.112 00370.771 00358.171 00349.155 00340.404 00331.955 00323.603 00315.379 00307.199 00300.228 00295.502 00290.984 00286.685 00282.571 00279.295 00276.122 00273.119 00270.801 00268.596 00266.979 00265.789 00264.753 00265.878 00268.044 00270.808 00274.176 00277.868 00282.701 00287.726 00293.850 00300.867
-9999.0 -9999.0 -9999.0 -9999.0 -9999.0 -9999.0 -9999.0 -9999.0 -9999.0 -9999.0 -9999.0 -9999.0 -9999.0 -9999.0 -9999.0 -9999.0 -9999.0 -9999.0 -9999.0 -9999.0 -9999.0 -9999.0 -9999.0 -9999.0 -9999.0 -9999.0 -9999.0 -9999.0 -9999.0 -9999.0 00418.813 00403.607 00389.247 00375.259 00362.386 00353.025 00344.603 00336.243 00328.282 00321.236 00314.280 00307.490 00301.048 00296.370 00292.928 00289.646 00286.500 00283.941 00281.600 00279.740 00278.217 00277.210 00276.244 00278.346 00280.567 00283.460 00286.974 00290.836 00295.707 00301.249 00310.235 00320.247
-9999.0 -9999.0 -9999.0 -9999.0 -9999.0 -9999.0 -9999.0 -9999.0 -9999.0 -9999.0 -9999.0 -9999.0 -9999.0 -9999.0 -9999.0 -9999.0 -9999.0 -9999.0 -9999.0 -9999.0 -9999.0 -9999.0 -9999.0 -9999.0 -9999.0 -9999.0 -9999.0 -9999.0 -9999.0 -9999.0 -9999.0 -9999.0 00408.492 00394.779 00381.437 00368.739 00357.478 00349.814 00342.617 00335.537 00328.676 00322.127 00315.612 00310.170 00305.097 00300.261 00297.247 00294.882 00292.680 00291.008 00289.771 00288.816 00288.843 00290.960 00293.344 00296.268 00299.951 00305.937 00313.313 00321.084 00329.801 00339.971
-9999.0 -9999.0 -9999.0 -9999.0 -9999.0 -9999.0 -9999.0 -9999.0 -9999.0 -9999.0 -9999.0 -9999.0 -9999.0 -9999.0 -9999.0 -9999.0 -9999.0 -9999.0 -9999.0 -9999.0 -9999.0 -9999.0 -9999.0 -9999.0 -9999.0 -9999.0 -9999.0 -9999.0 -9999.0 -9999.0 -9999.0 -9999.0 -9999.0 00415.159 00401.611 00388.388 00376.814 00366.209 00357.168 00350.247 00343.597 00336.973 00331.392 00326.193 00321.234 00316.421 00312.739 00309.069 00306.278 00303.855 00302.242 00300.926 00302.466 00305.712 00309.570 00314.113 00319.848 00325.897 00333.386 00341.261 00349.705 00360.005
-9999.0 -9999.0 -9999.0 -9999.0 -9999.0 -9999.0 -9999.0 -9999.0 -9999.0 -9999.0 -9999.0 -9999.0 -9999.0 -9999.0 -9999.0 -9999.0 -9999.0 -9999.0 -9999.0 -9999.0 -9999.0 -9999.0 -9999.0 -9999.0 -9999.0 -9999.0 -9999.0 -9999.0 -9999.0 -9999.0 -9999.0 -9999.0 -9999.0 -9999.0 -9999.0 00410.026 00398.635 00387.690 00377.299 00367.640 00358.725 00352.989 00347.680 00342.587 00337.649 00333.651 00329.910 00326.678 00324.029 00322.093 00320.647 00319.410 00322.267 00325.570 00329.618 00334.281 00340.123 00346.205 00353.799 00361.866 00370.552 00380.969
-9999.0 -9999.0 -9999.0 -9999.0 -9999.0 -9999.0 -9999.0 -9999.0 -9999.0 -9999.0 -9999.0 -9999.0 -9999.0 -9999.0 -9999.0 -9999.0 -9999.0 -9999.0 -9999.0 -9999.0 -9999.0 -9999.0 -9999.0 -9999.0 -9999.0 -9999.0 -9999.0 -9999.0 -9999.0 -9999.0 -9999.0 -9999.0 -9999.0 -9999.0 -9999.0 -9999.0 -9999.0 00410.175 00399.849 00389.818 00380.624 00373.085 00365.848 00359.286 00354.938 00351.113 00347.434 00344.741 00342.313 00340.616 00339.438 00339.401 00342.361 00345.774 00350.009 00354.794 00360.809 00367.428 00375.661 00384.223 00393.353 00402.944
-9999.0 -9999.0 -9999.0 -9999.0 -9999.0 -9999.0 -9999.0 -9999.0 -9999.0 -9999.0 -9999.0 -9999.0 -9999.0 -9999.0 -9999.0 -9999.0 -9999.0 -9999.0 -9999.0 -9999.0 -9999.0 -9999.0 -9999.0 -9999.0 -9999.0 -9999.0 -9999.0 -9999.0 -9999.0 -9999.0 -9999.0 -9999.0 -9999.0 -9999.0 -9999.0 -9999.0 -9999.0 -9999.0 -9999.0 00413.069 00404.645 00396.738 00389.374 00382.231 00376.919 00371.745 00367.513 00363.972 00361.457 00359.694 00358.577 00359.835 00363.203 00367.262 00372.131 00377.616 00384.190 00391.127 00398.970 00407.852 00417.216 -9999.0
-9999.0 -9999.0 -9999.0 -9999.0 -9999.0 -9999.0 -9999.0 -9999.0 -9999.0 -9999.0 -9999.0 -9999.0 -9999.0 -9999.0 -9999.0 -9999.0 -9999.0 -9999.0 -9999.0 -9999.0 -9999.0 -9999.0 -9999.0 -9999.0 -9999.0 -9999.0 -9999.0 -9999.0 -9999.0 -9999.0 -9999.0 -9999.0 -9999.0 -9999.0 -9999.0 -9999.0 -9999.0 -9999.0 -9999.0 -9999.0 -9999.0 -9999.0 00414.061 00407.272 00401.656 00396.310 00392.200 00388.489 00386.091 00384.282 00382.886 00384.274 00387.742 00391.788 00396.587 00402.316 00408.756 00415.988 -9999.0 -9999.0 -9999.0 -9999.0
-9999.0 -9999.0 -9999.0 -9999.0 -9999.0 -9999.0 -9999.0 -9999.0 -9999.0 -9999.0 -9999.0 -9999.0 -9999.0 -9999.0 -9999.0 -9999.0 -9999.0 -9999.0 -9999.0 -9999.0 -9999.0 -9999.0 -9999.0 -9999.0 -9999.0 -9999.0 -9999.0 -9999.0 -9999.0 -9999.0 -9999.0 -9999.0 -9999.0 -9999.0 -9999.0 -9999.0 -9999.0 -9999.0 -9999.0 -9999.0 -9999.0 -9999.0 -9999.0 -9999.0 -9999.0 -9999.0 00418.214 00414.421 00411.999 00410.219 00408.889 00409.984 00413.553 00417.612 -9999.0 -9999.0 -9999.0 -9999.0 -9999.0 -9999.0 -9999.0 -9999.0
-9999.0 -9999.0 -9999.0 -9999.0 -9999.0 -9999.0 -9999.0 -9999.0 -9999.0 -9999.0 -9999.0 -9999.0 -9999.0 -9999.0 -9999.0 -9999.0 -9999.0 -9999.0 -9999.0 -9999.0 -9999.0 -9999.0 -9999.0 -9999.0 -9999.0 -9999.0 -9999.0 -9999.0 -9999.0 -9999.0 -9999.0 -9999.0 -9999.0 -9999.0 -9999.0 -9999.0 -9999.0 -9999.0 -9999.0 -9999.0 -9999.0 -9999.0 -9999.0 -9999.0 -9999.0 -9999.0 -9999.0 -9999.0 -9999.0 -9999.0 -9999.0 -9999.0 -9999.0 -9999.0 -9999.0 -9999.0 -9999.0 -9999.0 -9999.0 -9999.0 -9999.0 -9999.0
