examples/flatland/Outputs/centerIgnit/d_otherRAWS/flatland_centerIgnit_clockwise1hr_otherRAWS_atmRAWS/flatland_centerIgnit_clockwise1hr_otherRAWS_atmRAWS_SpreadRate.asc
NCOLS 100
NROWS 100
XLLCORNER 20000.000000
YLLCORNER 20000.000000
CELLSIZE 30.000000
NODATA_VALUE -9999.0
[rows 32 to 63 of 100, columns 0 to 71 of 100]
-9999.0 -9999.0 -9999.0 -9999.0 -9999.0 -9999.0 -9999.0 -9999.0 -9999.0 -9999.0 -9999.0 -9999.0 -9999.0 -9999.0 -9999.0 -9999.0 -9999.0 -9999.0 -9999.0 -9999.0 02.15 02.21 02.28 02.35 02.70 02.91 02.93 02.95 02.97 02.99 02.99 02.60 02.38 02.39 02.41 02.43 02.42 02.04 01.60 01.60 01.59 01.58 01.46 01.48 01.50 01.53 01.55 01.86 02.44 02.61 02.78 02.93 03.03 02.76 02.17 02.16 02.20 02.25 02.29 02.31 02.34 02.36 01.59 01.59 01.59 01.58 01.46 01.37 01.35 01.33 01.70 01.69
-9999.0 -9999.0 -9999.0 -9999.0 -9999.0 -9999.0 -9999.0 -9999.0 -9999.0 -9999.0 -9999.0 -9999.0 -9999.0 -9999.0 -9999.0 -9999.0 -9999.0 -9999.0 -9999.0 02.08 02.16 02.23 02.30 02.50 02.90 02.92 02.94 02.96 02.98 02.99 02.77 02.40 02.42 02.44 02.46 02.47 02.26 01.63 01.63 01.63 01.62 01.45 01.47 01.48 01.51 01.73 02.26 02.34 02.44 02.66 02.86 03.02 03.08 03.13 03.18 02.94 02.29 02.34 02.38 02.39 02.42 02.45 02.46 01.62 01.61 01.60 01.60 01.43 01.37 01.35 01.32 01.68
-9999.0 -9999.0 -9999.0 -9999.0 -9999.0 -9999.0 -9999.0 -9999.0 -9999.0 -9999.0 -9999.0 -9999.0 -9999.0 -9999.0 -9999.0 -9999.0 -9999.0 -9999.0 -9999.0 02.08 02.16 02.25 02.32 02.82 02.91 02.94 02.96 02.98 02.99 02.95 02.44 02.44 02.46 02.48 02.50 02.48 01.65 01.66 01.66 01.66 01.46 01.45 01.47 01.49 01.94 02.17 02.25 02.33 02.45 02.73 02.96 03.06 03.12 03.19 03.23 03.27 03.31 02.64 02.45 02.46 02.48 02.49 02.49 02.49 01.63 01.62 01.61 01.60 01.39 01.37 01.34 01.34
-9999.0 -9999.0 -9999.0 -9999.0 -9999.0 -9999.0 -9999.0 -9999.0 -9999.0 -9999.0 -9999.0 -9999.0 -9999.0 -9999.0 -9999.0 -9999.0 -9999.0 -9999.0 01.99 02.08 02.16 02.25 02.55 02.91 02.93 02.95 02.97 02.99 02.99 02.62 02.44 02.47 02.49 02.52 02.52 01.92 01.67 01.68 01.69 01.55 01.44 01.45 01.47 01.99 02.06 02.15 02.23 02.37 02.58 02.79 02.95 03.10 03.17 03.23 03.27 03.31 03.34 03.35 02.68 02.52 02.52 02.52 02.52 02.51 02.44 01.63 01.62 01.62 01.61 01.39 01.36 01.33
-9999.0 -9999.0 -9999.0 -9999.0 -9999.0 -9999.0 -9999.0 -9999.0 -9999.0 -9999.0 -9999.0 -9999.0 -9999.0 -9999.0 -9999.0 -9999.0 -9999.0 -9999.0 02.01 02.08 02.16 02.25 02.88 02.92 02.94 02.96 02.98 02.99 02.81 02.46 02.48 02.50 02.52 02.53 02.26 01.68 01.69 01.70 01.70 01.44 01.45 01.46 01.75 01.94 02.03 02.11 02.22 02.37 02.64 02.88 03.07 03.16 03.23 03.27 03.31 03.33 03.35 03.36 03.37 02.65 02.54 02.54 02.53 02.52 02.52 02.32 01.64 01.64 01.63 01.62 01.38 01.35
-9999.0 -9999.0 -9999.0 -9999.0 -9999.0 -9999.0 -9999.0 -9999.0 -9999.0 -9999.0 -9999.0 -9999.0 -9999.0 -9999.0 -9999.0 -9999.0 -9999.0 -9999.0 02.02 02.09 02.16 02.47 02.90 02.93 02.95 02.97 02.99 03.00 02.54 02.50 02.52 02.54 02.56 02.54 01.68 01.70 01.71 01.71 01.43 01.44 01.45 01.54 01.88 01.93 02.00 02.09 02.20 02.82 03.38 03.21 03.18 03.21 03.26 03.31 03.33 03.35 03.37 03.37 03.37 03.35 02.56 02.55 02.56 02.55 02.55 02.55 02.12 01.67 01.67 01.66 01.58 01.37
-9999.0 -9999.0 -9999.0 -9999.0 -9999.0 -9999.0 -9999.0 -9999.0 -9999.0 -9999.0 -9999.0 -9999.0 -9999.0 -9999.0 -9999.0 -9999.0 -9999.0 01.94 02.02 02.09 02.17 02.77 02.90 02.93 02.96 02.98 02.99 02.76 02.52 02.54 02.56 02.58 02.58 02.06 01.71 01.72 01.73 01.58 01.44 01.45 01.46 01.84 01.86 01.90 01.97 02.24 03.17 03.25 03.37 03.29 03.23 03.19 03.27 03.33 03.36 03.37 03.37 03.37 03.37 03.37 03.27 02.60 02.61 02.61 02.60 02.62 02.63 01.88 01.71 01.71 01.70 01.38
-9999.0 -9999.0 -9999.0 -9999.0 -9999.0 -9999.0 -9999.0 -9999.0 -9999.0 -9999.0 -9999.0 -9999.0 -9999.0 -9999.0 -9999.0 -9999.0 -9999.0 01.94 02.01 02.09 02.22 02.88 02.91 02.93 02.96 02.98 02.98 02.55 02.56 02.59 02.61 02.65 02.55 01.74 01.75 01.76 01.75 01.43 01.44 01.45 01.75 01.83 01.84 01.86 02.09 03.03 03.13 03.23 03.36 03.26 03.19 03.10 03.08 03.31 03.36 03.37 03.37 03.37 03.38 03.38 03.39 03.16 02.68 02.66 02.69 02.71 02.71 02.71 01.76 01.75 01.74 01.72
-9999.0 -9999.0 -9999.0 -9999.0 -9999.0 -9999.0 -9999.0 -9999.0 -9999.0 -9999.0 -9999.0 -9999.0 -9999.0 -9999.0 -9999.0 -9999.0 -9999.0 01.94 02.01 02.09 02.50 02.89 02.91 02.94 02.96 02.98 02.83 02.61 02.63 02.65 02.68 02.68 02.07 01.79 01.80 01.81 01.53 01.44 01.45 01.48 01.81 01.83 01.83 01.84 02.87 02.96 03.06 03.17 03.34 03.21 03.13 03.04 02.97 03.05 03.34 03.36 03.37 03.38 03.38 03.39 03.40 03.40 02.95 02.78 02.78 02.78 02.78 02.77 02.14 01.79 01.78 01.76
-9999.0 -9999.0 -9999.0 -9999.0 -9999.0 -9999.0 -9999.0 -9999.0 -9999.0 -9999.0 -9999.0 -9999.0 -9999.0 -9999.0 -9999.0 -9999.0 -9999.0 01.93 02.00 02.08 02.77 02.89 02.91 02.94 02.97 02.98 02.71 02.66 02.69 02.72 02.73 02.72 01.81 01.83 01.85 01.84 01.44 01.45 01.46 01.76 01.78 01.82 01.83 02.54 02.82 02.88 02.99 03.10 03.32 03.18 03.07 02.98 02.94 02.95 03.08 03.35 03.37 03.39 03.39 03.40 03.40 03.40 03.31 02.84 02.85 02.84 02.84 02.83 02.82 01.83 01.82 01.80
-9999.0 -9999.0 -9999.0 -9999.0 -9999.0 -9999.0 -9999.0 -9999.0 -9999.0 -9999.0 -9999.0 -9999.0 -9999.0 -9999.0 -9999.0 -9999.0 01.84 01.93 02.00 02.08 02.86 02.89 02.91 02.94 02.97 02.93 02.65 02.69 02.72 02.75 02.77 02.43 01.86 01.87 01.89 01.78 01.45 01.46 01.47 01.71 01.75 01.79 02.03 02.81 02.80 02.80 02.90 03.06 03.29 03.13 03.01 02.93 02.93 02.94 02.94 03.10 03.36 03.39 03.40 03.40 03.39 03.39 03.38 03.03 02.91 02.90 02.89 02.88 02.87 02.03 01.85 01.84
-9999.0 -9999.0 -9999.0 -9999.0 -9999.0 -9999.0 -9999.0 -9999.0 -9999.0 -9999.0 -9999.0 -9999.0 -9999.0 -9999.0 -9999.0 -9999.0 01.84 01.92 01.99 02.22 02.85 02.88 02.91 02.94 02.96 02.84 02.70 02.72 02.76 02.79 02.79 02.10 01.90 01.92 01.93 01.56 01.46 01.47 01.59 01.68 01.71 01.75 02.75 02.79 02.79 02.78 02.79 02.89 03.25 03.01 02.93 02.91 02.92 02.93 02.92 02.84 03.14 03.37 03.39 03.39 03.39 03.38 03.36 03.21 02.96 02.95 02.95 02.94 02.93 02.61 01.90 01.88
-9999.0 -9999.0 -9999.0 -9999.0 -9999.0 -9999.0 -9999.0 -9999.0 -9999.0 -9999.0 -9999.0 -9999.0 -9999.0 -9999.0 -9999.0 -9999.0 01.83 01.90 01.98 02.41 02.85 02.87 02.90 02.93 02.95 02.78 02.74 02.77 02.80 02.83 02.83 01.91 01.93 01.95 01.96 01.46 01.47 01.48 01.63 01.65 01.67 02.00 02.67 02.76 02.78 02.77 02.76 02.75 -9999.0 -9999.00 02.89 02.90 02.91 02.92 02.86 02.77 02.79 03.35 03.38 03.38 03.35 03.33 03.31 03.30 03.06 03.05 03.03 03.02 03.00 02.96 01.94 01.92
-9999.0 -9999.0 -9999.0 -9999.0 -9999.0 -9999.0 -9999.0 -9999.0 -9999.0 -9999.0 -9999.0 -9999.0 -9999.0 -9999.0 -9999.0 -9999.0 01.82 01.89 01.96 02.57 02.84 02.87 02.90 02.93 02.95 02.75 02.78 02.81 02.84 02.88 02.74 01.95 01.97 01.99 02.00 01.47 01.48 01.49 01.60 01.62 01.64 02.46 02.58 02.66 02.77 02.76 02.75 -9999.00 -9999.0 -9999.0 -9999.00 02.89 02.90 02.88 02.77 02.71 02.57 03.05 03.32 03.31 03.28 03.27 03.25 03.21 03.20 03.18 03.15 03.12 03.10 03.06 02.01 01.97
-9999.0 -9999.0 -9999.0 -9999.0 -9999.0 -9999.0 -9999.0 -9999.0 -9999.0 -9999.0 -9999.0 -9999.0 -9999.0 -9999.0 -9999.0 -9999.0 01.80 01.87 01.95 02.72 02.83 02.86 02.89 02.92 02.92 02.77 02.81 02.84 02.88 02.90 02.58 01.99 02.01 02.04 02.05 01.49 01.51 01.52 01.55 01.57 01.58 02.35 02.48 02.50 02.68 02.76 -9999.00 -9999.0 -9999.0 -9999.0 -9999.0 -9999.00 02.89 02.82 02.60 02.54 02.40 02.56 03.20 03.20 03.18 03.16 03.15 03.11 03.29 03.26 03.23 03.20 03.17 03.16 02.35 02.08
-9999.0 -9999.0 -9999.0 -9999.0 -9999.0 -9999.0 -9999.0 -9999.0 -9999.0 -9999.0 -9999.0 -9999.0 -9999.0 -9999.0 -9999.0 -9999.0 01.78 01.85 01.93 02.79 02.82 02.85 02.88 02.91 02.89 02.80 02.84 02.87 02.91 02.92 02.45 02.03 02.05 02.08 02.04 01.53 01.55 01.58 01.51 01.51 01.52 02.17 02.25 02.30 02.49 02.74 -9999.0 -9999.0 -9999.0 -9999.0 -9999.0 -9999.0 -9999.00 02.63 02.41 02.29 02.19 02.51 03.03 03.05 03.05 03.06 03.06 03.13 03.31 03.31 03.29 03.27 03.23 03.21 02.33 02.20
-9999.0 -9999.0 -9999.0 -9999.0 -9999.0 -9999.0 -9999.0 -9999.0 -9999.0 -9999.0 -9999.0 -9999.0 -9999.0 -9999.0 -9999.0 -9999.0 01.75 01.83 01.91 02.78 02.81 02.84 02.87 02.90 02.87 02.83 02.87 02.90 02.94 02.95 02.39 02.08 02.13 02.20 02.10 01.57 01.60 01.64 01.49 01.48 01.47 01.99 01.99 02.08 02.16 -9999.00 -9999.0 -9999.0 -9999.0 -9999.0 -9999.0 -9999.0 -9999.00 02.32 02.15 02.01 01.98 02.73 02.98 02.99 02.99 02.99 02.99 03.18 03.33 03.32 03.31 03.29 03.27 03.25 02.32 02.28
-9999.0 -9999.0 -9999.0 -9999.0 -9999.0 -9999.0 -9999.0 -9999.0 -9999.0 -9999.0 -9999.0 -9999.0 -9999.0 -9999.0 -9999.0 -9999.0 01.71 01.78 01.87 02.76 02.79 02.82 02.85 02.88 02.86 02.86 02.90 02.94 02.98 03.00 02.40 02.18 02.24 02.32 02.32 01.60 01.64 01.67 01.56 01.47 01.46 01.56 01.82 01.85 01.84 -9999.00 -9999.0 -9999.0 -9999.0 -9999.0 -9999.0 -9999.0 -9999.0 01.87 01.90 01.86 01.89 02.85 02.91 02.91 02.92 02.92 02.92 03.28 03.35 03.34 03.32 03.30 03.29 03.27 02.36 02.31
-9999.0 -9999.0 -9999.0 -9999.0 -9999.0 -9999.0 -9999.0 -9999.0 -9999.0 -9999.0 -9999.0 -9999.0 -9999.0 -9999.0 -9999.0 -9999.0 01.66 01.74 01.82 02.72 02.75 02.78 02.82 02.86 02.86 02.88 02.93 02.99 03.03 03.05 02.47 02.26 02.33 02.39 02.40 01.72 01.66 01.68 01.71 01.46 01.46 01.46 01.76 01.74 01.71 01.67 -9999.00 -9999.0 -9999.0 -9999.0 -9999.0 -9999.0 -9999.00 01.73 01.77 01.80 02.33 02.79 02.83 02.84 02.85 02.85 02.99 03.36 03.36 03.35 03.33 03.32 03.30 03.00 02.39 02.35
-9999.0 -9999.0 -9999.0 -9999.0 -9999.0 -9999.0 -9999.0 -9999.0 -9999.0 -9999.0 -9999.0 -9999.0 -9999.0 -9999.0 -9999.0 -9999.0 01.62 01.68 01.76 02.67 02.70 02.74 02.77 02.80 02.87 02.94 02.99 03.02 03.06 03.09 02.72 02.34 02.38 02.42 02.46 02.10 01.67 01.70 01.74 01.53 01.46 01.46 01.46 01.70 01.69 01.67 01.66 -9999.0 -9999.0 -9999.0 -9999.0 -9999.00 01.72 01.73 01.74 01.87 02.67 02.73 02.75 02.76 02.77 02.79 03.21 03.37 03.37 03.36 03.34 03.33 03.31 02.75 02.43 02.39
-9999.0 -9999.0 -9999.0 -9999.0 -9999.0 -9999.0 -9999.0 -9999.0 -9999.0 -9999.0 -9999.0 -9999.0 -9999.0 -9999.0 -9999.0 -9999.0 01.58 01.64 01.71 02.48 02.65 02.68 02.71 02.74 02.84 02.99 03.02 03.05 03.09 03.12 02.94 02.37 02.41 02.46 02.50 02.50 01.69 01.72 01.76 01.79 01.46 01.46 01.47 01.52 01.69 01.68 01.67 -9999.00 -9999.0 -9999.0 -9999.0 01.71 01.72 01.73 01.75 02.54 02.70 02.70 02.70 02.71 02.72 02.96 03.36 03.38 03.37 03.36 03.35 03.33 03.31 02.51 02.46 02.42
-9999.0 -9999.0 -9999.0 -9999.0 -9999.0 -9999.0 -9999.0 -9999.0 -9999.0 -9999.0 -9999.0 -9999.0 -9999.0 -9999.0 -9999.0 -9999.0 01.53 01.61 01.67 02.19 02.62 02.65 02.67 02.70 02.78 03.00 03.03 03.06 03.10 03.14 03.14 02.39 02.44 02.49 02.53 02.55 01.99 01.74 01.80 01.83 01.74 01.47 01.47 01.47 01.61 01.69 01.68 01.65 -9999.00 -9999.0 -9999.00 01.68 01.71 01.73 02.18 02.67 02.70 02.70 02.70 02.70 02.75 03.31 03.38 03.38 03.37 03.36 03.35 03.33 03.05 02.54 02.49 02.45
-9999.0 -9999.0 -9999.0 -9999.0 -9999.0 -9999.0 -9999.0 -9999.0 -9999.0 -9999.0 -9999.0 -9999.0 -9999.0 -9999.0 -9999.0 -9999.0 -9999.0 01.58 01.64 01.84 02.60 02.62 02.64 02.67 02.70 02.98 03.03 03.07 03.10 03.14 03.15 02.64 02.46 02.51 02.55 02.60 02.57 01.77 01.82 01.85 01.88 01.63 01.47 01.47 01.47 01.65 01.63 01.59 01.53 -9999.00 01.54 01.61 01.65 01.81 02.56 02.63 02.66 02.67 02.68 02.69 03.12 03.37 03.38 03.37 03.36 03.35 03.34 03.33 02.73 02.58 02.53 02.48
-9999.0 -9999.0 -9999.0 -9999.0 -9999.0 -9999.0 -9999.0 -9999.0 -9999.0 -9999.0 -9999.0 -9999.0 -9999.0 -9999.0 -9999.0 -9999.0 -9999.0 01.54 01.60 01.67 02.57 02.59 02.61 02.64 02.66 02.92 03.04 03.07 03.10 03.14 03.16 02.93 02.49 02.53 02.58 02.63 02.66 02.17 01.82 01.86 01.88 01.88 01.51 01.47 01.48 01.49 01.58 01.54 01.50 01.44 01.51 01.55 01.72 02.41 02.50 02.54 02.59 02.61 02.63 02.91 03.35 03.38 03.37 03.36 03.35 03.35 03.34 03.05 02.68 02.61 02.56 02.51
-9999.0 -9999.0 -9999.0 -9999.0 -9999.0 -9999.0 -9999.0 -9999.0 -9999.0 -9999.0 -9999.0 -9999.0 -9999.0 -9999.0 -9999.0 -9999.0 -9999.0 01.50 01.56 01.62 02.41 02.56 02.58 02.61 02.63 02.81 03.04 03.07 03.10 03.13 03.17 03.17 02.57 02.56 02.61 02.66 02.71 02.74 01.97 01.86 01.88 01.89 01.89 01.47 01.48 01.50 01.52 01.54 01.50 01.45 01.50 01.94 02.25 02.35 02.40 02.45 02.51 02.55 02.69 03.34 03.37 03.37 03.36 03.36 03.35 03.34 03.27 02.74 02.70 02.65 02.59 02.54
-9999.0 -9999.0 -9999.0 -9999.0 -9999.0 -9999.0 -9999.0 -9999.0 -9999.0 -9999.0 -9999.0 -9999.0 -9999.0 -9999.0 -9999.0 -9999.0 -9999.0 -9999.0 01.52 01.58 01.91 02.53 02.55 02.57 02.60 02.66 03.02 03.06 03.10 03.13 03.17 03.18 02.88 02.59 02.63 02.68 02.75 02.79 02.69 01.86 01.87 01.89 01.91 01.94 01.48 01.51 01.53 01.56 01.63 01.75 01.92 02.08 02.18 02.24 02.29 02.34 02.39 02.57 03.18 03.34 03.36 03.36 03.35 03.35 03.34 03.33 02.91 02.74 02.71 02.68 02.62 02.57
-9999.0 -9999.0 -9999.0 -9999.0 -9999.0 -9999.0 -9999.0 -9999.0 -9999.0 -9999.0 -9999.0 -9999.0 -9999.0 -9999.0 -9999.0 -9999.0 -9999.0 -9999.0 01.48 01.54 01.60 02.49 02.51 02.53 02.55 02.58 02.91 03.06 03.09 03.12 03.15 03.18 03.18 02.65 02.66 02.71 02.77 02.80 02.81 02.52 01.87 01.89 01.92 01.98 02.02 01.59 01.55 01.57 01.61 01.72 01.86 02.02 02.12 02.17 02.22 02.26 02.61 03.24 03.29 03.32 03.34 03.34 03.34 03.34 03.33 03.10 02.76 02.74 02.72 02.69 02.65 02.57
-9999.0 -9999.0 -9999.0 -9999.0 -9999.0 -9999.0 -9999.0 -9999.0 -9999.0 -9999.0 -9999.0 -9999.0 -9999.0 -9999.0 -9999.0 -9999.0 -9999.0 -9999.0 01.43 01.50 01.56 02.19 02.47 02.49 02.51 02.53 02.70 03.05 03.08 03.11 03.14 03.17 03.19 02.95 02.68 02.74 02.77 02.80 02.82 02.80 02.34 01.89 01.93 02.01 02.08 02.14 01.95 01.58 01.62 01.67 01.80 01.94 02.05 02.11 02.30 02.86 03.19 03.25 03.28 03.30 03.31 03.32 03.32 03.32 03.25 02.79 02.76 02.73 02.72 02.69 02.66 01.76
-9999.0 -9999.0 -9999.0 -9999.0 -9999.0 -9999.0 -9999.0 -9999.0 -9999.0 -9999.0 -9999.0 -9999.0 -9999.0 -9999.0 -9999.0 -9999.0 -9999.0 -9999.0 -9999.0 01.46 01.51 01.57 02.43 02.45 02.47 02.49 02.51 02.95 03.07 03.10 03.13 03.16 03.18 03.19 02.84 02.75 02.77 02.80 02.82 02.83 02.82 02.23 01.95 02.03 02.09 02.17 02.26 02.31 02.25 02.01 01.88 01.95 02.38 02.83 03.08 03.14 03.19 03.22 03.25 03.27 03.28 03.29 03.30 03.30 02.92 02.80 02.76 02.73 02.71 02.70 02.37 01.70
-9999.0 -9999.0 -9999.0 -9999.0 -9999.0 -9999.0 -9999.0 -9999.0 -9999.0 -9999.0 -9999.0 -9999.0 -9999.0 -9999.0 -9999.0 -9999.0 -9999.0 -9999.0 -9999.0 01.40 01.46 01.52 02.21 02.42 02.44 02.46 02.48 02.66 03.06 03.08 03.11 03.14 03.16 03.18 03.13 02.77 02.77 02.79 02.81 02.83 02.86 02.86 02.23 02.03 02.10 02.16 02.25 02.33 02.41 02.49 02.58 02.76 02.92 03.03 03.08 03.12 03.16 03.18 03.22 03.24 03.25 03.26 03.27 03.06 02.88 02.82 02.77 02.74 02.71 02.69 01.73 01.69
-9999.0 -9999.0 -9999.0 -9999.0 -9999.0 -9999.0 -9999.0 -9999.0 -9999.0 -9999.0 -9999.0 -9999.0 -9999.0 -9999.0 -9999.0 -9999.0 -9999.0 -9999.0 -9999.0 -9999.0 01.43 01.48 01.53 02.39 02.40 02.42 02.43 02.44 02.91 03.07 03.09 03.12 03.14 03.17 03.18 03.05 02.77 02.78 02.80 02.84 02.87 02.92 02.94 02.42 02.10 02.16 02.24 02.33 02.40 02.47 02.54 02.71 02.88 03.01 03.04 03.08 03.11 03.14 03.17 03.21 03.22 03.21 03.06 02.96 02.89 02.83 02.78 02.74 02.71 01.94 01.71 01.68
-9999.0 -9999.0 -9999.0 -9999.0 -9999.0 -9999.0 -9999.0 -9999.0 -9999.0 -9999.0 -9999.0 -9999.0 -9999.0 -9999.0 -9999.0 -9999.0 -9999.0 -9999.0 -9999.0 -9999.0 01.37 01.43 01.47 02.04 02.34 02.35 02.37 02.38 02.48 03.04 03.07 03.10 03.12 03.14 03.17 03.18 02.98 02.78 02.81 02.84 02.88 02.94 03.00 03.01 02.72 02.17 02.23 02.32 02.39 02.45 02.52 02.65 02.81 02.93 03.01 03.04 03.07 03.10 03.13 03.16 03.17 03.07 03.02 02.97 02.89 02.84 02.80 02.76 02.43 01.73 01.70 01.67
