examples/flatland/Outputs/centerIgnit/d_otherRAWS/flatland_centerIgnit_clockwise1hr_otherRAWS_atmRAWS/flatland_centerIgnit_clockwise1hr_otherRAWS_atmRAWS_ArrivalTime.asc
NCOLS 100
NROWS 100
XLLCORNER 20000.000000
YLLCORNER 20000.000000
CELLSIZE 30.000000
NODATA_VALUE -9999.0
[rows 28 to 55 of 100, columns 0 to 61 of 100]
-9999.0 -9999.0 -9999.0 -9999.0 -9999.0 -9999.0 -9999.0 -9999.0 -9999.0 -9999.0 -9999.0 -9999.0 -9999.0 -9999.0 -9999.0 -9999.0 -9999.0 -9999.0 -9999.0 -9999.0 -9999.0 -9999.0 00415.136 00403.658 00392.580 00381.766 00371.692 00361.951 00353.573 00345.585 00337.707 00329.891 00322.350 00315.514 00308.577 00301.310 00292.595 00283.791 00275.244 00266.784 00258.396 00250.382 00242.476 00232.887 00223.049 00213.385 00205.723 00198.096 00191.726 00186.057 00181.290 00178.511 00180.941 00184.014 00187.963 00193.320 00198.973 00206.458 00214.606 00223.262 00232.413 00243.428
-9999.0 -9999.0 -9999.0 -9999.0 -9999.0 -9999.0 -9999.0 -9999.0 -9999.0 -9999.0 -9999.0 -9999.0 -9999.0 -9999.0 -9999.0 -9999.0 -9999.0 -9999.0 -9999.0 -9999.0 -9999.0 00419.249 00407.589 00396.260 00385.202 00374.546 00364.210 00355.324 00347.106 00339.008 00331.107 00323.294 00315.570 00307.690 00300.349 00291.267 00282.189 00273.308 00264.510 00255.981 00247.445 00237.677 00225.527 00215.298 00205.170 00195.480 00186.574 00179.082 00172.633 00167.378 00162.910 00162.261 00164.646 00167.482 00170.932 00175.064 00179.661 00187.583 00195.953 00204.596 00215.419 00226.284
-9999.0 -9999.0 -9999.0 -9999.0 -9999.0 -9999.0 -9999.0 -9999.0 -9999.0 -9999.0 -9999.0 -9999.0 -9999.0 -9999.0 -9999.0 -9999.0 -9999.0 -9999.0 -9999.0 -9999.0 -9999.0 00411.655 00400.166 00388.952 00378.030 00367.419 00357.590 00349.031 00340.823 00332.704 00324.638 00316.814 00308.965 00300.712 00290.911 00281.095 00272.104 00263.212 00254.409 00245.307 00234.279 00222.033 00209.972 00197.965 00187.762 00177.900 00168.332 00161.242 00154.716 00149.474 00144.648 00146.301 00149.052 00152.152 00156.243 00160.643 00166.386 00172.227 00178.160 00187.862 00198.598 00209.769
-9999.0 -9999.0 -9999.0 -9999.0 -9999.0 -9999.0 -9999.0 -9999.0 -9999.0 -9999.0 -9999.0 -9999.0 -9999.0 -9999.0 -9999.0 -9999.0 -9999.0 -9999.0 -9999.0 -9999.0 00416.665 00404.560 00392.834 00381.756 00370.956 00360.459 00351.749 00343.235 00334.775 00326.504 00318.473 00310.494 00302.117 00292.588 00282.712 00272.939 00263.252 00253.639 00243.947 00232.314 00219.529 00206.872 00194.570 00182.562 00170.378 00160.640 00151.059 00143.512 00136.922 00131.655 00127.648 00130.688 00133.656 00137.550 00141.762 00147.513 00153.295 00159.473 00166.753 00174.040 00182.361 00193.729
-9999.0 -9999.0 -9999.0 -9999.0 -9999.0 -9999.0 -9999.0 -9999.0 -9999.0 -9999.0 -9999.0 -9999.0 -9999.0 -9999.0 -9999.0 -9999.0 -9999.0 -9999.0 -9999.0 -9999.0 00409.752 00397.599 00385.935 00374.727 00364.070 00354.680 00346.054 00337.488 00329.041 00320.673 00312.372 00303.999 00294.651 00284.610 00274.671 00264.940 00255.333 00245.331 00232.831 00218.500 00204.846 00192.272 00179.553 00166.573 00154.132 00143.486 00133.937 00125.883 00119.480 00115.778 00114.801 00116.938 00119.334 00123.041 00128.748 00134.475 00141.002 00148.270 00155.617 00163.205 00170.830 00178.898
-9999.0 -9999.0 -9999.0 -9999.0 -9999.0 -9999.0 -9999.0 -9999.0 -9999.0 -9999.0 -9999.0 -9999.0 -9999.0 -9999.0 -9999.0 -9999.0 -9999.0 -9999.0 -9999.0 00415.496 00402.965 00390.858 00379.193 00367.960 00357.707 00349.026 00340.407 00331.877 00323.413 00315.024 00306.519 00297.318 00287.056 00276.989 00267.128 00257.368 00247.450 00235.483 00221.066 00206.824 00192.648 00177.908 00163.912 00150.769 00138.212 00126.416 00117.879 00112.160 00107.714 00103.743 00104.783 00107.124 00109.736 00113.303 00117.156 00122.690 00129.946 00137.383 00144.911 00152.840 00161.536 00170.222
-9999.0 -9999.0 -9999.0 -9999.0 -9999.0 -9999.0 -9999.0 -9999.0 -9999.0 -9999.0 -9999.0 -9999.0 -9999.0 -9999.0 -9999.0 -9999.0 -9999.0 -9999.0 -9999.0 00409.092 00396.397 00384.331 00372.658 00361.479 00352.263 00343.423 00334.843 00326.322 00317.876 00309.450 00300.592 00290.369 00280.177 00270.090 00260.110 00250.216 00239.023 00224.331 00209.867 00195.507 00180.859 00164.715 00148.503 00135.263 00122.438 00112.834 00106.164 00100.374 00095.887 00092.342 00094.942 00097.520 00100.697 00104.551 00109.097 00114.230 00119.433 00127.086 00135.704 00144.340 00153.000 00161.672
-9999.0 -9999.0 -9999.0 -9999.0 -9999.0 -9999.0 -9999.0 -9999.0 -9999.0 -9999.0 -9999.0 -9999.0 -9999.0 -9999.0 -9999.0 -9999.0 -9999.0 -9999.0 00417.371 00403.558 00390.143 00377.964 00366.383 00356.036 00347.044 00338.199 00329.415 00320.810 00312.396 00303.636 00293.901 00283.634 00273.474 00263.424 00253.469 00242.864 00228.952 00214.124 00199.400 00184.525 00168.195 00151.752 00135.567 00119.839 00110.544 00101.521 00094.430 00088.597 00083.925 00082.420 00085.205 00088.087 00091.932 00096.305 00101.453 00106.611 00112.629 00119.046 00127.308 00135.959 00144.786 00153.641
-9999.0 -9999.0 -9999.0 -9999.0 -9999.0 -9999.0 -9999.0 -9999.0 -9999.0 -9999.0 -9999.0 -9999.0 -9999.0 -9999.0 -9999.0 -9999.0 -9999.0 -9999.0 00412.038 00398.171 00384.854 00371.878 00360.206 00351.050 00342.032 00333.083 00324.293 00315.616 00306.797 00297.514 00287.195 00276.982 00266.878 00256.880 00246.657 00234.040 00219.119 00204.311 00189.594 00173.390 00156.093 00139.116 00122.869 00109.659 00099.303 00090.227 00082.686 00076.705 00071.599 00072.661 00075.625 00079.315 00083.515 00088.658 00093.805 00099.964 00106.399 00112.847 00119.489 00128.099 00136.905 00145.741
-9999.0 -9999.0 -9999.0 -9999.0 -9999.0 -9999.0 -9999.0 -9999.0 -9999.0 -9999.0 -9999.0 -9999.0 -9999.0 -9999.0 -9999.0 -9999.0 -9999.0 -9999.0 00406.931 00393.009 00379.644 00366.813 00355.561 00346.140 00337.129 00328.191 00319.337 00310.552 00301.471 00291.225 00280.852 00270.588 00260.435 00250.435 00239.274 00224.286 00209.415 00194.653 00179.382 00161.897 00144.537 00127.385 00112.502 00099.915 00088.000 00078.949 00070.931 00064.760 00059.758 00063.159 00066.711 00070.721 00075.858 00081.002 00087.304 00093.756 00100.277 00106.920 00113.566 00120.282 00129.059 00137.877
-9999.0 -9999.0 -9999.0 -9999.0 -9999.0 -9999.0 -9999.0 -9999.0 -9999.0 -9999.0 -9999.0 -9999.0 -9999.0 -9999.0 -9999.0 -9999.0 -9999.0 00416.610 00402.152 00388.155 00374.701 00361.825 00351.704 00342.105 00332.574 00323.340 00314.514 00305.513 00295.761 00285.285 00274.919 00264.667 00254.561 00243.932 00230.146 00215.044 00200.056 00184.904 00167.919 00150.489 00133.194 00116.822 00103.234 00090.186 00077.452 00067.650 00059.433 00054.977 00050.797 00054.384 00058.000 00062.982 00068.159 00074.644 00081.122 00087.710 00094.354 00101.000 00107.647 00114.300 00121.268 00130.224
-9999.0 -9999.0 -9999.0 -9999.0 -9999.0 -9999.0 -9999.0 -9999.0 -9999.0 -9999.0 -9999.0 -9999.0 -9999.0 -9999.0 -9999.0 -9999.0 -9999.0 00412.220 00397.492 00383.556 00370.032 00357.713 00347.990 00338.339 00328.803 00319.372 00309.999 00300.485 00290.024 00279.597 00269.283 00259.084 00248.892 00236.785 00221.544 00206.425 00191.422 00175.059 00157.017 00139.141 00121.911 00107.840 00094.166 00080.589 00067.754 00057.526 00051.506 00046.641 00041.769 00045.802 00049.900 00055.045 00061.752 00068.449 00075.136 00081.789 00088.436 00095.081 00101.736 00108.478 00115.385 00122.998
-9999.0 -9999.0 -9999.0 -9999.0 -9999.0 -9999.0 -9999.0 -9999.0 -9999.0 -9999.0 -9999.0 -9999.0 -9999.0 -9999.0 -9999.0 -9999.0 -9999.0 00408.438 00393.433 00379.034 00365.645 00354.337 00344.476 00334.717 00325.171 00315.703 00306.165 00296.075 00285.422 00274.878 00264.444 00254.114 00243.177 00228.831 00213.470 00198.220 00182.586 00164.606 00146.543 00128.669 00112.630 00098.862 00085.185 00071.532 00058.781 00050.326 00043.832 00038.267 00032.926 00037.162 00041.872 00047.626 00054.918 00062.267 00069.201 00075.864 00082.517 00089.171 00095.992 00102.888 00109.799 00117.466
-9999.0 -9999.0 -9999.0 -9999.0 -9999.0 -9999.0 -9999.0 -9999.0 -9999.0 -9999.0 -9999.0 -9999.0 -9999.0 -9999.0 -9999.0 -9999.0 -9999.0 00404.787 00389.794 00375.344 00361.305 00351.034 00341.198 00331.439 00321.760 00312.162 00302.479 00292.024 00281.416 00270.921 00260.542 00250.256 00238.515 00223.106 00207.813 00192.629 00175.883 00156.351 00136.894 00118.578 00104.146 00089.872 00076.210 00062.535 00052.744 00044.051 00036.122 00030.105 00024.162 00028.701 00033.811 00040.618 00048.110 00055.712 00063.023 00069.931 00076.621 00083.493 00090.378 00097.681 00105.520 00113.351
-9999.0 -9999.0 -9999.0 -9999.0 -9999.0 -9999.0 -9999.0 -9999.0 -9999.0 -9999.0 -9999.0 -9999.0 -9999.0 -9999.0 -9999.0 -9999.0 00417.188 00401.286 00386.355 00371.831 00358.431 00348.231 00338.106 00328.204 00318.548 00308.926 00298.980 00288.281 00277.698 00267.235 00256.883 00246.263 00233.036 00217.704 00202.493 00187.183 00168.944 00149.356 00129.941 00111.812 00095.611 00081.269 00067.219 00055.792 00046.841 00037.877 00029.162 00022.269 00015.399 00020.374 00026.157 00033.653 00041.303 00048.935 00056.539 00063.851 00070.953 00077.885 00085.742 00093.586 00101.420 00109.464
-9999.0 -9999.0 -9999.0 -9999.0 -9999.0 -9999.0 -9999.0 -9999.0 -9999.0 -9999.0 -9999.0 -9999.0 -9999.0 -9999.0 -9999.0 -9999.0 00414.507 00398.585 00383.110 00368.552 00355.973 00345.741 00335.628 00325.606 00315.666 00305.659 00295.431 00284.772 00274.225 00263.795 00253.470 00242.475 00227.934 00212.751 00197.755 00182.243 00162.712 00142.790 00123.281 00105.960 00089.002 00072.654 00058.972 00049.919 00040.948 00031.937 00022.928 00014.330 00006.682 00012.014 00019.131 00026.796 00034.479 00042.139 00049.778 00057.587 00065.707 00073.796 00081.663 00089.695 00097.920 00106.143
-9999.0 -9999.0 -9999.0 -9999.0 -9999.0 -9999.0 -9999.0 -9999.0 -9999.0 -9999.0 -9999.0 -9999.0 -9999.0 -9999.0 -9999.0 -9999.0 00411.937 00396.041 00380.612 00365.725 00353.601 00343.378 00333.246 00323.199 00313.242 00303.212 00292.695 00282.076 00271.572 00261.184 00250.897 00239.539 00224.348 00209.272 00194.299 00178.098 00158.068 00138.186 00118.591 00100.607 00083.207 00066.206 00053.295 00044.072 00035.036 00026.002 00016.934 00007.840 0.0 00000.000 00012.202 00019.928 00027.636 00035.316 00043.068 00051.720 00061.320 00069.891 00078.159 00086.384 00094.841 00103.373
-9999.0 -9999.0 -9999.0 -9999.0 -9999.0 -9999.0 -9999.0 -9999.0 -9999.0 -9999.0 -9999.0 -9999.0 -9999.0 -9999.0 -9999.0 -9999.0 00410.235 00393.868 00378.186 00363.339 00351.893 00341.468 00331.128 00320.876 00310.927 00300.850 00290.206 00279.616 00269.139 00258.780 00248.391 00236.009 00220.965 00206.158 00191.440 00174.419 00154.326 00134.390 00114.890 00096.470 00078.484 00060.484 00049.100 00038.295 00029.108 00020.054 00010.964 00000.000 0.0 0.0 00000.000 00013.049 00020.775 00028.494 00036.604 00046.566 00056.847 00066.341 00074.979 00083.466 00092.019 00100.631
-9999.0 -9999.0 -9999.0 -9999.0 -9999.0 -9999.0 -9999.0 -9999.0 -9999.0 -9999.0 -9999.0 -9999.0 -9999.0 -9999.0 -9999.0 -9999.0 00408.606 00392.212 00376.446 00361.153 00350.191 00339.781 00329.456 00319.220 00309.052 00298.727 00288.103 00277.595 00267.203 00256.922 00246.404 00233.522 00218.627 00203.847 00189.373 00171.705 00151.540 00131.456 00111.843 00092.995 00074.418 00057.350 00045.455 00033.954 00023.212 00014.094 00000.000 0.0 0.0 0.0 0.0 00000.000 00013.896 00021.640 00031.302 00041.553 00052.164 00062.652 00072.641 00082.469 00092.197 00101.879
-9999.0 -9999.0 -9999.0 -9999.0 -9999.0 -9999.0 -9999.0 -9999.0 -9999.0 -9999.0 -9999.0 -9999.0 -9999.0 -9999.0 -9999.0 -9999.0 00407.688 00391.002 00374.871 00359.720 00349.056 00338.477 00327.986 00317.587 00307.393 00297.029 00286.428 00275.939 00265.564 00255.328 00244.733 00231.532 00216.930 00202.451 00187.931 00169.604 00149.154 00130.885 00112.008 00091.905 00071.733 00054.239 00041.994 00030.011 00018.394 00008.119 0.0 0.0 0.0 0.0 0.0 0.0 00000.000 00015.668 00025.690 00036.244 00051.175 00064.605 00074.790 00084.422 00094.011 00103.625
-9999.0 -9999.0 -9999.0 -9999.0 -9999.0 -9999.0 -9999.0 -9999.0 -9999.0 -9999.0 -9999.0 -9999.0 -9999.0 -9999.0 -9999.0 -9999.0 00407.158 00390.232 00374.018 00358.889 00348.099 00337.404 00326.924 00316.535 00306.192 00295.731 00285.220 00274.820 00264.532 00254.351 00243.671 00230.276 00215.810 00201.343 00187.765 00171.979 00153.739 00135.869 00117.868 00098.213 00078.743 00059.469 00044.118 00028.197 00013.644 00000.000 0.0 0.0 0.0 0.0 0.0 0.0 00000.000 00009.248 00024.387 00040.188 00055.122 00067.282 00077.172 00086.795 00096.410 00106.027
-9999.0 -9999.0 -9999.0 -9999.0 -9999.0 -9999.0 -9999.0 -9999.0 -9999.0 -9999.0 -9999.0 -9999.0 -9999.0 -9999.0 -9999.0 -9999.0 00406.798 00389.847 00373.482 00358.387 00347.543 00336.834 00326.231 00315.720 00305.268 00294.790 00284.369 00274.053 00263.836 00253.713 00243.044 00229.437 00215.698 00203.237 00190.875 00176.458 00158.562 00141.035 00123.836 00105.069 00085.891 00066.976 00050.838 00036.022 00020.629 00000.000 0.0 0.0 0.0 0.0 0.0 0.0 0.0 00014.704 00030.244 00045.236 00060.069 00070.789 00080.468 00090.092 00099.712 00109.331
-9999.0 -9999.0 -9999.0 -9999.0 -9999.0 -9999.0 -9999.0 -9999.0 -9999.0 -9999.0 -9999.0 -9999.0 -9999.0 -9999.0 -9999.0 -9999.0 00408.775 00390.607 00373.058 00358.070 00347.205 00336.440 00325.777 00315.222 00304.755 00294.292 00283.878 00273.550 00263.312 00253.169 00243.087 00231.072 00218.476 00206.093 00193.795 00181.106 00163.811 00147.027 00130.401 00112.992 00094.628 00076.235 00058.387 00044.284 00030.131 00015.959 00000.000 0.0 0.0 0.0 0.0 0.0 00000.000 00023.277 00037.913 00052.493 00065.156 00075.068 00084.489 00093.893 00103.302 00112.851
-9999.0 -9999.0 -9999.0 -9999.0 -9999.0 -9999.0 -9999.0 -9999.0 -9999.0 -9999.0 -9999.0 -9999.0 -9999.0 -9999.0 -9999.0 -9999.0 00411.713 00393.495 00375.909 00359.250 00348.034 00336.907 00325.871 00314.926 00304.337 00293.856 00283.935 00274.184 00264.542 00255.010 00245.202 00233.766 00221.331 00209.075 00197.296 00185.177 00170.171 00153.428 00137.718 00122.054 00103.942 00086.945 00070.478 00055.017 00041.109 00027.115 00013.045 0.0 0.0 0.0 0.0 00000.000 00018.318 00032.837 00047.261 00061.185 00071.429 00080.753 00090.121 00099.499 00108.887 00118.281
-9999.0 -9999.0 -9999.0 -9999.0 -9999.0 -9999.0 -9999.0 -9999.0 -9999.0 -9999.0 -9999.0 -9999.0 -9999.0 -9999.0 -9999.0 -9999.0 00415.217 00396.780 00378.950 00361.772 00349.942 00338.816 00327.795 00316.869 00306.042 00295.639 00285.794 00276.056 00266.416 00256.921 00247.410 00236.685 00224.491 00212.632 00201.033 00189.905 00176.633 00160.895 00145.573 00130.297 00115.722 00099.198 00082.984 00066.947 00052.151 00038.229 00024.228 00000.000 0.0 0.0 0.0 00013.390 00027.933 00042.392 00056.753 00068.138 00077.586 00086.853 00096.115 00105.387 00114.663 00123.365
-9999.0 -9999.0 -9999.0 -9999.0 -9999.0 -9999.0 -9999.0 -9999.0 -9999.0 -9999.0 -9999.0 -9999.0 -9999.0 -9999.0 -9999.0 -9999.0 00419.403 00400.628 00382.517 00365.090 00352.111 00340.951 00329.892 00318.937 00308.087 00297.526 00287.701 00278.070 00268.533 00259.094 00249.834 00240.024 00228.079 00216.480 00205.319 00194.194 00183.144 00168.794 00153.530 00139.848 00126.662 00111.736 00095.695 00079.671 00063.649 00049.287 00035.348 00021.372 00000.000 0.0 00000.000 00023.119 00037.556 00051.893 00064.572 00074.426 00083.719 00092.980 00102.240 00111.500 00120.651 00128.569
-9999.0 -9999.0 -9999.0 -9999.0 -9999.0 -9999.0 -9999.0 -9999.0 -9999.0 -9999.0 -9999.0 -9999.0 -9999.0 -9999.0 -9999.0 -9999.0 -9999.0 00404.959 00386.725 00369.104 00354.724 00343.514 00332.402 00321.390 00310.481 00299.711 00289.966 00280.317 00270.973 00261.721 00252.560 00242.974 00232.057 00220.807 00209.616 00199.220 00188.967 00176.893 00162.550 00149.436 00136.580 00123.722 00108.421 00092.396 00076.363 00060.689 00046.848 00033.944 00022.787 00000.000 00023.341 00035.162 00047.748 00061.492 00071.588 00080.776 00089.888 00099.103 00108.369 00117.633 00125.891 00133.516
-9999.0 -9999.0 -9999.0 -9999.0 -9999.0 -9999.0 -9999.0 -9999.0 -9999.0 -9999.0 -9999.0 -9999.0 -9999.0 -9999.0 -9999.0 -9999.0 -9999.0 00410.326 00391.706 00373.778 00357.666 00346.414 00335.260 00324.206 00313.254 00302.411 00292.589 00283.127 00273.754 00264.474 00255.519 00246.453 00236.409 00225.137 00214.654 00204.388 00194.350 00184.016 00172.197 00159.035 00146.466 00134.004 00120.963 00105.127 00089.592 00074.060 00061.094 00050.020 00040.275 00029.479 00040.241 00050.390 00061.608 00070.363 00078.397 00087.576 00096.726 00105.828 00114.924 00123.369 00131.039 00138.433
