examples/flatland/Outputs/centerIgnit/d_otherRAWS/flatland_centerIgnit_clockwise1hr_otherRAWS_atmRAWS/flatland_centerIgnit_clockwise1hr_otherRAWS_atmRAWS_SpreadDirection.asc
NCOLS 100
NROWS 100
XLLCORNER 20000.000000
YLLCORNER 20000.000000
CELLSIZE 30.000000
NODATA_VALUE -9999.0
[rows 38 to 75 of 100, columns 0 to 85 of 100]
-9999 -9999 -9999 -9999 -9999 -9999 -9999 -9999 -9999 -9999 -9999 -9999 -9999 -9999 -9999 -9999 -9999 289 289 289 291 291 292 292 292 299 299 299 299 299 299 299 301 301 301 301 301 301 304 304 304 304 304 308 307 322 332 332 023 023 023 032 032 046 046 048 048 048 048 048 048 051 051 051 051 051 051 052 061 061 060 060 060 062 062 062 067 067 068 068 072 072 -9999 -9999 -9999 -9999
-9999 -9999 -9999 -9999 -9999 -9999 -9999 -9999 -9999 -9999 -9999 -9999 -9999 -9999 -9999 -9999 -9999 284 289 289 289 291 291 291 292 292 292 299 299 299 299 299 299 299 300 300 300 301 301 304 304 304 304 304 307 322 322 330 027 024 032 032 045 045 048 048 048 048 048 050 051 051 051 051 061 061 061 061 061 061 061 062 062 062 062 067 067 068 068 072 072 072 -9999 -9999 -9999 -9999
-9999 -9999 -9999 -9999 -9999 -9999 -9999 -9999 -9999 -9999 -9999 -9999 -9999 -9999 -9999 -9999 -9999 284 284 289 289 289 289 291 291 291 292 292 291 291 291 291 291 291 291 291 291 301 301 301 301 304 304 304 307 307 322 327 327 027 032 046 046 048 048 048 048 048 050 050 050 062 062 062 062 062 062 062 062 062 062 062 062 067 067 067 068 068 072 072 072 076 -9999 -9999 -9999 -9999
-9999 -9999 -9999 -9999 -9999 -9999 -9999 -9999 -9999 -9999 -9999 -9999 -9999 -9999 -9999 -9999 -9999 283 284 284 284 289 289 289 289 289 291 291 291 291 291 291 291 291 291 291 291 291 290 301 301 304 304 304 304 307 322 323 323 032 032 046 048 048 048 048 050 050 050 062 062 062 062 062 062 067 067 067 067 067 067 067 067 067 068 068 068 072 072 072 076 076 076 -9999 -9999 -9999
-9999 -9999 -9999 -9999 -9999 -9999 -9999 -9999 -9999 -9999 -9999 -9999 -9999 -9999 -9999 -9999 280 283 284 284 284 284 284 289 289 289 289 289 289 289 289 289 289 289 289 289 289 289 290 290 301 302 304 304 304 304 306 320 320 035 047 048 048 048 048 049 050 062 062 062 062 068 067 067 067 067 067 067 067 067 067 067 067 068 068 072 072 072 072 076 076 076 079 -9999 -9999 -9999
-9999 -9999 -9999 -9999 -9999 -9999 -9999 -9999 -9999 -9999 -9999 -9999 -9999 -9999 -9999 -9999 280 280 280 284 284 284 284 284 284 284 289 289 289 289 289 289 289 284 284 284 284 284 290 290 289 302 302 304 304 304 305 315 304 040 047 048 048 048 049 049 062 062 062 068 068 068 072 073 073 073 073 073 072 072 072 072 072 072 072 072 072 076 076 076 079 079 081 -9999 -9999 -9999
-9999 -9999 -9999 -9999 -9999 -9999 -9999 -9999 -9999 -9999 -9999 -9999 -9999 -9999 -9999 -9999 280 280 280 280 280 284 284 284 284 284 284 284 284 284 284 284 284 284 284 284 284 284 284 283 289 289 302 303 304 304 304 304 -9999 -9999 048 048 048 048 049 062 062 068 068 068 071 071 072 073 074 074 075 075 076 076 076 076 076 072 076 076 076 076 076 079 079 081 081 -9999 -9999 -9999
-9999 -9999 -9999 -9999 -9999 -9999 -9999 -9999 -9999 -9999 -9999 -9999 -9999 -9999 -9999 -9999 276 276 280 280 280 280 280 280 284 283 283 283 283 284 284 284 279 279 279 280 279 279 280 283 283 289 289 303 304 304 304 -9999 -9999 -9999 -9999 048 048 048 062 062 065 067 069 070 071 071 099 099 098 099 075 075 076 076 077 078 076 076 076 076 076 079 079 081 081 081 081 -9999 -9999 -9999
-9999 -9999 -9999 -9999 -9999 -9999 -9999 -9999 -9999 -9999 -9999 -9999 -9999 -9999 -9999 -9999 274 276 276 276 280 280 280 280 280 280 280 280 280 280 279 279 279 279 276 277 277 278 280 282 283 286 287 289 304 304 -9999 -9999 -9999 -9999 -9999 -9999 048 048 060 062 065 067 102 101 101 100 099 099 099 098 098 097 097 096 096 078 078 078 079 079 079 080 080 080 081 091 091 -9999 -9999 -9999
-9999 -9999 -9999 -9999 -9999 -9999 -9999 -9999 -9999 -9999 -9999 -9999 -9999 -9999 -9999 -9999 274 274 274 276 276 276 276 276 280 280 280 280 280 276 276 276 276 276 276 277 277 255 254 252 250 286 287 291 293 304 -9999 -9999 -9999 -9999 -9999 -9999 -9999 057 060 062 104 103 102 101 104 104 104 104 099 099 099 097 097 096 096 095 095 094 079 079 080 080 080 092 092 091 091 -9999 -9999 -9999
-9999 -9999 -9999 -9999 -9999 -9999 -9999 -9999 -9999 -9999 -9999 -9999 -9999 -9999 -9999 -9999 272 272 274 274 274 276 276 276 276 276 276 276 276 276 276 274 275 275 257 256 256 255 254 253 251 248 247 242 297 -9999 -9999 -9999 -9999 -9999 -9999 -9999 -9999 054 110 109 104 103 103 104 104 104 104 104 104 104 104 099 099 099 096 096 094 094 094 094 093 093 092 092 092 094 094 -9999 -9999 -9999
-9999 -9999 -9999 -9999 -9999 -9999 -9999 -9999 -9999 -9999 -9999 -9999 -9999 -9999 -9999 -9999 272 272 272 272 272 274 274 273 273 273 273 273 274 274 274 274 258 257 257 257 254 254 250 250 250 244 244 244 240 -9999 -9999 -9999 -9999 -9999 -9999 -9999 -9999 116 110 109 109 109 109 109 109 110 110 110 110 104 104 104 104 099 100 100 096 096 094 094 094 094 094 094 094 094 096 -9999 -9999 -9999
-9999 -9999 -9999 -9999 -9999 -9999 -9999 -9999 -9999 -9999 -9999 -9999 -9999 -9999 -9999 -9999 261 261 272 272 272 273 273 273 273 273 273 273 274 274 259 258 258 257 257 254 254 250 250 244 244 244 233 233 233 232 -9999 -9999 -9999 -9999 -9999 -9999 -9999 123 122 121 121 121 121 120 120 110 110 110 110 110 110 104 104 104 104 100 100 096 096 096 096 094 096 096 096 096 096 -9999 -9999 -9999
-9999 -9999 -9999 -9999 -9999 -9999 -9999 -9999 -9999 -9999 -9999 -9999 -9999 -9999 -9999 -9999 261 261 261 261 261 261 260 260 273 273 260 259 259 259 259 258 257 254 254 249 249 250 243 244 244 234 234 232 232 232 232 -9999 -9999 -9999 -9999 -9999 123 123 123 123 123 123 120 120 120 120 120 120 110 111 111 110 110 104 104 104 100 100 100 100 096 096 096 096 096 099 099 -9999 -9999 -9999
-9999 -9999 -9999 -9999 -9999 -9999 -9999 -9999 -9999 -9999 -9999 -9999 -9999 -9999 -9999 -9999 260 260 260 260 260 261 260 260 260 260 260 259 259 257 257 257 254 254 249 249 249 243 243 243 234 234 232 232 232 232 232 -9999 -9999 -9999 -9999 123 123 123 123 123 123 123 123 123 123 123 120 120 120 120 111 111 111 110 110 104 104 104 100 100 100 100 100 100 099 099 100 -9999 -9999 -9999
-9999 -9999 -9999 -9999 -9999 -9999 -9999 -9999 -9999 -9999 -9999 -9999 -9999 -9999 -9999 -9999 257 257 257 257 260 260 260 260 260 260 257 257 257 257 254 254 254 249 249 249 244 243 243 234 234 232 232 232 232 232 232 232 -9999 -9999 -9999 123 124 123 123 123 123 123 123 123 123 123 123 120 120 120 120 120 111 111 110 110 104 104 104 104 100 100 100 100 100 100 -9999 -9999 -9999 -9999
-9999 -9999 -9999 -9999 -9999 -9999 -9999 -9999 -9999 -9999 -9999 -9999 -9999 -9999 -9999 -9999 -9999 257 257 257 257 257 257 257 257 257 257 254 254 254 254 254 249 249 249 244 242 243 234 234 232 232 232 232 232 230 231 215 218 -9999 139 142 125 126 126 126 126 123 123 123 123 123 123 123 123 120 120 120 120 111 111 110 110 104 104 104 104 104 104 104 104 104 -9999 -9999 -9999 -9999
-9999 -9999 -9999 -9999 -9999 -9999 -9999 -9999 -9999 -9999 -9999 -9999 -9999 -9999 -9999 -9999 -9999 254 254 254 254 254 254 254 254 254 254 254 254 254 250 249 249 249 244 244 243 234 234 234 232 232 232 232 230 230 215 215 210 215 147 142 141 141 126 126 126 127 127 127 123 123 123 123 123 123 123 120 120 120 111 111 110 109 104 104 105 105 104 105 105 105 -9999 -9999 -9999 -9999
-9999 -9999 -9999 -9999 -9999 -9999 -9999 -9999 -9999 -9999 -9999 -9999 -9999 -9999 -9999 -9999 -9999 254 254 254 254 254 254 254 254 254 254 250 250 250 249 249 249 244 244 242 234 234 234 232 232 232 232 229 229 216 215 205 205 207 152 152 151 141 141 140 140 127 127 127 127 123 123 123 123 123 123 123 120 120 120 111 111 109 109 109 105 105 105 105 105 105 -9999 -9999 -9999 -9999
-9999 -9999 -9999 -9999 -9999 -9999 -9999 -9999 -9999 -9999 -9999 -9999 -9999 -9999 -9999 -9999 -9999 -9999 250 250 250 250 250 250 250 250 250 250 249 249 249 244 244 244 242 242 234 234 232 232 232 232 229 229 216 216 216 205 199 199 156 157 151 151 141 141 140 139 139 127 128 127 127 123 123 123 123 123 120 120 120 119 111 111 109 109 109 109 109 109 109 -9999 -9999 -9999 -9999 -9999
-9999 -9999 -9999 -9999 -9999 -9999 -9999 -9999 -9999 -9999 -9999 -9999 -9999 -9999 -9999 -9999 -9999 -9999 249 249 249 249 249 249 249 249 249 249 249 244 244 244 242 242 242 235 234 234 232 232 232 232 229 228 216 215 215 205 197 197 158 158 159 151 151 151 142 142 140 140 128 128 127 127 123 123 123 123 123 120 120 119 119 111 111 111 109 109 109 109 109 -9999 -9999 -9999 -9999 -9999
-9999 -9999 -9999 -9999 -9999 -9999 -9999 -9999 -9999 -9999 -9999 -9999 -9999 -9999 -9999 -9999 -9999 -9999 249 249 249 249 249 249 249 244 244 244 244 244 244 242 242 242 235 235 234 232 232 232 232 229 228 228 217 215 205 205 197 194 195 161 161 159 151 151 151 142 142 140 140 128 128 128 127 123 123 123 123 123 120 119 119 119 112 112 111 111 111 111 111 -9999 -9999 -9999 -9999 -9999
-9999 -9999 -9999 -9999 -9999 -9999 -9999 -9999 -9999 -9999 -9999 -9999 -9999 -9999 -9999 -9999 -9999 -9999 -9999 244 244 244 244 244 244 244 244 244 244 242 242 242 235 235 235 234 232 232 232 232 232 229 228 217 217 215 205 205 197 192 192 162 162 158 159 151 151 151 142 142 139 139 139 128 128 127 123 123 123 123 123 120 119 119 119 112 112 112 112 112 -9999 -9999 -9999 -9999 -9999 -9999
-9999 -9999 -9999 -9999 -9999 -9999 -9999 -9999 -9999 -9999 -9999 -9999 -9999 -9999 -9999 -9999 -9999 -9999 -9999 244 244 244 244 244 242 242 242 242 242 242 242 235 235 235 234 234 232 232 232 232 229 227 227 217 217 214 205 205 197 192 192 192 163 163 159 159 151 151 151 142 142 139 139 128 129 127 127 123 123 123 123 123 120 119 119 119 119 119 118 118 -9999 -9999 -9999 -9999 -9999 -9999
-9999 -9999 -9999 -9999 -9999 -9999 -9999 -9999 -9999 -9999 -9999 -9999 -9999 -9999 -9999 -9999 -9999 -9999 -9999 -9999 242 242 242 242 242 242 242 242 242 235 235 235 234 235 232 232 232 232 232 229 229 227 227 217 217 214 205 205 197 197 192 191 163 163 163 158 158 151 151 151 142 142 139 139 129 129 127 127 123 123 123 123 120 120 119 119 119 119 118 -9999 -9999 -9999 -9999 -9999 -9999 -9999
-9999 -9999 -9999 -9999 -9999 -9999 -9999 -9999 -9999 -9999 -9999 -9999 -9999 -9999 -9999 -9999 -9999 -9999 -9999 -9999 242 242 242 242 242 236 236 236 235 235 235 234 234 232 232 232 232 232 232 229 227 227 217 217 214 214 206 205 197 197 192 190 164 165 163 158 158 151 151 151 142 142 139 139 139 129 129 127 123 124 123 123 123 120 120 120 120 119 119 -9999 -9999 -9999 -9999 -9999 -9999 -9999
-9999 -9999 -9999 -9999 -9999 -9999 -9999 -9999 -9999 -9999 -9999 -9999 -9999 -9999 -9999 -9999 -9999 -9999 -9999 -9999 -9999 236 236 236 236 236 236 236 234 234 234 232 232 232 232 232 232 232 229 229 227 227 217 217 214 214 206 205 197 197 192 189 189 165 165 163 158 158 151 150 151 142 142 139 139 129 129 127 127 124 123 123 123 123 123 120 120 120 -9999 -9999 -9999 -9999 -9999 -9999 -9999 -9999
-9999 -9999 -9999 -9999 -9999 -9999 -9999 -9999 -9999 -9999 -9999 -9999 -9999 -9999 -9999 -9999 -9999 -9999 -9999 -9999 -9999 -9999 236 236 234 234 234 234 234 232 232 232 232 232 232 232 232 229 229 227 227 218 217 214 214 206 206 205 197 197 192 188 188 166 166 163 163 158 152 152 150 142 142 139 139 139 129 129 127 127 124 123 123 123 123 123 123 -9999 -9999 -9999 -9999 -9999 -9999 -9999 -9999 -9999
-9999 -9999 -9999 -9999 -9999 -9999 -9999 -9999 -9999 -9999 -9999 -9999 -9999 -9999 -9999 -9999 -9999 -9999 -9999 -9999 -9999 -9999 234 234 234 232 232 232 232 232 232 232 232 232 232 232 229 229 227 227 227 218 217 214 214 206 205 205 198 198 193 188 188 166 166 164 164 159 159 152 150 150 142 142 139 138 129 129 127 127 124 124 124 123 123 123 123 -9999 -9999 -9999 -9999 -9999 -9999 -9999 -9999 -9999
-9999 -9999 -9999 -9999 -9999 -9999 -9999 -9999 -9999 -9999 -9999 -9999 -9999 -9999 -9999 -9999 -9999 -9999 -9999 -9999 -9999 -9999 -9999 232 232 232 232 232 232 232 232 232 232 232 229 229 229 227 227 227 218 217 217 214 214 206 205 205 198 198 193 189 188 167 167 167 164 159 159 152 150 150 142 142 139 138 138 129 129 127 127 124 124 124 124 123 -9999 -9999 -9999 -9999 -9999 -9999 -9999 -9999 -9999 -9999
-9999 -9999 -9999 -9999 -9999 -9999 -9999 -9999 -9999 -9999 -9999 -9999 -9999 -9999 -9999 -9999 -9999 -9999 -9999 -9999 -9999 -9999 -9999 -9999 232 232 232 232 232 232 232 232 229 229 229 227 227 227 227 219 219 217 214 214 206 206 205 198 198 198 193 189 187 167 167 167 164 159 159 152 152 150 142 142 139 139 138 129 129 129 127 127 127 124 124 -9999 -9999 -9999 -9999 -9999 -9999 -9999 -9999 -9999 -9999 -9999
-9999 -9999 -9999 -9999 -9999 -9999 -9999 -9999 -9999 -9999 -9999 -9999 -9999 -9999 -9999 -9999 -9999 -9999 -9999 -9999 -9999 -9999 -9999 -9999 -9999 232 232 232 232 229 229 229 229 229 227 227 227 219 219 219 218 214 214 214 206 206 205 198 198 193 193 189 187 168 168 167 164 159 159 152 152 150 150 143 142 139 138 138 130 129 129 127 127 127 127 -9999 -9999 -9999 -9999 -9999 -9999 -9999 -9999 -9999 -9999 -9999
-9999 -9999 -9999 -9999 -9999 -9999 -9999 -9999 -9999 -9999 -9999 -9999 -9999 -9999 -9999 -9999 -9999 -9999 -9999 -9999 -9999 -9999 -9999 -9999 -9999 -9999 232 229 229 229 229 227 227 227 227 227 219 219 218 218 214 214 214 206 206 205 205 198 197 193 193 189 187 168 168 167 164 164 159 159 152 150 150 143 142 139 138 138 130 130 129 129 129 129 -9999 -9999 -9999 -9999 -9999 -9999 -9999 -9999 -9999 -9999 -9999 -9999
-9999 -9999 -9999 -9999 -9999 -9999 -9999 -9999 -9999 -9999 -9999 -9999 -9999 -9999 -9999 -9999 -9999 -9999 -9999 -9999 -9999 -9999 -9999 -9999 -9999 -9999 229 229 227 227 227 226 227 227 227 219 219 218 218 214 214 214 207 206 206 205 198 198 197 193 193 189 187 187 169 167 164 164 159 159 152 150 150 143 142 139 139 138 138 130 130 130 130 -9999 -9999 -9999 -9999 -9999 -9999 -9999 -9999 -9999 -9999 -9999 -9999 -9999
-9999 -9999 -9999 -9999 -9999 -9999 -9999 -9999 -9999 -9999 -9999 -9999 -9999 -9999 -9999 -9999 -9999 -9999 -9999 -9999 -9999 -9999 -9999 -9999 -9999 -9999 -9999 227 227 226 226 226 226 219 219 219 218 218 214 214 214 207 207 207 205 205 198 197 197 193 189 189 186 169 169 167 164 164 159 158 152 150 150 143 142 142 139 138 138 137 137 130 -9999 -9999 -9999 -9999 -9999 -9999 -9999 -9999 -9999 -9999 -9999 -9999 -9999 -9999
-9999 -9999 -9999 -9999 -9999 -9999 -9999 -9999 -9999 -9999 -9999 -9999 -9999 -9999 -9999 -9999 -9999 -9999 -9999 -9999 -9999 -9999 -9999 -9999 -9999 -9999 -9999 -9999 226 226 226 219 219 219 218 218 218 215 214 214 214 207 207 205 205 198 198 197 193 193 189 186 186 169 169 167 164 164 159 158 152 150 150 143 143 142 139 139 138 138 137 -9999 -9999 -9999 -9999 -9999 -9999 -9999 -9999 -9999 -9999 -9999 -9999 -9999 -9999 -9999
-9999 -9999 -9999 -9999 -9999 -9999 -9999 -9999 -9999 -9999 -9999 -9999 -9999 -9999 -9999 -9999 -9999 -9999 -9999 -9999 -9999 -9999 -9999 -9999 -9999 -9999 -9999 -9999 -9999 219 219 219 219 218 218 215 215 214 214 214 207 207 204 205 198 198 197 193 193 189 189 186 186 169 169 167 164 159 159 158 152 152 150 150 143 142 142 139 139 139 -9999 -9999 -9999 -9999 -9999 -9999 -9999 -9999 -9999 -9999 -9999 -9999 -9999 -9999 -9999 -9999
-9999 -9999 -9999 -9999 -9999 -9999 -9999 -9999 -9999 -9999 -9999 -9999 -9999 -9999 -9999 -9999 -9999 -9999 -9999 -9999 -9999 -9999 -9999 -9999 -9999 -9999 -9999 -9999 -9999 -9999 219 218 218 218 215 215 214 214 207 207 207 204 204 204 198 197 197 193 193 189 186 186 186 170 167 167 164 159 159 158 152 152 150 150 143 143 142 142 142 -9999 -9999 -9999 -9999 -9999 -9999 -9999 -9999 -9999 -9999 -9999 -9999 -9999 -9999 -9999 -9999 -9999
