examples/flatland/Outputs/centerIgnit/c_atmRAWS/singleWinds/flatland_centerIgnit_3mph180deg7hr_atmRAWS/flatland_centerIgnit_3mph180deg7hr_atmRAWS_ReactionIntensity.asc
NCOLS 100
NROWS 100
XLLCORNER 20000.000000
YLLCORNER 20000.000000
CELLSIZE 30.000000
NODATA_VALUE -9999.0
[rows 28 to 55 of 100, columns 0 to 62 of 100]
-9999.0 -9999.0 -9999.0 -9999.0 -9999.0 -9999.0 -9999.0 -9999.0 -9999.0 -9999.0 -9999.0 -9999.0 -9999.0 -9999.0 -9999.0 -9999.0 -9999.0 -9999.0 -9999.0 -9999.0 00152.412 00153.364 00154.178 00154.867 00155.483 00156.199 00156.780 00157.326 00157.725 00158.288 00158.791 00159.325 00159.895 00160.487 00160.941 00161.526 00162.064 00162.624 00163.205 00163.762 00163.898 00164.434 00164.747 00164.995 00165.243 00165.438 00165.611 00165.760 00165.822 00165.726 00165.617 00165.476 00165.280 00165.079 00164.813 00164.542 00163.911 00163.879 00163.413 00162.881 00162.347 00161.839 00161.358
-9999.0 -9999.0 -9999.0 -9999.0 -9999.0 -9999.0 -9999.0 -9999.0 -9999.0 -9999.0 -9999.0 -9999.0 -9999.0 -9999.0 -9999.0 -9999.0 -9999.0 -9999.0 -9999.0 -9999.0 00152.690 00153.652 00154.423 00154.961 00155.817 00156.426 00157.006 00157.580 00157.953 00158.572 00159.107 00159.683 00160.298 00160.771 00161.335 00161.899 00162.493 00163.088 00163.712 00163.903 00164.507 00164.837 00165.165 00165.448 00165.707 00165.926 00166.119 00166.273 00166.349 00166.246 00166.124 00165.974 00165.759 00165.541 00165.253 00164.962 00164.659 00163.914 00163.880 00163.385 00162.823 00162.290 00161.787
-9999.0 -9999.0 -9999.0 -9999.0 -9999.0 -9999.0 -9999.0 -9999.0 -9999.0 -9999.0 -9999.0 -9999.0 -9999.0 -9999.0 -9999.0 -9999.0 -9999.0 -9999.0 -9999.0 -9999.0 00152.946 00153.862 00154.645 00155.055 00156.031 00156.644 00157.228 00157.708 00158.320 00158.863 00159.430 00160.049 00160.618 00161.129 00161.708 00162.296 00162.923 00163.574 00163.896 00164.514 00164.904 00165.251 00165.596 00165.918 00166.187 00166.432 00166.638 00166.807 00166.896 00166.784 00166.648 00166.477 00166.255 00166.003 00165.704 00165.397 00165.044 00164.660 00163.913 00163.877 00163.322 00162.763 00162.232
-9999.0 -9999.0 -9999.0 -9999.0 -9999.0 -9999.0 -9999.0 -9999.0 -9999.0 -9999.0 -9999.0 -9999.0 -9999.0 -9999.0 -9999.0 -9999.0 -9999.0 -9999.0 -9999.0 00151.363 00153.168 00154.061 00154.822 00155.492 00156.241 00156.844 00157.445 00157.830 00158.545 00159.149 00159.764 00160.420 00160.891 00161.511 00162.088 00162.703 00163.363 00163.885 00164.420 00164.855 00165.301 00165.676 00166.039 00166.391 00166.683 00166.907 00166.924 00166.938 00166.947 00166.937 00166.925 00166.910 00166.769 00166.479 00166.168 00165.839 00165.437 00165.041 00164.638 00163.909 00163.846 00163.256 00162.682
-9999.0 -9999.0 -9999.0 -9999.0 -9999.0 -9999.0 -9999.0 -9999.0 -9999.0 -9999.0 -9999.0 -9999.0 -9999.0 -9999.0 -9999.0 -9999.0 -9999.0 -9999.0 -9999.0 00152.315 00153.377 00154.248 00154.913 00155.751 00156.417 00157.043 00157.615 00158.127 00158.763 00159.401 00160.107 00160.684 00161.257 00161.861 00162.482 00163.128 00163.816 00163.914 00164.754 00165.207 00165.672 00166.114 00166.490 00166.860 00166.926 00166.966 00167.184 00167.256 00167.299 00167.252 00167.196 00167.046 00166.934 00166.908 00166.647 00166.259 00165.837 00165.422 00165.002 00164.594 00163.905 00163.772 00163.153
-9999.0 -9999.0 -9999.0 -9999.0 -9999.0 -9999.0 -9999.0 -9999.0 -9999.0 -9999.0 -9999.0 -9999.0 -9999.0 -9999.0 -9999.0 -9999.0 -9999.0 -9999.0 -9999.0 00152.492 00153.533 00154.405 00154.981 00155.910 00156.572 00157.209 00157.727 00158.377 00158.990 00159.658 00160.390 00160.955 00161.604 00162.227 00162.886 00163.577 00163.899 00164.596 00165.077 00165.566 00166.044 00166.540 00166.907 00166.937 00167.186 00167.288 00167.375 00167.452 00167.501 00167.446 00167.391 00167.311 00167.218 00166.954 00166.921 00166.690 00166.257 00165.809 00165.375 00164.957 00164.549 00163.900 00163.655
-9999.0 -9999.0 -9999.0 -9999.0 -9999.0 -9999.0 -9999.0 -9999.0 -9999.0 -9999.0 -9999.0 -9999.0 -9999.0 -9999.0 -9999.0 -9999.0 -9999.0 -9999.0 -9999.0 00152.652 00153.685 00154.528 00155.036 00156.063 00156.719 00157.362 00157.813 00158.570 00159.204 00159.910 00160.603 00161.231 00161.925 00162.593 00163.289 00163.883 00164.433 00164.909 00165.403 00165.913 00166.422 00166.905 00166.944 00167.226 00167.361 00167.473 00167.569 00167.648 00167.705 00167.647 00167.586 00167.503 00167.397 00167.281 00167.124 00166.921 00166.671 00166.209 00165.762 00165.327 00164.898 00164.473 00163.892
-9999.0 -9999.0 -9999.0 -9999.0 -9999.0 -9999.0 -9999.0 -9999.0 -9999.0 -9999.0 -9999.0 -9999.0 -9999.0 -9999.0 -9999.0 -9999.0 -9999.0 -9999.0 -9999.0 00152.772 00153.794 00154.646 00155.122 00156.174 00156.850 00157.508 00157.988 00158.719 00159.417 00160.170 00160.788 00161.500 00162.205 00162.970 00163.711 00163.910 00164.740 00165.231 00165.737 00166.264 00166.806 00166.937 00167.238 00167.396 00167.533 00167.661 00167.763 00167.848 00167.912 00167.851 00167.780 00167.696 00167.578 00167.460 00167.298 00167.113 00166.918 00166.619 00166.161 00165.712 00165.256 00164.815 00163.997
-9999.0 -9999.0 -9999.0 -9999.0 -9999.0 -9999.0 -9999.0 -9999.0 -9999.0 -9999.0 -9999.0 -9999.0 -9999.0 -9999.0 -9999.0 -9999.0 -9999.0 -9999.0 -9999.0 00152.872 00153.889 00154.730 00155.403 00156.282 00156.954 00157.604 00158.202 00158.876 00159.594 00160.393 00161.012 00161.741 00162.480 00163.270 00163.890 00164.533 00165.038 00165.562 00166.083 00166.620 00166.925 00167.195 00167.381 00167.568 00167.708 00167.850 00167.953 00168.050 00168.123 00168.056 00167.976 00167.882 00167.761 00167.622 00167.458 00167.289 00167.033 00166.914 00166.569 00166.094 00165.627 00165.134 00164.618
-9999.0 -9999.0 -9999.0 -9999.0 -9999.0 -9999.0 -9999.0 -9999.0 -9999.0 -9999.0 -9999.0 -9999.0 -9999.0 -9999.0 -9999.0 -9999.0 -9999.0 -9999.0 -9999.0 00152.943 00153.951 00154.801 00155.631 00156.360 00157.049 00157.663 00158.333 00159.018 00159.765 00160.540 00161.218 00161.979 00162.752 00163.587 00163.909 00164.811 00165.339 00165.879 00166.430 00166.909 00167.076 00167.328 00167.525 00167.716 00167.885 00168.027 00168.147 00168.456 00168.733 00168.490 00168.200 00168.069 00167.946 00167.784 00167.616 00167.442 00167.270 00166.950 00166.909 00166.484 00165.988 00165.434 00164.896
-9999.0 -9999.0 -9999.0 -9999.0 -9999.0 -9999.0 -9999.0 -9999.0 -9999.0 -9999.0 -9999.0 -9999.0 -9999.0 -9999.0 -9999.0 -9999.0 -9999.0 -9999.0 -9999.0 00152.983 00153.995 00154.850 00155.686 00156.425 00157.121 00157.709 00158.435 00159.130 00159.912 00160.672 00161.401 00162.174 00163.014 00163.874 00164.446 00165.035 00165.650 00166.205 00166.777 00166.938 00167.260 00167.462 00167.666 00167.864 00168.060 00168.306 00168.756 00169.265 00169.763 00169.322 00168.867 00168.476 00168.117 00167.946 00167.771 00167.596 00167.423 00167.252 00166.941 00166.884 00166.303 00165.734 00165.182
-9999.0 -9999.0 -9999.0 -9999.0 -9999.0 -9999.0 -9999.0 -9999.0 -9999.0 -9999.0 -9999.0 -9999.0 -9999.0 -9999.0 -9999.0 -9999.0 -9999.0 -9999.0 -9999.0 00153.018 00154.028 00154.867 00155.725 00156.470 00157.173 00157.746 00158.506 00159.225 00160.048 00160.767 00161.559 00162.361 00163.215 00163.891 00164.648 00165.252 00165.880 00166.538 00166.920 00167.189 00167.392 00167.595 00167.801 00168.010 00168.313 00168.928 00169.684 00170.228 00170.720 00170.316 00169.869 00169.246 00168.562 00168.107 00167.929 00167.752 00167.577 00167.400 00167.221 00166.929 00166.626 00166.039 00165.422
-9999.0 -9999.0 -9999.0 -9999.0 -9999.0 -9999.0 -9999.0 -9999.0 -9999.0 -9999.0 -9999.0 -9999.0 -9999.0 -9999.0 -9999.0 -9999.0 -9999.0 -9999.0 -9999.0 00152.838 00153.948 00154.862 00155.757 00156.502 00157.214 00157.771 00158.559 00159.303 00160.146 00160.853 00161.683 00162.509 00163.432 00163.905 00164.816 00165.468 00166.114 00166.785 00166.955 00167.313 00167.524 00167.730 00167.938 00168.148 00168.805 00169.821 00170.514 00171.133 00171.687 00171.254 00170.713 00170.113 00169.256 00168.508 00168.088 00167.909 00167.731 00167.549 00167.352 00167.097 00166.906 00166.295 00165.668
-9999.0 -9999.0 -9999.0 -9999.0 -9999.0 -9999.0 -9999.0 -9999.0 -9999.0 -9999.0 -9999.0 -9999.0 -9999.0 -9999.0 -9999.0 -9999.0 -9999.0 -9999.0 -9999.0 00152.654 00153.801 00154.740 00155.646 00156.454 00157.225 00157.792 00158.604 00159.357 00160.222 00160.939 00161.779 00162.645 00163.583 00163.917 00164.968 00165.638 00166.339 00166.913 00167.193 00167.439 00167.653 00167.867 00168.075 00168.573 00169.524 00170.489 00171.354 00172.047 00172.686 00172.212 00171.599 00170.853 00170.050 00169.147 00168.442 00168.068 00167.885 00167.695 00167.472 00167.252 00166.928 00166.557 00165.881
-9999.0 -9999.0 -9999.0 -9999.0 -9999.0 -9999.0 -9999.0 -9999.0 -9999.0 -9999.0 -9999.0 -9999.0 -9999.0 -9999.0 -9999.0 -9999.0 -9999.0 -9999.0 -9999.0 00152.423 00153.620 00154.593 00155.286 00156.331 00157.098 00157.742 00158.575 00159.403 00160.284 00161.006 00161.855 00162.742 00163.708 00164.418 00165.092 00165.794 00166.509 00166.931 00167.280 00167.531 00167.781 00167.999 00168.332 00169.137 00170.182 00171.150 00172.135 00172.906 00173.607 00173.114 00172.470 00171.609 00170.770 00169.960 00169.043 00168.372 00168.041 00167.816 00167.591 00167.349 00166.989 00166.780 00166.094
-9999.0 -9999.0 -9999.0 -9999.0 -9999.0 -9999.0 -9999.0 -9999.0 -9999.0 -9999.0 -9999.0 -9999.0 -9999.0 -9999.0 -9999.0 -9999.0 -9999.0 -9999.0 -9999.0 00151.601 00153.388 00154.418 00155.043 00156.190 00156.965 00157.667 00158.440 00159.240 00160.183 00160.996 00161.921 00162.832 00163.811 00164.498 00165.192 00165.909 00166.664 00166.944 00167.355 00167.620 00167.878 00168.131 00168.786 00169.856 00170.809 00171.799 00172.822 00173.732 00162.036 00174.004 00173.225 00172.384 00171.517 00170.679 00169.874 00168.910 00168.172 00167.936 00167.693 00167.448 00167.192 00166.911 00166.289
-9999.0 -9999.0 -9999.0 -9999.0 -9999.0 -9999.0 -9999.0 -9999.0 -9999.0 -9999.0 -9999.0 -9999.0 -9999.0 -9999.0 -9999.0 -9999.0 -9999.0 -9999.0 -9999.0 -9999.0 00153.126 00154.200 00154.960 00156.006 00156.800 00157.578 00158.290 00159.090 00160.001 00160.826 00161.762 00162.747 00163.844 00164.573 00165.274 00166.017 00166.784 00167.114 00167.418 00167.692 00167.966 00168.386 00169.454 00170.481 00171.456 00172.474 00173.442 00174.422 -9999.0 -9999.000 00173.947 00173.129 00172.256 00171.425 00170.583 00169.648 00168.587 00168.043 00167.791 00167.533 00167.276 00166.925 00166.293
-9999.0 -9999.0 -9999.0 -9999.0 -9999.0 -9999.0 -9999.0 -9999.0 -9999.0 -9999.0 -9999.0 -9999.0 -9999.0 -9999.0 -9999.0 -9999.0 -9999.0 -9999.0 -9999.0 -9999.0 00152.781 00153.927 00154.864 00155.795 00156.610 00157.397 00158.034 00158.899 00159.779 00160.676 00161.567 00162.522 00163.602 00164.438 00165.232 00166.087 00166.894 00167.184 00167.470 00167.752 00168.036 00168.684 00169.948 00171.108 00172.121 00173.115 00174.081 -9999.000 -9999.0 -9999.0 -9999.000 00173.855 00173.039 00172.202 00171.289 00170.219 00169.010 00168.146 00167.888 00167.622 00167.287 00166.917 00166.205
-9999.0 -9999.0 -9999.0 -9999.0 -9999.0 -9999.0 -9999.0 -9999.0 -9999.0 -9999.0 -9999.0 -9999.0 -9999.0 -9999.0 -9999.0 -9999.0 -9999.0 -9999.0 -9999.0 -9999.0 00152.398 00153.621 00154.612 00155.387 00156.380 00157.166 00157.787 00158.670 00159.531 00160.489 00161.330 00162.285 00163.340 00163.912 00165.045 00165.866 00166.756 00167.178 00167.520 00167.813 00168.104 00168.949 00170.351 00171.576 00172.786 00173.742 -9999.000 -9999.0 -9999.0 -9999.0 -9999.0 -9999.000 00173.763 00172.954 00171.881 00170.746 00169.600 00168.465 00167.904 00167.562 00167.235 00166.906 00166.072
-9999.0 -9999.0 -9999.0 -9999.0 -9999.0 -9999.0 -9999.0 -9999.0 -9999.0 -9999.0 -9999.0 -9999.0 -9999.0 -9999.0 -9999.0 -9999.0 -9999.0 -9999.0 -9999.0 -9999.0 -9999.0 00153.237 00154.312 00155.006 00156.124 00156.922 00157.654 00158.438 00159.260 00160.221 00161.046 00161.995 00163.022 00163.892 00164.816 00165.636 00166.503 00166.943 00167.418 00167.759 00168.117 00169.351 00170.699 00172.038 00173.313 00174.391 -9999.0 -9999.0 -9999.0 -9999.0 -9999.0 -9999.0 -9999.000 00173.580 00172.520 00171.347 00169.718 00168.202 00167.834 00167.499 00167.169 00166.746 00165.868
-9999.0 -9999.0 -9999.0 -9999.0 -9999.0 -9999.0 -9999.0 -9999.0 -9999.0 -9999.0 -9999.0 -9999.0 -9999.0 -9999.0 -9999.0 -9999.0 -9999.0 -9999.0 -9999.0 -9999.0 -9999.0 00152.783 00153.935 00154.869 00155.811 00156.629 00157.421 00158.078 00158.945 00159.843 00160.734 00161.658 00162.642 00163.750 00164.550 00165.351 00166.209 00166.920 00167.308 00167.645 00167.987 00168.757 00170.491 00172.251 00173.809 -9999.000 -9999.0 -9999.0 -9999.0 -9999.0 -9999.0 -9999.0 -9999.000 00174.287 00172.661 00170.913 00169.242 00168.097 00167.754 00167.417 00166.944 00166.498 00165.626
-9999.0 -9999.0 -9999.0 -9999.0 -9999.0 -9999.0 -9999.0 -9999.0 -9999.0 -9999.0 -9999.0 -9999.0 -9999.0 -9999.0 -9999.0 -9999.0 -9999.0 -9999.0 -9999.0 -9999.0 -9999.0 00152.267 00153.514 00154.532 00155.186 00156.320 00157.111 00157.761 00158.629 00159.488 00160.461 00161.299 00162.259 00163.318 00163.911 00165.045 00165.878 00166.766 00167.180 00167.512 00167.851 00168.272 00169.766 00171.360 00173.086 -9999.000 -9999.0 -9999.0 -9999.0 -9999.0 -9999.0 -9999.0 -9999.0 00173.684 00172.020 00170.365 00168.706 00167.976 00167.633 00167.296 00166.917 00166.177 00165.317
-9999.0 -9999.0 -9999.0 -9999.0 -9999.0 -9999.0 -9999.0 -9999.0 -9999.0 -9999.0 -9999.0 -9999.0 -9999.0 -9999.0 -9999.0 -9999.0 -9999.0 -9999.0 -9999.0 -9999.0 -9999.0 -9999.0 00153.008 00154.110 00154.932 00155.950 00156.757 00157.546 00158.258 00159.072 00159.994 00160.835 00161.787 00162.788 00163.876 00164.649 00165.453 00166.307 00166.928 00167.341 00167.679 00168.022 00168.837 00170.465 00172.019 00173.547 -9999.000 -9999.0 -9999.0 -9999.0 -9999.0 -9999.0 -9999.000 00172.782 00171.156 00169.561 00168.160 00167.821 00167.485 00167.155 00166.709 00165.832 00165.010
-9999.0 -9999.0 -9999.0 -9999.0 -9999.0 -9999.0 -9999.0 -9999.0 -9999.0 -9999.0 -9999.0 -9999.0 -9999.0 -9999.0 -9999.0 -9999.0 -9999.0 -9999.0 -9999.0 -9999.0 -9999.0 -9999.0 00152.368 00153.596 00154.593 00155.341 00156.366 00157.154 00157.780 00158.656 00159.511 00160.472 00161.304 00162.257 00163.305 00163.910 00165.028 00165.856 00166.708 00167.145 00167.464 00167.787 00168.115 00169.236 00170.792 00172.347 00173.855 -9999.0 -9999.0 -9999.0 -9999.0 -9999.000 00173.296 00171.697 00170.139 00168.579 00167.950 00167.619 00167.289 00166.917 00166.188 00165.343 00164.558
-9999.0 -9999.0 -9999.0 -9999.0 -9999.0 -9999.0 -9999.0 -9999.0 -9999.0 -9999.0 -9999.0 -9999.0 -9999.0 -9999.0 -9999.0 -9999.0 -9999.0 -9999.0 -9999.0 -9999.0 -9999.0 -9999.0 -9999.0 00153.004 00154.099 00154.925 00155.932 00156.735 00157.521 00158.215 00159.038 00159.949 00160.802 00161.725 00162.678 00163.739 00164.507 00165.269 00166.082 00166.906 00167.226 00167.539 00167.859 00168.230 00169.593 00171.106 00172.675 -9999.000 -9999.0 -9999.0 -9999.0 00173.818 00172.254 00170.652 00169.016 00168.064 00167.730 00167.402 00166.943 00166.517 00165.668 00164.866 00163.897
-9999.0 -9999.0 -9999.0 -9999.0 -9999.0 -9999.0 -9999.0 -9999.0 -9999.0 -9999.0 -9999.0 -9999.0 -9999.0 -9999.0 -9999.0 -9999.0 -9999.0 -9999.0 -9999.0 -9999.0 -9999.0 -9999.0 -9999.0 00152.296 00153.527 00154.534 00155.165 00156.307 00157.082 00157.728 00158.540 00159.345 00160.277 00161.066 00161.976 00162.957 00163.884 00164.702 00165.465 00166.272 00166.920 00167.289 00167.604 00167.925 00168.456 00169.923 00171.422 00172.987 -9999.000 -9999.0 -9999.000 00172.798 00171.191 00169.625 00168.212 00167.843 00167.512 00167.189 00166.815 00165.950 00165.135 00164.348 00163.517
-9999.0 -9999.0 -9999.0 -9999.0 -9999.0 -9999.0 -9999.0 -9999.0 -9999.0 -9999.0 -9999.0 -9999.0 -9999.0 -9999.0 -9999.0 -9999.0 -9999.0 -9999.0 -9999.0 -9999.0 -9999.0 -9999.0 -9999.0 -9999.0 00152.850 00153.948 00154.860 00155.759 00156.550 00157.311 00157.872 00158.755 00159.594 00160.510 00161.313 00162.212 00163.193 00163.899 00164.855 00165.627 00166.443 00166.935 00167.354 00167.670 00167.990 00168.659 00170.188 00171.578 00172.841 -9999.000 00172.777 00171.451 00170.093 00168.547 00167.943 00167.618 00167.297 00166.920 00166.236 00165.405 00164.623 00163.875 00162.808
-9999.0 -9999.0 -9999.0 -9999.0 -9999.0 -9999.0 -9999.0 -9999.0 -9999.0 -9999.0 -9999.0 -9999.0 -9999.0 -9999.0 -9999.0 -9999.0 -9999.0 -9999.0 -9999.0 -9999.0 -9999.0 -9999.0 -9999.0 -9999.0 -9999.0 00153.203 00154.244 00154.966 00155.994 00156.764 00157.520 00158.166 00158.956 00159.799 00160.657 00161.500 00162.406 00163.415 00163.913 00165.012 00165.789 00166.617 00166.951 00167.405 00167.715 00168.035 00168.625 00169.848 00170.899 00172.112 00170.903 00169.808 00168.541 00167.997 00167.700 00167.376 00166.938 00166.482 00165.655 00164.872 00163.899 00163.155 00162.148
