examples/flatland/Outputs/centerIgnit/c_atmRAWS/singleWinds/flatland_centerIgnit_3mph180deg7hr_atmRAWS/flatland_centerIgnit_3mph180deg7hr_atmRAWS_Intensity.asc
NCOLS 100
NROWS 100
XLLCORNER 20000.000000
YLLCORNER 20000.000000
CELLSIZE 30.000000
NODATA_VALUE -9999.0
[rows 28 to 55 of 100, columns 0 to 62 of 100]
-9999.0 -9999.0 -9999.0 -9999.0 -9999.0 -9999.0 -9999.0 -9999.0 -9999.0 -9999.0 -9999.0 -9999.0 -9999.0 -9999.0 -9999.0 -9999.0 -9999.0 -9999.0 -9999.0 -9999.0 00031.136 00032.082 00032.919 00033.637 00034.351 00035.257 00036.428 00037.451 00038.198 00039.113 00039.898 00040.680 00041.441 00042.015 00042.565 00043.402 00044.292 00045.330 00046.688 00047.988 00048.868 00050.033 00051.173 00052.048 00052.894 00053.675 00054.405 00055.133 00055.509 00055.128 00054.683 00054.056 00053.349 00052.648 00051.664 00050.684 00049.438 00048.479 00047.329 00046.524 00045.783 00045.274 00044.836
-9999.0 -9999.0 -9999.0 -9999.0 -9999.0 -9999.0 -9999.0 -9999.0 -9999.0 -9999.0 -9999.0 -9999.0 -9999.0 -9999.0 -9999.0 -9999.0 -9999.0 -9999.0 -9999.0 -9999.0 00030.985 00031.834 00032.740 00033.471 00034.377 00035.104 00035.989 00037.188 00038.074 00039.037 00039.913 00040.757 00041.586 00042.201 00042.741 00043.439 00044.300 00045.262 00046.525 00047.694 00048.991 00050.104 00051.247 00052.228 00053.108 00053.971 00054.796 00055.553 00055.980 00055.568 00055.052 00054.390 00053.629 00052.849 00051.767 00050.745 00049.683 00047.983 00047.498 00046.763 00046.110 00045.636 00045.044
-9999.0 -9999.0 -9999.0 -9999.0 -9999.0 -9999.0 -9999.0 -9999.0 -9999.0 -9999.0 -9999.0 -9999.0 -9999.0 -9999.0 -9999.0 -9999.0 -9999.0 -9999.0 -9999.0 -9999.0 00030.852 00031.662 00032.446 00033.126 00034.315 00034.962 00035.767 00036.576 00037.887 00038.943 00039.828 00040.797 00041.620 00042.347 00042.984 00043.536 00044.353 00045.299 00046.055 00047.563 00048.895 00050.048 00051.242 00052.398 00053.314 00054.228 00055.079 00055.938 00056.466 00055.987 00055.405 00054.701 00053.907 00052.972 00051.824 00050.741 00049.416 00048.280 00047.325 00046.985 00046.499 00045.965 00045.254
-9999.0 -9999.0 -9999.0 -9999.0 -9999.0 -9999.0 -9999.0 -9999.0 -9999.0 -9999.0 -9999.0 -9999.0 -9999.0 -9999.0 -9999.0 -9999.0 -9999.0 -9999.0 -9999.0 00029.485 00030.721 00031.493 00032.255 00033.014 00034.010 00034.844 00035.643 00036.269 00037.246 00038.644 00039.536 00040.687 00041.570 00042.417 00043.198 00043.790 00044.404 00045.217 00046.103 00047.129 00048.703 00049.958 00051.210 00052.501 00053.510 00054.455 00055.151 00055.956 00056.510 00056.066 00055.541 00054.935 00054.180 00053.079 00051.749 00050.376 00049.148 00048.380 00047.720 00046.990 00046.911 00046.200 00045.430
-9999.0 -9999.0 -9999.0 -9999.0 -9999.0 -9999.0 -9999.0 -9999.0 -9999.0 -9999.0 -9999.0 -9999.0 -9999.0 -9999.0 -9999.0 -9999.0 -9999.0 -9999.0 -9999.0 00029.678 00030.578 00031.341 00032.011 00032.884 00033.775 00034.716 00035.480 00036.206 00037.037 00037.962 00039.249 00040.317 00041.479 00042.426 00043.256 00044.088 00044.676 00044.932 00046.010 00046.849 00048.213 00049.832 00051.117 00052.488 00053.463 00054.289 00055.156 00056.044 00056.808 00056.201 00055.661 00054.890 00054.123 00053.116 00051.620 00050.395 00049.436 00048.501 00047.878 00047.524 00046.838 00046.436 00045.603
-9999.0 -9999.0 -9999.0 -9999.0 -9999.0 -9999.0 -9999.0 -9999.0 -9999.0 -9999.0 -9999.0 -9999.0 -9999.0 -9999.0 -9999.0 -9999.0 -9999.0 -9999.0 -9999.0 00029.424 00030.268 00031.112 00031.771 00032.636 00033.482 00034.403 00035.257 00036.089 00036.897 00037.859 00038.965 00039.931 00041.106 00042.383 00043.304 00044.181 00044.699 00045.293 00045.930 00046.772 00047.611 00049.367 00050.701 00052.107 00053.396 00054.324 00055.182 00056.193 00057.009 00056.346 00055.762 00054.805 00053.933 00052.666 00051.259 00050.399 00049.423 00048.605 00048.157 00047.803 00047.174 00046.349 00045.352
-9999.0 -9999.0 -9999.0 -9999.0 -9999.0 -9999.0 -9999.0 -9999.0 -9999.0 -9999.0 -9999.0 -9999.0 -9999.0 -9999.0 -9999.0 -9999.0 -9999.0 -9999.0 -9999.0 00029.202 00030.004 00030.776 00031.401 00032.354 00033.176 00034.027 00034.796 00035.877 00036.721 00037.662 00038.599 00039.591 00040.685 00041.943 00043.347 00044.142 00044.918 00045.484 00045.922 00046.689 00047.589 00048.959 00049.924 00051.796 00053.105 00054.130 00055.342 00056.358 00057.197 00056.513 00055.825 00054.702 00053.575 00052.428 00051.060 00050.223 00049.468 00048.826 00048.452 00047.859 00047.244 00046.347 00044.818
-9999.0 -9999.0 -9999.0 -9999.0 -9999.0 -9999.0 -9999.0 -9999.0 -9999.0 -9999.0 -9999.0 -9999.0 -9999.0 -9999.0 -9999.0 -9999.0 -9999.0 -9999.0 -9999.0 00029.008 00029.774 00030.497 00031.055 00032.124 00032.889 00033.701 00034.421 00035.401 00036.436 00037.441 00038.276 00039.218 00040.293 00041.472 00042.879 00043.893 00044.867 00045.595 00046.121 00046.590 00047.621 00048.484 00049.496 00051.077 00052.473 00053.810 00055.135 00056.323 00057.383 00056.554 00055.678 00054.554 00053.329 00052.195 00050.991 00050.003 00049.389 00049.135 00048.681 00047.900 00047.021 00045.798 00044.302
-9999.0 -9999.0 -9999.0 -9999.0 -9999.0 -9999.0 -9999.0 -9999.0 -9999.0 -9999.0 -9999.0 -9999.0 -9999.0 -9999.0 -9999.0 -9999.0 -9999.0 -9999.0 -9999.0 00028.756 00029.556 00030.263 00030.959 00031.888 00032.639 00033.397 00034.125 00034.995 00035.917 00037.037 00037.934 00038.800 00039.871 00041.039 00042.154 00043.609 00044.692 00045.454 00046.357 00046.796 00047.244 00048.129 00049.124 00050.712 00052.034 00053.502 00054.814 00056.195 00057.573 00056.529 00055.511 00054.327 00053.031 00051.797 00050.613 00049.852 00049.467 00049.361 00048.760 00047.824 00046.877 00045.516 00044.140
-9999.0 -9999.0 -9999.0 -9999.0 -9999.0 -9999.0 -9999.0 -9999.0 -9999.0 -9999.0 -9999.0 -9999.0 -9999.0 -9999.0 -9999.0 -9999.0 -9999.0 -9999.0 -9999.0 00028.412 00029.228 00029.986 00030.780 00031.559 00032.352 00033.088 00033.857 00034.643 00035.517 00036.466 00037.432 00038.359 00039.423 00040.584 00041.461 00042.817 00044.250 00045.227 00046.223 00046.991 00047.148 00047.705 00048.694 00050.070 00051.533 00053.072 00054.492 00056.093 00058.126 00056.603 00055.372 00054.037 00052.666 00051.335 00050.265 00049.790 00049.646 00049.226 00048.689 00047.734 00046.601 00044.949 00043.678
-9999.0 -9999.0 -9999.0 -9999.0 -9999.0 -9999.0 -9999.0 -9999.0 -9999.0 -9999.0 -9999.0 -9999.0 -9999.0 -9999.0 -9999.0 -9999.0 -9999.0 -9999.0 -9999.0 00027.842 00028.717 00029.608 00030.444 00031.216 00031.983 00032.703 00033.551 00034.334 00035.175 00036.007 00037.050 00037.964 00038.961 00040.092 00041.099 00042.283 00043.949 00044.971 00046.017 00046.730 00047.261 00047.439 00048.103 00049.328 00050.914 00052.624 00054.572 00056.502 00059.088 00057.170 00055.655 00053.848 00052.182 00050.802 00050.124 00049.904 00049.762 00049.256 00048.205 00047.621 00045.788 00044.344 00043.185
-9999.0 -9999.0 -9999.0 -9999.0 -9999.0 -9999.0 -9999.0 -9999.0 -9999.0 -9999.0 -9999.0 -9999.0 -9999.0 -9999.0 -9999.0 -9999.0 -9999.0 -9999.0 -9999.0 00027.259 00028.081 00028.894 00029.839 00030.830 00031.651 00032.301 00033.127 00033.933 00034.853 00035.633 00036.625 00037.559 00038.536 00039.432 00040.490 00041.545 00042.930 00044.692 00045.533 00046.414 00047.215 00047.515 00047.690 00048.479 00050.155 00052.316 00054.861 00057.203 00059.980 00057.892 00056.051 00053.842 00051.827 00050.521 00050.165 00050.023 00049.682 00048.747 00047.634 00046.451 00045.043 00043.822 00042.759
-9999.0 -9999.0 -9999.0 -9999.0 -9999.0 -9999.0 -9999.0 -9999.0 -9999.0 -9999.0 -9999.0 -9999.0 -9999.0 -9999.0 -9999.0 -9999.0 -9999.0 -9999.0 -9999.0 00026.477 00027.367 00028.159 00029.050 00029.942 00030.923 00031.907 00032.801 00033.385 00034.381 00035.216 00036.120 00037.058 00038.103 00038.835 00039.906 00040.890 00041.995 00043.468 00044.806 00045.695 00046.913 00047.589 00047.773 00048.084 00049.438 00051.989 00054.461 00057.050 00060.760 00058.056 00055.918 00053.763 00051.557 00050.617 00050.287 00050.087 00049.421 00048.177 00046.985 00045.716 00044.467 00043.349 00042.310
-9999.0 -9999.0 -9999.0 -9999.0 -9999.0 -9999.0 -9999.0 -9999.0 -9999.0 -9999.0 -9999.0 -9999.0 -9999.0 -9999.0 -9999.0 -9999.0 -9999.0 -9999.0 -9999.0 00025.852 00026.624 00027.348 00028.144 00028.978 00029.884 00030.736 00031.888 00032.488 00033.583 00034.695 00035.644 00036.525 00037.529 00038.200 00039.348 00040.279 00041.303 00042.373 00043.762 00044.911 00046.109 00047.376 00047.871 00048.246 00049.216 00051.215 00054.038 00056.848 00061.527 00058.401 00055.822 00053.448 00051.922 00051.113 00050.563 00050.060 00048.797 00047.508 00046.200 00045.065 00043.774 00042.856 00041.805
-9999.0 -9999.0 -9999.0 -9999.0 -9999.0 -9999.0 -9999.0 -9999.0 -9999.0 -9999.0 -9999.0 -9999.0 -9999.0 -9999.0 -9999.0 -9999.0 -9999.0 -9999.0 -9999.0 00025.370 00026.076 00026.711 00027.223 00027.996 00028.735 00029.483 00030.444 00031.573 00032.559 00033.528 00034.730 00036.128 00037.059 00037.753 00038.718 00039.662 00040.651 00041.530 00042.832 00043.937 00045.218 00046.573 00047.862 00048.661 00049.437 00050.458 00053.283 00056.914 00062.054 00058.549 00055.586 00053.171 00052.375 00051.746 00050.949 00049.626 00048.092 00046.622 00045.333 00044.216 00043.054 00042.453 00040.761
-9999.0 -9999.0 -9999.0 -9999.0 -9999.0 -9999.0 -9999.0 -9999.0 -9999.0 -9999.0 -9999.0 -9999.0 -9999.0 -9999.0 -9999.0 -9999.0 -9999.0 -9999.0 -9999.0 00024.691 00025.621 00026.240 00026.669 00027.490 00028.116 00028.691 00029.288 00030.469 00031.394 00032.279 00033.345 00034.554 00036.054 00036.463 00037.783 00039.064 00040.025 00040.727 00041.845 00042.870 00044.113 00045.552 00047.419 00049.110 00049.899 00050.632 00051.773 00054.588 00062.265 00057.230 00054.790 00053.650 00052.955 00052.303 00051.382 00049.113 00047.089 00045.668 00044.562 00043.246 00041.717 00040.733 00038.759
-9999.0 -9999.0 -9999.0 -9999.0 -9999.0 -9999.0 -9999.0 -9999.0 -9999.0 -9999.0 -9999.0 -9999.0 -9999.0 -9999.0 -9999.0 -9999.0 -9999.0 -9999.0 -9999.0 -9999.0 00025.212 00025.828 00026.316 00027.035 00027.583 00028.207 00028.789 00029.470 00030.209 00030.934 00031.775 00032.751 00033.960 00035.068 00036.154 00037.539 00039.371 00039.397 00040.871 00041.896 00042.903 00044.367 00046.582 00049.060 00050.368 00051.131 00051.855 00052.643 -9999.0 -9999.000 00054.845 00054.208 00053.530 00052.841 00050.909 00048.595 00046.239 00044.429 00043.464 00041.156 00039.856 00037.991 00036.591
-9999.0 -9999.0 -9999.0 -9999.0 -9999.0 -9999.0 -9999.0 -9999.0 -9999.0 -9999.0 -9999.0 -9999.0 -9999.0 -9999.0 -9999.0 -9999.0 -9999.0 -9999.0 -9999.0 -9999.0 00024.709 00025.341 00025.914 00026.545 00027.060 00027.646 00028.137 00028.787 00029.436 00030.064 00030.662 00031.269 00031.899 00033.488 00034.370 00035.494 00036.874 00037.520 00038.796 00040.625 00041.517 00043.137 00045.543 00047.876 00050.817 00051.605 00052.321 -9999.000 -9999.0 -9999.0 -9999.000 00054.773 00054.137 00052.862 00049.995 00047.960 00044.419 00041.840 00040.634 00038.801 00037.308 00035.367 00034.610
-9999.0 -9999.0 -9999.0 -9999.0 -9999.0 -9999.0 -9999.0 -9999.0 -9999.0 -9999.0 -9999.0 -9999.0 -9999.0 -9999.0 -9999.0 -9999.0 -9999.0 -9999.0 -9999.0 -9999.0 00024.172 00024.804 00025.375 00025.872 00026.566 00027.146 00027.605 00028.230 00028.817 00029.444 00029.988 00030.565 00031.241 00031.651 00032.553 00033.235 00034.076 00035.550 00036.506 00037.774 00038.861 00040.574 00044.043 00045.476 00049.735 00052.070 -9999.000 -9999.0 -9999.0 -9999.0 -9999.0 -9999.000 00054.702 00052.612 00047.418 00045.529 00041.949 00039.439 00037.163 00035.998 00034.831 00034.228 00033.587
-9999.0 -9999.0 -9999.0 -9999.0 -9999.0 -9999.0 -9999.0 -9999.0 -9999.0 -9999.0 -9999.0 -9999.0 -9999.0 -9999.0 -9999.0 -9999.0 -9999.0 -9999.0 -9999.0 -9999.0 -9999.0 00024.293 00024.860 00025.266 00025.970 00026.623 00027.145 00027.694 00028.251 00028.863 00029.375 00029.807 00030.416 00030.939 00031.505 00031.972 00032.439 00032.686 00034.003 00034.601 00035.973 00037.805 00040.248 00042.182 00046.606 00052.451 -9999.0 -9999.0 -9999.0 -9999.0 -9999.0 -9999.0 -9999.000 00049.602 00044.475 00041.419 00038.358 00036.413 00034.110 00033.942 00033.601 00033.345 00032.768
-9999.0 -9999.0 -9999.0 -9999.0 -9999.0 -9999.0 -9999.0 -9999.0 -9999.0 -9999.0 -9999.0 -9999.0 -9999.0 -9999.0 -9999.0 -9999.0 -9999.0 -9999.0 -9999.0 -9999.0 -9999.0 00023.815 00024.390 00024.902 00025.474 00026.010 00026.546 00026.990 00027.553 00028.112 00028.645 00029.151 00029.669 00030.269 00030.701 00031.133 00031.596 00031.921 00032.174 00032.238 00032.476 00034.210 00035.448 00038.199 00040.969 -9999.000 -9999.0 -9999.0 -9999.0 -9999.0 -9999.0 -9999.0 -9999.000 00044.303 00039.776 00036.066 00034.463 00033.601 00033.125 00032.825 00032.647 00032.413 00031.876
-9999.0 -9999.0 -9999.0 -9999.0 -9999.0 -9999.0 -9999.0 -9999.0 -9999.0 -9999.0 -9999.0 -9999.0 -9999.0 -9999.0 -9999.0 -9999.0 -9999.0 -9999.0 -9999.0 -9999.0 -9999.0 00023.329 00023.917 00024.442 00024.710 00025.391 00025.891 00026.301 00026.835 00027.336 00027.876 00028.315 00028.973 00029.516 00029.808 00030.366 00030.762 00031.007 00031.121 00031.245 00031.371 00031.578 00031.955 00033.474 00034.443 -9999.000 -9999.0 -9999.0 -9999.0 -9999.0 -9999.0 -9999.0 -9999.0 00035.317 00034.905 00033.118 00032.476 00032.123 00031.944 00031.775 00031.636 00031.266 00030.813
-9999.0 -9999.0 -9999.0 -9999.0 -9999.0 -9999.0 -9999.0 -9999.0 -9999.0 -9999.0 -9999.0 -9999.0 -9999.0 -9999.0 -9999.0 -9999.0 -9999.0 -9999.0 -9999.0 -9999.0 -9999.0 -9999.0 00023.332 00023.847 00024.251 00024.833 00025.319 00025.784 00026.209 00026.676 00027.180 00027.615 00028.136 00028.624 00029.118 00029.446 00029.780 00030.107 00030.208 00030.286 00030.302 00030.284 00030.430 00030.938 00031.289 00031.436 -9999.000 -9999.0 -9999.0 -9999.0 -9999.0 -9999.0 -9999.000 00032.168 00031.902 00031.399 00030.925 00030.916 00030.873 00030.809 00030.357 00030.002 00029.868
-9999.0 -9999.0 -9999.0 -9999.0 -9999.0 -9999.0 -9999.0 -9999.0 -9999.0 -9999.0 -9999.0 -9999.0 -9999.0 -9999.0 -9999.0 -9999.0 -9999.0 -9999.0 -9999.0 -9999.0 -9999.0 -9999.0 00022.719 00023.265 00023.749 00024.215 00024.798 00025.257 00025.570 00026.066 00026.519 00027.002 00027.387 00027.811 00028.260 00028.423 00028.687 00028.874 00029.314 00029.448 00029.410 00029.335 00029.213 00029.519 00030.157 00030.828 00031.502 -9999.0 -9999.0 -9999.0 -9999.0 -9999.000 00032.189 00031.452 00030.761 00030.116 00029.916 00029.883 00029.932 00029.835 00029.591 00029.278 00028.737
-9999.0 -9999.0 -9999.0 -9999.0 -9999.0 -9999.0 -9999.0 -9999.0 -9999.0 -9999.0 -9999.0 -9999.0 -9999.0 -9999.0 -9999.0 -9999.0 -9999.0 -9999.0 -9999.0 -9999.0 -9999.0 -9999.0 -9999.0 00022.806 00023.313 00023.730 00024.296 00024.768 00025.074 00025.430 00025.853 00026.294 00026.673 00027.040 00027.367 00027.695 00027.958 00028.203 00028.456 00028.727 00028.701 00028.757 00028.829 00028.986 00029.597 00030.273 00030.974 -9999.000 -9999.0 -9999.0 -9999.0 00032.429 00031.709 00030.971 00030.218 00029.779 00029.625 00029.477 00029.316 00029.210 00028.901 00028.539 00028.128
-9999.0 -9999.0 -9999.0 -9999.0 -9999.0 -9999.0 -9999.0 -9999.0 -9999.0 -9999.0 -9999.0 -9999.0 -9999.0 -9999.0 -9999.0 -9999.0 -9999.0 -9999.0 -9999.0 -9999.0 -9999.0 -9999.0 -9999.0 00022.262 00022.719 00023.138 00023.381 00023.926 00024.290 00024.766 00025.152 00025.497 00025.867 00026.115 00026.449 00026.855 00027.230 00027.595 00027.862 00028.144 00028.400 00028.564 00028.704 00028.848 00029.082 00029.683 00030.349 00030.706 -9999.000 -9999.0 -9999.000 00031.210 00030.916 00030.326 00029.716 00029.622 00029.515 00029.365 00029.195 00028.798 00028.422 00028.057 00027.692
-9999.0 -9999.0 -9999.0 -9999.0 -9999.0 -9999.0 -9999.0 -9999.0 -9999.0 -9999.0 -9999.0 -9999.0 -9999.0 -9999.0 -9999.0 -9999.0 -9999.0 -9999.0 -9999.0 -9999.0 -9999.0 -9999.0 -9999.0 -9999.0 00022.061 00022.494 00022.890 00023.318 00023.711 00024.110 00024.351 00024.787 00025.181 00025.595 00025.940 00026.326 00026.737 00027.024 00027.460 00027.810 00028.176 00028.394 00028.501 00028.552 00028.559 00028.530 00028.776 00028.814 00028.359 -9999.000 00028.504 00029.113 00029.084 00028.840 00028.893 00028.993 00029.029 00029.015 00028.788 00028.479 00028.147 00027.799 00027.291
-9999.0 -9999.0 -9999.0 -9999.0 -9999.0 -9999.0 -9999.0 -9999.0 -9999.0 -9999.0 -9999.0 -9999.0 -9999.0 -9999.0 -9999.0 -9999.0 -9999.0 -9999.0 -9999.0 -9999.0 -9999.0 -9999.0 -9999.0 -9999.0 -9999.0 00021.938 00022.358 00022.657 00023.164 00023.556 00023.944 00024.264 00024.665 00025.071 00025.463 00025.878 00026.312 00026.783 00027.008 00027.477 00027.748 00028.006 00027.963 00027.952 00027.714 00027.482 00027.262 00027.133 00026.975 00026.376 00027.062 00027.271 00027.442 00027.705 00027.962 00028.315 00028.538 00028.506 00028.205 00027.932 00027.556 00027.274 00026.849
