examples/flatland/Outputs/centerIgnit/c_atmRAWS/singleWinds/flatland_centerIgnit_3mph180deg7hr_atmRAWS/flatland_centerIgnit_3mph180deg7hr_atmRAWS_ArrivalTime.asc
NCOLS 100
NROWS 100
XLLCORNER 20000.000000
YLLCORNER 20000.000000
CELLSIZE 30.000000
NODATA_VALUE -9999.0
[rows 28 to 55 of 100, columns 0 to 63 of 100]
-9999.0 -9999.0 -9999.0 -9999.0 -9999.0 -9999.0 -9999.0 -9999.0 -9999.0 -9999.0 -9999.0 -9999.0 -9999.0 -9999.0 -9999.0 -9999.0 -9999.0 -9999.0 -9999.0 -9999.0 00415.498 00400.428 00385.586 00370.955 00356.895 00343.075 00329.505 00316.740 00304.812 00293.006 00281.548 00270.444 00259.689 00249.084 00238.599 00228.256 00218.506 00209.058 00199.860 00191.705 00184.522 00177.663 00171.013 00165.907 00160.842 00157.005 00153.630 00150.778 00149.489 00151.377 00153.519 00156.257 00160.098 00164.200 00169.588 00175.392 00181.459 00188.844 00196.816 00204.987 00213.677 00222.457 00231.298 00240.234
-9999.0 -9999.0 -9999.0 -9999.0 -9999.0 -9999.0 -9999.0 -9999.0 -9999.0 -9999.0 -9999.0 -9999.0 -9999.0 -9999.0 -9999.0 -9999.0 -9999.0 -9999.0 -9999.0 -9999.0 00411.289 00395.505 00380.697 00366.088 00351.651 00337.793 00324.165 00310.757 00298.263 00286.507 00274.920 00263.611 00252.762 00242.177 00231.702 00221.359 00211.179 00201.696 00192.448 00183.323 00176.123 00169.087 00162.459 00156.790 00151.752 00147.564 00144.034 00141.112 00139.643 00141.622 00143.906 00146.670 00150.734 00155.016 00160.661 00166.573 00172.917 00180.800 00188.799 00197.222 00205.886 00214.628 00223.444 00232.490
-9999.0 -9999.0 -9999.0 -9999.0 -9999.0 -9999.0 -9999.0 -9999.0 -9999.0 -9999.0 -9999.0 -9999.0 -9999.0 -9999.0 -9999.0 -9999.0 -9999.0 -9999.0 -9999.0 -9999.0 00407.404 00391.602 00375.989 00361.262 00346.869 00332.664 00318.973 00305.541 00292.284 00280.042 00268.455 00257.072 00245.922 00235.322 00224.876 00214.529 00204.329 00194.463 00185.101 00176.002 00167.748 00160.688 00153.950 00147.714 00142.704 00138.166 00134.519 00131.504 00129.850 00131.923 00134.340 00137.372 00141.417 00146.152 00151.823 00157.782 00164.948 00172.853 00180.962 00189.501 00198.142 00206.845 00215.627 00224.906
-9999.0 -9999.0 -9999.0 -9999.0 -9999.0 -9999.0 -9999.0 -9999.0 -9999.0 -9999.0 -9999.0 -9999.0 -9999.0 -9999.0 -9999.0 -9999.0 -9999.0 -9999.0 -9999.0 00419.905 00403.749 00387.816 00372.226 00356.826 00342.119 00327.970 00313.982 00300.429 00287.168 00274.061 00262.066 00250.645 00239.467 00228.514 00218.085 00207.776 00197.557 00187.497 00177.940 00168.730 00159.656 00152.378 00145.492 00138.890 00133.699 00128.811 00125.194 00121.972 00120.109 00122.299 00124.822 00128.120 00132.145 00137.342 00143.094 00149.154 00157.036 00164.950 00173.329 00181.861 00190.442 00199.112 00208.119 00217.410
-9999.0 -9999.0 -9999.0 -9999.0 -9999.0 -9999.0 -9999.0 -9999.0 -9999.0 -9999.0 -9999.0 -9999.0 -9999.0 -9999.0 -9999.0 -9999.0 -9999.0 -9999.0 -9999.0 00416.951 00400.206 00384.251 00368.567 00353.141 00337.995 00323.274 00309.340 00295.555 00282.131 00269.050 00256.087 00244.342 00233.096 00222.080 00211.353 00201.054 00190.882 00180.813 00170.850 00161.576 00152.476 00144.088 00137.155 00130.504 00124.737 00119.786 00115.897 00112.497 00110.387 00112.731 00115.332 00118.910 00122.968 00128.588 00134.381 00141.337 00149.190 00157.280 00165.732 00174.247 00182.810 00191.533 00200.661 00209.969
-9999.0 -9999.0 -9999.0 -9999.0 -9999.0 -9999.0 -9999.0 -9999.0 -9999.0 -9999.0 -9999.0 -9999.0 -9999.0 -9999.0 -9999.0 -9999.0 -9999.0 -9999.0 -9999.0 00414.292 00397.552 00381.062 00365.061 00349.596 00334.361 00319.434 00304.724 00290.975 00277.385 00264.097 00251.175 00238.376 00226.837 00215.757 00204.902 00194.410 00184.256 00174.196 00164.230 00154.501 00145.353 00136.303 00128.914 00122.176 00115.801 00110.863 00106.613 00103.090 00100.685 00103.236 00105.856 00109.712 00114.259 00119.918 00125.751 00133.560 00141.385 00149.737 00158.176 00166.660 00175.205 00184.174 00193.306 00202.916
-9999.0 -9999.0 -9999.0 -9999.0 -9999.0 -9999.0 -9999.0 -9999.0 -9999.0 -9999.0 -9999.0 -9999.0 -9999.0 -9999.0 -9999.0 -9999.0 -9999.0 -9999.0 -9999.0 00411.868 00394.939 00378.476 00362.216 00346.154 00330.917 00315.904 00301.152 00286.566 00272.855 00259.450 00246.307 00233.550 00220.877 00209.538 00198.634 00187.928 00177.665 00167.620 00157.647 00147.779 00138.330 00129.268 00120.673 00113.900 00107.288 00101.950 00097.336 00093.708 00090.981 00093.731 00096.552 00100.524 00105.581 00111.248 00118.032 00125.823 00133.892 00142.247 00150.655 00159.114 00167.843 00176.854 00185.964 00196.736
-9999.0 -9999.0 -9999.0 -9999.0 -9999.0 -9999.0 -9999.0 -9999.0 -9999.0 -9999.0 -9999.0 -9999.0 -9999.0 -9999.0 -9999.0 -9999.0 -9999.0 -9999.0 -9999.0 00410.043 00392.883 00375.970 00359.664 00343.642 00327.844 00312.513 00297.715 00283.116 00268.720 00254.991 00241.775 00228.746 00216.130 00203.599 00192.468 00181.747 00171.148 00161.079 00151.130 00141.244 00131.473 00122.304 00113.272 00105.659 00099.011 00093.042 00088.143 00084.328 00081.286 00084.203 00087.389 00091.346 00096.919 00102.569 00110.339 00118.162 00126.451 00134.790 00143.169 00151.651 00160.566 00169.552 00179.827 00190.588
-9999.0 -9999.0 -9999.0 -9999.0 -9999.0 -9999.0 -9999.0 -9999.0 -9999.0 -9999.0 -9999.0 -9999.0 -9999.0 -9999.0 -9999.0 -9999.0 -9999.0 -9999.0 -9999.0 00408.531 00391.095 00374.199 00357.507 00341.146 00325.372 00309.789 00294.390 00279.767 00265.346 00251.122 00237.366 00224.313 00211.395 00198.915 00186.530 00175.608 00165.019 00154.579 00144.638 00134.786 00125.002 00115.359 00106.339 00097.379 00090.758 00084.167 00079.262 00075.018 00071.605 00074.735 00078.241 00082.653 00088.267 00094.864 00102.663 00110.764 00119.050 00127.360 00135.716 00144.432 00153.313 00163.081 00173.771 00184.726
-9999.0 -9999.0 -9999.0 -9999.0 -9999.0 -9999.0 -9999.0 -9999.0 -9999.0 -9999.0 -9999.0 -9999.0 -9999.0 -9999.0 -9999.0 -9999.0 -9999.0 -9999.0 -9999.0 00407.446 00389.929 00372.677 00355.758 00339.345 00323.123 00307.362 00291.985 00276.797 00262.047 00247.832 00233.783 00219.938 00207.049 00194.291 00181.928 00169.644 00158.892 00148.422 00138.184 00128.345 00118.575 00108.848 00099.428 00090.392 00082.507 00075.935 00070.391 00065.807 00061.935 00065.354 00069.103 00074.026 00079.622 00087.220 00095.123 00103.382 00111.663 00119.963 00128.440 00137.230 00146.438 00157.084 00167.903 00178.887
-9999.0 -9999.0 -9999.0 -9999.0 -9999.0 -9999.0 -9999.0 -9999.0 -9999.0 -9999.0 -9999.0 -9999.0 -9999.0 -9999.0 -9999.0 -9999.0 -9999.0 -9999.0 -9999.0 00406.849 00389.106 00371.627 00354.578 00337.820 00321.433 00305.461 00289.656 00274.422 00259.424 00244.612 00230.537 00216.648 00202.880 00189.988 00177.400 00165.109 00152.896 00142.349 00131.984 00121.944 00112.176 00102.438 00092.745 00083.516 00074.440 00067.701 00061.528 00056.766 00052.307 00056.129 00059.975 00065.404 00071.783 00079.612 00087.762 00096.017 00104.287 00112.580 00121.291 00130.045 00140.523 00151.234 00162.105 00174.054
-9999.0 -9999.0 -9999.0 -9999.0 -9999.0 -9999.0 -9999.0 -9999.0 -9999.0 -9999.0 -9999.0 -9999.0 -9999.0 -9999.0 -9999.0 -9999.0 -9999.0 -9999.0 -9999.0 00406.273 00388.479 00370.965 00353.731 00336.800 00320.240 00303.932 00288.019 00272.415 00257.090 00242.299 00227.658 00213.448 00199.708 00186.118 00173.137 00160.663 00148.421 00136.283 00125.949 00115.677 00105.787 00096.058 00086.353 00076.689 00067.613 00059.466 00053.006 00047.868 00042.741 00046.980 00051.298 00056.801 00064.216 00072.195 00080.420 00088.662 00096.924 00105.431 00114.124 00124.089 00134.716 00145.469 00157.287 00169.224
-9999.0 -9999.0 -9999.0 -9999.0 -9999.0 -9999.0 -9999.0 -9999.0 -9999.0 -9999.0 -9999.0 -9999.0 -9999.0 -9999.0 -9999.0 -9999.0 -9999.0 -9999.0 -9999.0 00409.041 00390.010 00371.215 00353.025 00336.044 00319.344 00302.932 00286.809 00270.875 00255.416 00240.200 00225.378 00210.893 00196.563 00182.996 00169.531 00156.418 00144.069 00131.886 00119.908 00109.636 00099.443 00089.686 00079.993 00070.324 00060.835 00051.751 00044.875 00039.052 00033.485 00037.899 00042.799 00048.890 00056.705 00064.875 00073.091 00081.322 00089.650 00098.270 00107.712 00118.339 00128.978 00140.667 00152.510 00164.990
-9999.0 -9999.0 -9999.0 -9999.0 -9999.0 -9999.0 -9999.0 -9999.0 -9999.0 -9999.0 -9999.0 -9999.0 -9999.0 -9999.0 -9999.0 -9999.0 -9999.0 -9999.0 -9999.0 00411.842 00392.769 00374.002 00355.451 00337.172 00319.099 00302.047 00285.829 00269.852 00254.125 00238.657 00223.603 00208.713 00194.344 00180.174 00166.443 00153.096 00139.833 00127.613 00115.477 00103.581 00093.393 00083.330 00073.644 00063.984 00054.373 00045.114 00036.778 00030.552 00024.425 00029.101 00034.359 00041.501 00049.449 00057.579 00065.773 00073.993 00082.495 00091.395 00102.011 00112.623 00124.202 00135.939 00148.382 00161.062
-9999.0 -9999.0 -9999.0 -9999.0 -9999.0 -9999.0 -9999.0 -9999.0 -9999.0 -9999.0 -9999.0 -9999.0 -9999.0 -9999.0 -9999.0 -9999.0 -9999.0 -9999.0 -9999.0 00415.331 00396.059 00377.107 00358.407 00340.014 00321.954 00304.152 00286.504 00269.005 00253.036 00237.507 00222.213 00207.194 00192.480 00177.986 00163.950 00150.032 00136.799 00123.654 00111.263 00099.136 00087.320 00077.214 00067.304 00057.665 00048.111 00038.641 00029.548 00022.460 00015.478 00020.533 00026.443 00034.233 00042.251 00050.333 00058.472 00066.797 00075.321 00085.727 00096.327 00107.821 00119.539 00131.931 00144.527 00157.492
-9999.0 -9999.0 -9999.0 -9999.0 -9999.0 -9999.0 -9999.0 -9999.0 -9999.0 -9999.0 -9999.0 -9999.0 -9999.0 -9999.0 -9999.0 -9999.0 -9999.0 -9999.0 -9999.0 00419.535 00400.011 00380.790 00361.858 00343.283 00325.114 00307.206 00289.535 00272.095 00254.808 00237.685 00220.964 00205.843 00190.987 00176.355 00161.932 00147.861 00134.031 00120.648 00107.556 00094.961 00082.853 00071.121 00061.104 00051.381 00041.880 00032.461 00023.151 00014.378 00006.682 00012.048 00019.277 00027.147 00035.109 00043.130 00051.236 00059.620 00069.486 00080.079 00091.500 00103.236 00115.536 00128.032 00140.805 00155.031
-9999.0 -9999.0 -9999.0 -9999.0 -9999.0 -9999.0 -9999.0 -9999.0 -9999.0 -9999.0 -9999.0 -9999.0 -9999.0 -9999.0 -9999.0 -9999.0 -9999.0 -9999.0 -9999.0 -9999.0 00404.444 00385.158 00366.168 00347.442 00329.018 00310.850 00292.944 00275.285 00257.930 00240.872 00223.969 00207.185 00190.493 00174.766 00160.235 00145.942 00131.931 00118.143 00104.576 00091.521 00078.717 00066.623 00055.007 00045.190 00035.693 00026.328 00017.046 00007.846 0.0 00000.000 00012.249 00020.104 00028.016 00035.986 00044.132 00053.320 00063.883 00075.204 00086.931 00099.055 00111.468 00125.013 00140.724 00156.402
-9999.0 -9999.0 -9999.0 -9999.0 -9999.0 -9999.0 -9999.0 -9999.0 -9999.0 -9999.0 -9999.0 -9999.0 -9999.0 -9999.0 -9999.0 -9999.0 -9999.0 -9999.0 -9999.0 -9999.0 00409.916 00390.372 00371.119 00352.155 00333.475 00315.094 00297.013 00279.286 00261.789 00244.547 00227.511 00210.670 00194.048 00177.605 00161.121 00144.652 00129.884 00115.926 00102.154 00088.649 00075.516 00062.539 00050.512 00039.123 00029.540 00020.230 00011.000 00000.000 0.0 0.0 00000.000 00013.103 00020.966 00028.911 00037.360 00047.827 00058.810 00070.484 00082.462 00094.952 00111.068 00126.739 00142.364 00158.242
-9999.0 -9999.0 -9999.0 -9999.0 -9999.0 -9999.0 -9999.0 -9999.0 -9999.0 -9999.0 -9999.0 -9999.0 -9999.0 -9999.0 -9999.0 -9999.0 -9999.0 -9999.0 -9999.0 -9999.0 00415.707 00396.040 00376.705 00357.634 00338.886 00320.408 00302.210 00284.244 00266.528 00249.044 00231.796 00214.754 00197.906 00181.301 00164.961 00148.687 00132.467 00116.203 00099.704 00085.973 00072.514 00059.311 00046.618 00034.574 00023.468 00014.159 00000.000 0.0 0.0 0.0 0.0 00000.000 00013.958 00021.865 00031.829 00042.511 00053.776 00065.600 00081.702 00097.677 00113.407 00129.059 00144.846 00161.024
-9999.0 -9999.0 -9999.0 -9999.0 -9999.0 -9999.0 -9999.0 -9999.0 -9999.0 -9999.0 -9999.0 -9999.0 -9999.0 -9999.0 -9999.0 -9999.0 -9999.0 -9999.0 -9999.0 -9999.0 -9999.0 00402.571 00383.015 00363.777 00344.800 00326.142 00307.743 00289.593 00271.676 00254.100 00236.789 00219.675 00202.764 00186.060 00169.528 00153.149 00136.908 00120.815 00104.645 00088.365 00071.905 00055.944 00042.934 00030.459 00018.538 00008.129 0.0 0.0 0.0 0.0 0.0 0.0 00000.000 00015.764 00026.021 00036.967 00052.722 00069.092 00084.871 00100.706 00116.596 00132.553 00148.628 00164.854
-9999.0 -9999.0 -9999.0 -9999.0 -9999.0 -9999.0 -9999.0 -9999.0 -9999.0 -9999.0 -9999.0 -9999.0 -9999.0 -9999.0 -9999.0 -9999.0 -9999.0 -9999.0 -9999.0 -9999.0 -9999.0 00409.881 00390.218 00370.852 00351.785 00333.013 00314.541 00296.317 00278.343 00260.598 00243.117 00225.841 00208.754 00191.876 00175.200 00158.663 00142.276 00126.027 00109.875 00093.777 00077.735 00061.561 00045.196 00028.566 00013.689 00000.000 0.0 0.0 0.0 0.0 0.0 0.0 00000.000 00009.270 00024.659 00041.078 00056.897 00072.704 00088.561 00104.638 00120.782 00137.002 00153.352 00169.832
-9999.0 -9999.0 -9999.0 -9999.0 -9999.0 -9999.0 -9999.0 -9999.0 -9999.0 -9999.0 -9999.0 -9999.0 -9999.0 -9999.0 -9999.0 -9999.0 -9999.0 -9999.0 -9999.0 -9999.0 -9999.0 00417.665 00397.868 00378.389 00359.180 00340.279 00321.652 00303.320 00285.216 00267.361 00249.739 00232.361 00215.189 00198.223 00181.472 00164.884 00148.445 00132.199 00116.103 00100.071 00084.087 00068.146 00052.285 00036.668 00020.782 00000.000 0.0 0.0 0.0 0.0 0.0 0.0 0.0 00014.758 00030.657 00046.360 00062.229 00078.258 00094.337 00110.465 00126.642 00142.909 00159.313 00175.860
-9999.0 -9999.0 -9999.0 -9999.0 -9999.0 -9999.0 -9999.0 -9999.0 -9999.0 -9999.0 -9999.0 -9999.0 -9999.0 -9999.0 -9999.0 -9999.0 -9999.0 -9999.0 -9999.0 -9999.0 -9999.0 -9999.0 00406.439 00386.901 00367.654 00348.689 00330.031 00311.646 00293.523 00275.655 00258.017 00240.625 00223.449 00206.470 00189.693 00173.130 00156.707 00140.440 00124.300 00108.216 00092.181 00076.184 00060.373 00045.341 00030.557 00016.047 00000.000 0.0 0.0 0.0 0.0 0.0 00000.000 00023.510 00038.669 00054.081 00069.744 00085.519 00101.364 00117.276 00133.218 00149.290 00165.603 00182.239
-9999.0 -9999.0 -9999.0 -9999.0 -9999.0 -9999.0 -9999.0 -9999.0 -9999.0 -9999.0 -9999.0 -9999.0 -9999.0 -9999.0 -9999.0 -9999.0 -9999.0 -9999.0 -9999.0 -9999.0 -9999.0 -9999.0 00416.141 00396.450 00377.086 00357.983 00339.199 00320.687 00302.499 00284.585 00266.914 00249.468 00232.256 00215.238 00198.405 00181.774 00165.262 00148.852 00133.227 00117.763 00102.382 00087.078 00071.862 00056.822 00042.044 00027.477 00013.100 0.0 0.0 0.0 0.0 00000.000 00018.458 00033.391 00048.555 00063.926 00079.428 00095.011 00110.818 00126.693 00142.680 00158.811 00175.075 00191.503
-9999.0 -9999.0 -9999.0 -9999.0 -9999.0 -9999.0 -9999.0 -9999.0 -9999.0 -9999.0 -9999.0 -9999.0 -9999.0 -9999.0 -9999.0 -9999.0 -9999.0 -9999.0 -9999.0 -9999.0 -9999.0 -9999.0 -9999.0 00406.518 00387.094 00367.955 00349.092 00330.528 00312.241 00294.187 00276.376 00258.785 00241.434 00224.610 00208.219 00192.051 00176.101 00160.306 00144.658 00129.144 00113.850 00098.744 00083.692 00068.686 00053.759 00039.034 00024.493 00000.000 0.0 0.0 0.0 00013.448 00028.323 00043.398 00058.697 00074.173 00089.703 00105.285 00120.921 00136.640 00152.499 00168.492 00184.699 00201.198
-9999.0 -9999.0 -9999.0 -9999.0 -9999.0 -9999.0 -9999.0 -9999.0 -9999.0 -9999.0 -9999.0 -9999.0 -9999.0 -9999.0 -9999.0 -9999.0 -9999.0 -9999.0 -9999.0 -9999.0 -9999.0 -9999.0 -9999.0 00417.227 00397.648 00378.366 00359.337 00340.596 00322.330 00304.691 00287.263 00270.075 00253.139 00236.447 00219.996 00203.772 00187.729 00171.952 00156.456 00141.089 00125.862 00110.726 00095.639 00080.598 00065.605 00050.712 00036.025 00021.582 00000.000 0.0 00000.000 00023.367 00038.343 00053.501 00068.935 00084.449 00100.009 00115.623 00131.292 00147.085 00163.014 00179.068 00195.290 00211.710
-9999.0 -9999.0 -9999.0 -9999.0 -9999.0 -9999.0 -9999.0 -9999.0 -9999.0 -9999.0 -9999.0 -9999.0 -9999.0 -9999.0 -9999.0 -9999.0 -9999.0 -9999.0 -9999.0 -9999.0 -9999.0 -9999.0 -9999.0 -9999.0 00408.891 00389.966 00371.319 00352.953 00334.872 00317.069 00299.508 00282.287 00265.316 00248.553 00232.085 00215.974 00200.032 00184.301 00168.718 00153.270 00137.940 00122.742 00107.623 00092.552 00077.618 00062.872 00048.143 00034.567 00023.032 00000.000 00023.598 00035.835 00049.097 00064.423 00079.757 00095.056 00110.384 00126.028 00141.759 00157.620 00173.628 00189.770 00206.111 00222.637
-9999.0 -9999.0 -9999.0 -9999.0 -9999.0 -9999.0 -9999.0 -9999.0 -9999.0 -9999.0 -9999.0 -9999.0 -9999.0 -9999.0 -9999.0 -9999.0 -9999.0 -9999.0 -9999.0 -9999.0 -9999.0 -9999.0 -9999.0 -9999.0 -9999.0 00403.157 00384.329 00365.833 00347.699 00329.847 00312.244 00294.951 00278.068 00261.387 00244.946 00228.707 00212.649 00196.775 00181.081 00165.542 00150.130 00134.846 00119.957 00105.202 00090.413 00075.571 00063.365 00051.494 00041.172 00029.920 00041.136 00051.884 00064.519 00077.306 00091.175 00106.563 00121.908 00137.268 00152.756 00168.372 00184.392 00200.628 00217.072 00233.695
