examples/flatland/Outputs/centerIgnit/c_atmRAWS/singleWinds/flatland_centerIgnit_3mph180deg7hr_atmRAWS/flatland_centerIgnit_3mph180deg7hr_atmRAWS_SpreadRate.asc
NCOLS 100
NROWS 100
XLLCORNER 20000.000000
YLLCORNER 20000.000000
CELLSIZE 30.000000
NODATA_VALUE -9999.0
[rows 31 to 61 of 100, columns 0 to 69 of 100]
-9999.0 -9999.0 -9999.0 -9999.0 -9999.0 -9999.0 -9999.0 -9999.0 -9999.0 -9999.0 -9999.0 -9999.0 -9999.0 -9999.0 -9999.0 -9999.0 -9999.0 -9999.0 -9999.0 01.78 01.83 01.86 01.90 01.94 01.98 02.02 02.06 02.09 02.14 02.21 02.26 02.31 02.36 02.39 02.43 02.45 02.48 02.51 02.56 02.61 02.69 02.75 02.81 02.88 02.93 02.97 03.01 03.06 03.09 03.06 03.03 03.00 02.96 02.91 02.84 02.77 02.71 02.67 02.64 02.61 02.61 02.58 02.55 02.50 02.44 02.38 02.33 02.29 02.24 02.20
-9999.0 -9999.0 -9999.0 -9999.0 -9999.0 -9999.0 -9999.0 -9999.0 -9999.0 -9999.0 -9999.0 -9999.0 -9999.0 -9999.0 -9999.0 -9999.0 -9999.0 -9999.0 -9999.0 01.78 01.82 01.85 01.88 01.92 01.97 02.01 02.05 02.09 02.13 02.17 02.23 02.29 02.34 02.39 02.43 02.46 02.49 02.50 02.55 02.58 02.65 02.73 02.80 02.87 02.92 02.96 03.01 03.05 03.10 03.06 03.03 03.00 02.96 02.90 02.82 02.76 02.72 02.67 02.64 02.63 02.60 02.58 02.55 02.48 02.42 02.37 02.32 02.28 02.23 02.18
-9999.0 -9999.0 -9999.0 -9999.0 -9999.0 -9999.0 -9999.0 -9999.0 -9999.0 -9999.0 -9999.0 -9999.0 -9999.0 -9999.0 -9999.0 -9999.0 -9999.0 -9999.0 -9999.0 01.76 01.80 01.84 01.87 01.91 01.95 01.99 02.04 02.08 02.12 02.16 02.21 02.26 02.32 02.38 02.42 02.46 02.49 02.51 02.54 02.57 02.61 02.70 02.77 02.85 02.91 02.96 03.01 03.06 03.10 03.07 03.04 02.99 02.94 02.88 02.80 02.76 02.71 02.67 02.65 02.64 02.61 02.58 02.53 02.46 02.40 02.35 02.31 02.26 02.21 02.16
-9999.0 -9999.0 -9999.0 -9999.0 -9999.0 -9999.0 -9999.0 -9999.0 -9999.0 -9999.0 -9999.0 -9999.0 -9999.0 -9999.0 -9999.0 -9999.0 -9999.0 -9999.0 -9999.0 01.74 01.78 01.82 01.85 01.89 01.93 01.97 02.01 02.06 02.10 02.15 02.19 02.24 02.29 02.35 02.42 02.46 02.49 02.51 02.53 02.57 02.61 02.67 02.73 02.82 02.89 02.95 03.01 03.06 03.11 03.07 03.04 02.98 02.92 02.86 02.78 02.74 02.71 02.68 02.66 02.64 02.61 02.57 02.49 02.44 02.38 02.33 02.29 02.23 02.19 02.14
-9999.0 -9999.0 -9999.0 -9999.0 -9999.0 -9999.0 -9999.0 -9999.0 -9999.0 -9999.0 -9999.0 -9999.0 -9999.0 -9999.0 -9999.0 -9999.0 -9999.0 -9999.0 -9999.0 01.73 01.76 01.80 01.82 01.87 01.91 01.95 01.99 02.03 02.08 02.13 02.17 02.21 02.26 02.32 02.39 02.44 02.48 02.52 02.54 02.55 02.60 02.65 02.70 02.78 02.85 02.93 03.00 03.06 03.12 03.07 03.02 02.97 02.90 02.84 02.78 02.73 02.70 02.69 02.67 02.63 02.59 02.53 02.46 02.42 02.36 02.31 02.26 02.21 02.17 02.12
-9999.0 -9999.0 -9999.0 -9999.0 -9999.0 -9999.0 -9999.0 -9999.0 -9999.0 -9999.0 -9999.0 -9999.0 -9999.0 -9999.0 -9999.0 -9999.0 -9999.0 -9999.0 -9999.0 01.71 01.75 01.78 01.82 01.86 01.90 01.93 01.97 02.01 02.05 02.10 02.15 02.19 02.24 02.29 02.34 02.42 02.47 02.50 02.54 02.56 02.58 02.62 02.68 02.76 02.83 02.91 02.97 03.05 03.12 03.07 03.01 02.95 02.88 02.82 02.75 02.72 02.70 02.70 02.67 02.62 02.58 02.51 02.44 02.38 02.34 02.29 02.24 02.19 02.15 02.11
-9999.0 -9999.0 -9999.0 -9999.0 -9999.0 -9999.0 -9999.0 -9999.0 -9999.0 -9999.0 -9999.0 -9999.0 -9999.0 -9999.0 -9999.0 -9999.0 -9999.0 -9999.0 -9999.0 01.69 01.73 01.77 01.80 01.84 01.88 01.91 01.95 01.99 02.03 02.07 02.12 02.16 02.21 02.26 02.31 02.37 02.44 02.49 02.53 02.57 02.57 02.60 02.65 02.72 02.80 02.88 02.95 03.04 03.14 03.06 03.00 02.93 02.86 02.79 02.73 02.71 02.71 02.69 02.66 02.61 02.56 02.48 02.41 02.36 02.32 02.27 02.22 02.17 02.13 02.08
-9999.0 -9999.0 -9999.0 -9999.0 -9999.0 -9999.0 -9999.0 -9999.0 -9999.0 -9999.0 -9999.0 -9999.0 -9999.0 -9999.0 -9999.0 -9999.0 -9999.0 -9999.0 -9999.0 01.66 01.70 01.74 01.78 01.82 01.86 01.89 01.93 01.97 02.00 02.04 02.09 02.13 02.18 02.23 02.28 02.34 02.42 02.47 02.52 02.55 02.58 02.58 02.62 02.68 02.76 02.85 02.95 03.04 03.17 03.08 03.00 02.91 02.83 02.76 02.72 02.71 02.71 02.68 02.63 02.60 02.51 02.44 02.38 02.34 02.29 02.24 02.19 02.15 02.10 02.04
-9999.0 -9999.0 -9999.0 -9999.0 -9999.0 -9999.0 -9999.0 -9999.0 -9999.0 -9999.0 -9999.0 -9999.0 -9999.0 -9999.0 -9999.0 -9999.0 -9999.0 -9999.0 -9999.0 01.62 01.66 01.70 01.75 01.80 01.84 01.87 01.90 01.94 01.98 02.02 02.07 02.11 02.15 02.19 02.24 02.29 02.36 02.45 02.49 02.53 02.57 02.58 02.59 02.63 02.72 02.82 02.95 03.06 03.20 03.10 03.01 02.90 02.80 02.74 02.72 02.72 02.70 02.65 02.60 02.54 02.46 02.41 02.36 02.31 02.26 02.22 02.17 02.12 02.04 01.98
-9999.0 -9999.0 -9999.0 -9999.0 -9999.0 -9999.0 -9999.0 -9999.0 -9999.0 -9999.0 -9999.0 -9999.0 -9999.0 -9999.0 -9999.0 -9999.0 -9999.0 -9999.0 -9999.0 01.58 01.62 01.66 01.70 01.74 01.79 01.84 01.89 01.91 01.96 02.00 02.04 02.08 02.13 02.16 02.21 02.25 02.30 02.38 02.45 02.49 02.55 02.59 02.59 02.61 02.67 02.79 02.91 03.04 03.23 03.09 02.99 02.88 02.78 02.74 02.73 02.72 02.69 02.62 02.56 02.49 02.43 02.38 02.33 02.28 02.23 02.20 02.12 02.04 01.98 01.93
-9999.0 -9999.0 -9999.0 -9999.0 -9999.0 -9999.0 -9999.0 -9999.0 -9999.0 -9999.0 -9999.0 -9999.0 -9999.0 -9999.0 -9999.0 -9999.0 -9999.0 -9999.0 -9999.0 01.54 01.58 01.61 01.65 01.69 01.73 01.78 01.83 01.86 01.91 01.96 02.01 02.05 02.09 02.12 02.17 02.22 02.26 02.31 02.39 02.44 02.51 02.57 02.60 02.61 02.65 02.74 02.87 03.01 03.25 03.09 02.97 02.85 02.78 02.75 02.74 02.71 02.65 02.58 02.51 02.46 02.39 02.35 02.30 02.23 02.16 02.11 02.03 01.96 01.91 01.86
-9999.0 -9999.0 -9999.0 -9999.0 -9999.0 -9999.0 -9999.0 -9999.0 -9999.0 -9999.0 -9999.0 -9999.0 -9999.0 -9999.0 -9999.0 -9999.0 -9999.0 -9999.0 -9999.0 01.52 01.55 01.57 01.60 01.63 01.67 01.70 01.75 01.81 01.85 01.90 01.96 02.02 02.06 02.09 02.14 02.18 02.23 02.27 02.33 02.39 02.46 02.53 02.59 02.62 02.65 02.69 02.82 03.00 03.26 03.08 02.94 02.82 02.80 02.78 02.75 02.69 02.61 02.53 02.47 02.41 02.35 02.32 02.24 02.14 02.08 02.00 01.94 01.89 01.85 01.82
-9999.0 -9999.0 -9999.0 -9999.0 -9999.0 -9999.0 -9999.0 -9999.0 -9999.0 -9999.0 -9999.0 -9999.0 -9999.0 -9999.0 -9999.0 -9999.0 -9999.0 -9999.0 -9999.0 01.48 01.52 01.55 01.57 01.60 01.63 01.66 01.68 01.74 01.79 01.83 01.88 01.93 02.01 02.02 02.08 02.15 02.19 02.22 02.28 02.33 02.40 02.47 02.56 02.64 02.66 02.69 02.73 02.86 03.25 03.00 02.88 02.84 02.81 02.79 02.76 02.65 02.55 02.48 02.42 02.35 02.27 02.22 02.12 02.05 01.99 01.90 01.87 01.84 01.80 01.78
-9999.0 -9999.0 -9999.0 -9999.0 -9999.0 -9999.0 -9999.0 -9999.0 -9999.0 -9999.0 -9999.0 -9999.0 -9999.0 -9999.0 -9999.0 -9999.0 -9999.0 -9999.0 -9999.0 -9999.0 01.50 01.53 01.55 01.58 01.60 01.63 01.66 01.69 01.72 01.75 01.79 01.83 01.89 01.94 01.99 02.06 02.15 02.15 02.23 02.28 02.33 02.40 02.51 02.62 02.68 02.70 02.73 02.75 -9999.0 -9999.00 02.87 02.85 02.83 02.81 02.72 02.61 02.50 02.41 02.36 02.24 02.17 02.07 02.01 01.95 01.90 01.86 01.83 01.80 01.77 01.74
-9999.0 -9999.0 -9999.0 -9999.0 -9999.0 -9999.0 -9999.0 -9999.0 -9999.0 -9999.0 -9999.0 -9999.0 -9999.0 -9999.0 -9999.0 -9999.0 -9999.0 -9999.0 -9999.0 -9999.0 01.47 01.50 01.53 01.55 01.57 01.60 01.62 01.65 01.68 01.71 01.73 01.75 01.78 01.86 01.90 01.95 02.01 02.05 02.11 02.21 02.25 02.33 02.44 02.55 02.69 02.72 02.74 -9999.00 -9999.0 -9999.0 -9999.00 02.87 02.85 02.80 02.66 02.57 02.40 02.27 02.21 02.11 02.03 01.93 01.90 01.87 01.84 01.82 01.78 01.77 01.74 01.71
-9999.0 -9999.0 -9999.0 -9999.0 -9999.0 -9999.0 -9999.0 -9999.0 -9999.0 -9999.0 -9999.0 -9999.0 -9999.0 -9999.0 -9999.0 -9999.0 -9999.0 -9999.0 -9999.0 -9999.0 01.45 01.47 01.50 01.52 01.55 01.57 01.59 01.62 01.65 01.67 01.69 01.72 01.74 01.76 01.80 01.83 01.86 01.94 01.99 02.05 02.11 02.19 02.36 02.42 02.62 02.73 -9999.00 -9999.0 -9999.0 -9999.0 -9999.0 -9999.00 02.87 02.77 02.51 02.43 02.25 02.13 02.02 01.96 01.90 01.87 01.84 01.82 01.80 01.78 01.75 01.73 01.70 01.67
-9999.0 -9999.0 -9999.0 -9999.0 -9999.0 -9999.0 -9999.0 -9999.0 -9999.0 -9999.0 -9999.0 -9999.0 -9999.0 -9999.0 -9999.0 -9999.0 -9999.0 -9999.0 -9999.0 -9999.0 -9999.0 01.45 01.47 01.49 01.52 01.55 01.57 01.59 01.62 01.64 01.66 01.68 01.70 01.72 01.74 01.76 01.78 01.78 01.85 01.88 01.95 02.03 02.15 02.23 02.45 02.74 -9999.0 -9999.0 -9999.0 -9999.0 -9999.0 -9999.0 -9999.00 02.60 02.35 02.20 02.06 01.97 01.85 01.85 01.83 01.82 01.80 01.78 01.75 01.74 01.71 01.68 01.66 01.63
-9999.0 -9999.0 -9999.0 -9999.0 -9999.0 -9999.0 -9999.0 -9999.0 -9999.0 -9999.0 -9999.0 -9999.0 -9999.0 -9999.0 -9999.0 -9999.0 -9999.0 -9999.0 -9999.0 -9999.0 -9999.0 01.42 01.44 01.47 01.49 01.51 01.54 01.56 01.58 01.60 01.62 01.64 01.66 01.68 01.70 01.72 01.73 01.74 01.75 01.75 01.76 01.85 01.90 02.02 02.15 -9999.00 -9999.0 -9999.0 -9999.0 -9999.0 -9999.0 -9999.0 -9999.00 02.32 02.10 01.92 01.86 01.82 01.80 01.79 01.78 01.77 01.75 01.74 01.71 01.69 01.67 01.64 01.62 01.60
-9999.0 -9999.0 -9999.0 -9999.0 -9999.0 -9999.0 -9999.0 -9999.0 -9999.0 -9999.0 -9999.0 -9999.0 -9999.0 -9999.0 -9999.0 -9999.0 -9999.0 -9999.0 -9999.0 -9999.0 -9999.0 01.40 01.42 01.44 01.45 01.48 01.50 01.52 01.54 01.56 01.58 01.60 01.63 01.65 01.66 01.68 01.69 01.69 01.70 01.70 01.70 01.71 01.72 01.78 01.81 -9999.00 -9999.0 -9999.0 -9999.0 -9999.0 -9999.0 -9999.0 -9999.0 01.85 01.85 01.77 01.75 01.74 01.74 01.73 01.73 01.71 01.70 01.69 01.67 01.65 01.63 01.61 01.59 01.58
-9999.0 -9999.0 -9999.0 -9999.0 -9999.0 -9999.0 -9999.0 -9999.0 -9999.0 -9999.0 -9999.0 -9999.0 -9999.0 -9999.0 -9999.0 -9999.0 -9999.0 -9999.0 -9999.0 -9999.0 -9999.0 -9999.0 01.39 01.41 01.43 01.45 01.47 01.49 01.51 01.53 01.55 01.57 01.59 01.60 01.62 01.63 01.64 01.65 01.65 01.65 01.65 01.64 01.64 01.65 01.66 01.65 -9999.00 -9999.0 -9999.0 -9999.0 -9999.0 -9999.0 -9999.00 01.70 01.70 01.69 01.68 01.68 01.68 01.68 01.66 01.65 01.65 01.64 01.63 01.61 01.59 01.58 01.55 01.53
-9999.0 -9999.0 -9999.0 -9999.0 -9999.0 -9999.0 -9999.0 -9999.0 -9999.0 -9999.0 -9999.0 -9999.0 -9999.0 -9999.0 -9999.0 -9999.0 -9999.0 -9999.0 -9999.0 -9999.0 -9999.0 -9999.0 01.36 01.38 01.40 01.42 01.45 01.46 01.48 01.50 01.52 01.53 01.55 01.56 01.58 01.58 01.58 01.59 01.60 01.61 01.60 01.59 01.58 01.59 01.61 01.63 01.65 -9999.0 -9999.0 -9999.0 -9999.0 -9999.00 01.69 01.67 01.65 01.63 01.62 01.63 01.63 01.63 01.62 01.61 01.59 01.59 01.58 01.56 01.55 01.53 01.51 01.49
-9999.0 -9999.0 -9999.0 -9999.0 -9999.0 -9999.0 -9999.0 -9999.0 -9999.0 -9999.0 -9999.0 -9999.0 -9999.0 -9999.0 -9999.0 -9999.0 -9999.0 -9999.0 -9999.0 -9999.0 -9999.0 -9999.0 -9999.0 01.36 01.38 01.40 01.42 01.44 01.45 01.47 01.48 01.50 01.51 01.52 01.53 01.54 01.55 01.56 01.56 01.57 01.56 01.56 01.57 01.57 01.59 01.61 01.64 -9999.00 -9999.0 -9999.0 -9999.0 01.70 01.68 01.65 01.63 01.62 01.61 01.61 01.60 01.60 01.59 01.58 01.56 01.55 01.54 01.52 01.51 01.49 01.48 01.46
-9999.0 -9999.0 -9999.0 -9999.0 -9999.0 -9999.0 -9999.0 -9999.0 -9999.0 -9999.0 -9999.0 -9999.0 -9999.0 -9999.0 -9999.0 -9999.0 -9999.0 -9999.0 -9999.0 -9999.0 -9999.0 -9999.0 -9999.0 01.33 01.35 01.36 01.37 01.40 01.41 01.43 01.45 01.46 01.47 01.48 01.49 01.50 01.51 01.53 01.53 01.54 01.55 01.56 01.56 01.57 01.57 01.59 01.61 01.62 -9999.00 -9999.0 -9999.00 01.65 01.65 01.63 01.61 01.61 01.61 01.60 01.60 01.58 01.57 01.56 01.54 01.53 01.51 01.50 01.48 01.47 01.45 01.43
-9999.0 -9999.0 -9999.0 -9999.0 -9999.0 -9999.0 -9999.0 -9999.0 -9999.0 -9999.0 -9999.0 -9999.0 -9999.0 -9999.0 -9999.0 -9999.0 -9999.0 -9999.0 -9999.0 -9999.0 -9999.0 -9999.0 -9999.0 -9999.0 01.32 01.33 01.35 01.36 01.38 01.40 01.41 01.42 01.44 01.45 01.47 01.48 01.49 01.50 01.52 01.53 01.54 01.55 01.55 01.55 01.55 01.54 01.54 01.53 01.50 -9999.00 01.50 01.55 01.56 01.56 01.57 01.58 01.58 01.58 01.58 01.57 01.56 01.55 01.53 01.51 01.49 01.48 01.46 01.44 01.43 01.41
-9999.0 -9999.0 -9999.0 -9999.0 -9999.0 -9999.0 -9999.0 -9999.0 -9999.0 -9999.0 -9999.0 -9999.0 -9999.0 -9999.0 -9999.0 -9999.0 -9999.0 -9999.0 -9999.0 -9999.0 -9999.0 -9999.0 -9999.0 -9999.0 -9999.0 01.31 01.32 01.33 01.35 01.37 01.39 01.40 01.41 01.43 01.44 01.46 01.48 01.49 01.50 01.52 01.53 01.53 01.53 01.52 01.51 01.49 01.47 01.46 01.44 01.40 01.44 01.46 01.48 01.50 01.52 01.54 01.56 01.56 01.55 01.54 01.53 01.52 01.51 01.50 01.48 01.46 01.44 01.42 01.41 01.39
-9999.0 -9999.0 -9999.0 -9999.0 -9999.0 -9999.0 -9999.0 -9999.0 -9999.0 -9999.0 -9999.0 -9999.0 -9999.0 -9999.0 -9999.0 -9999.0 -9999.0 -9999.0 -9999.0 -9999.0 -9999.0 -9999.0 -9999.0 -9999.0 -9999.0 01.28 01.30 01.31 01.32 01.35 01.36 01.38 01.39 01.41 01.43 01.45 01.46 01.47 01.49 01.50 01.50 01.51 01.50 01.50 01.48 01.45 01.43 01.41 01.40 01.37 01.40 01.42 01.44 01.46 01.48 01.49 01.51 01.51 01.52 01.51 01.51 01.49 01.48 01.47 01.46 01.44 01.42 01.41 01.39 01.37
-9999.0 -9999.0 -9999.0 -9999.0 -9999.0 -9999.0 -9999.0 -9999.0 -9999.0 -9999.0 -9999.0 -9999.0 -9999.0 -9999.0 -9999.0 -9999.0 -9999.0 -9999.0 -9999.0 -9999.0 -9999.0 -9999.0 -9999.0 -9999.0 -9999.0 -9999.0 01.27 01.29 01.31 01.32 01.34 01.36 01.38 01.40 01.41 01.43 01.44 01.45 01.46 01.47 01.47 01.46 01.45 01.45 01.43 01.42 01.40 01.38 01.37 01.35 01.37 01.39 01.41 01.42 01.44 01.45 01.46 01.47 01.47 01.47 01.47 01.46 01.45 01.44 01.43 01.41 01.40 01.38 01.37 01.34
-9999.0 -9999.0 -9999.0 -9999.0 -9999.0 -9999.0 -9999.0 -9999.0 -9999.0 -9999.0 -9999.0 -9999.0 -9999.0 -9999.0 -9999.0 -9999.0 -9999.0 -9999.0 -9999.0 -9999.0 -9999.0 -9999.0 -9999.0 -9999.0 -9999.0 -9999.0 -9999.0 01.27 01.29 01.31 01.33 01.34 01.36 01.37 01.39 01.40 01.41 01.42 01.43 01.43 01.43 01.43 01.42 01.41 01.40 01.39 01.38 01.37 01.36 01.34 01.36 01.37 01.39 01.40 01.41 01.42 01.42 01.43 01.43 01.43 01.43 01.43 01.43 01.42 01.40 01.39 01.37 01.36 01.34 01.33
-9999.0 -9999.0 -9999.0 -9999.0 -9999.0 -9999.0 -9999.0 -9999.0 -9999.0 -9999.0 -9999.0 -9999.0 -9999.0 -9999.0 -9999.0 -9999.0 -9999.0 -9999.0 -9999.0 -9999.0 -9999.0 -9999.0 -9999.0 -9999.0 -9999.0 -9999.0 -9999.0 -9999.0 01.27 01.29 01.30 01.32 01.34 01.35 01.36 01.37 01.38 01.39 01.39 01.39 01.39 01.39 01.38 01.38 01.37 01.37 01.36 01.35 01.34 01.33 01.34 01.36 01.37 01.37 01.38 01.39 01.39 01.40 01.40 01.39 01.39 01.40 01.38 01.38 01.37 01.36 01.35 01.33 01.32 01.30
-9999.0 -9999.0 -9999.0 -9999.0 -9999.0 -9999.0 -9999.0 -9999.0 -9999.0 -9999.0 -9999.0 -9999.0 -9999.0 -9999.0 -9999.0 -9999.0 -9999.0 -9999.0 -9999.0 -9999.0 -9999.0 -9999.0 -9999.0 -9999.0 -9999.0 -9999.0 -9999.0 -9999.0 01.24 01.27 01.28 01.29 01.31 01.32 01.34 01.35 01.35 01.36 01.36 01.35 01.36 01.36 01.36 01.36 01.35 01.35 01.34 01.33 01.33 01.32 01.33 01.33 01.34 01.35 01.35 01.36 01.37 01.37 01.36 01.36 01.35 01.35 01.34 01.34 01.34 01.33 01.32 01.30 01.29 01.28
-9999.0 -9999.0 -9999.0 -9999.0 -9999.0 -9999.0 -9999.0 -9999.0 -9999.0 -9999.0 -9999.0 -9999.0 -9999.0 -9999.0 -9999.0 -9999.0 -9999.0 -9999.0 -9999.0 -9999.0 -9999.0 -9999.0 -9999.0 -9999.0 -9999.0 -9999.0 -9999.0 -9999.0 -9999.0 01.24 01.26 01.27 01.28 01.30 01.31 01.31 01.31 01.32 01.32 01.32 01.33 01.33 01.33 01.33 01.32 01.32 01.31 01.31 01.31 01.31 01.31 01.32 01.32 01.32 01.33 01.33 01.33 01.34 01.33 01.33 01.33 01.32 01.31 01.31 01.30 01.29 01.28 01.27 01.26 01.25
