examples/flatland/Outputs/centerIgnit/c_atmRAWS/singleWinds/flatland_centerIgnit_3mph180deg7hr_atmRAWS/flatland_centerIgnit_3mph180deg7hr_atmRAWS_HeatPerUnitArea.asc
NCOLS 100
NROWS 100
XLLCORNER 20000.000000
YLLCORNER 20000.000000
CELLSIZE 30.000000
NODATA_VALUE -9999.0
[rows 28 to 55 of 100, columns 0 to 62 of 100]
-9999.0 -9999.0 -9999.0 -9999.0 -9999.0 -9999.0 -9999.0 -9999.0 -9999.0 -9999.0 -9999.0 -9999.0 -9999.0 -9999.0 -9999.0 -9999.0 -9999.0 -9999.0 -9999.0 -9999.0 01003.268 01009.538 01014.887 01019.417 01023.480 01028.189 01032.018 01035.609 01038.230 01041.934 01045.247 01048.765 01052.521 01056.416 01059.405 01063.253 01066.796 01070.479 01074.304 01077.971 01078.866 01082.393 01084.460 01086.089 01087.723 01089.002 01090.145 01091.123 01091.531 01090.900 01090.188 01089.258 01087.960 01086.644 01084.891 01083.106 01078.952 01078.743 01075.681 01072.175 01068.659 01065.318 01062.147
-9999.0 -9999.0 -9999.0 -9999.0 -9999.0 -9999.0 -9999.0 -9999.0 -9999.0 -9999.0 -9999.0 -9999.0 -9999.0 -9999.0 -9999.0 -9999.0 -9999.0 -9999.0 -9999.0 -9999.0 01005.103 01011.422 01016.498 01020.040 01025.680 01029.683 01033.502 01037.278 01039.734 01043.813 01047.331 01051.128 01055.173 01058.286 01061.997 01065.711 01069.616 01073.540 01077.648 01078.900 01082.879 01085.043 01087.210 01089.074 01090.777 01092.218 01093.489 01094.501 01094.998 01094.326 01093.519 01092.535 01091.116 01089.683 01087.783 01085.872 01083.881 01078.971 01078.744 01075.497 01071.794 01068.287 01064.971
-9999.0 -9999.0 -9999.0 -9999.0 -9999.0 -9999.0 -9999.0 -9999.0 -9999.0 -9999.0 -9999.0 -9999.0 -9999.0 -9999.0 -9999.0 -9999.0 -9999.0 -9999.0 -9999.0 -9999.0 01006.777 01012.810 01017.966 01020.653 01027.088 01031.118 01034.967 01038.119 01042.149 01045.726 01049.459 01053.534 01057.280 01060.644 01064.457 01068.327 01072.451 01076.742 01078.849 01082.921 01085.486 01087.774 01090.044 01092.161 01093.936 01095.549 01096.905 01098.014 01098.596 01097.865 01096.971 01095.845 01094.384 01092.725 01090.754 01088.731 01086.411 01083.886 01078.966 01078.724 01075.076 01071.400 01067.908
-9999.0 -9999.0 -9999.0 -9999.0 -9999.0 -9999.0 -9999.0 -9999.0 -9999.0 -9999.0 -9999.0 -9999.0 -9999.0 -9999.0 -9999.0 -9999.0 -9999.0 -9999.0 -9999.0 00996.358 01008.240 01014.122 01019.126 01023.539 01028.466 01032.440 01036.392 01038.920 01043.635 01047.610 01051.654 01055.972 01059.075 01063.159 01066.958 01071.006 01075.348 01078.781 01082.304 01085.162 01088.102 01090.570 01092.959 01095.276 01097.202 01098.673 01098.782 01098.879 01098.932 01098.869 01098.793 01098.694 01097.768 01095.860 01093.808 01091.642 01089.002 01086.393 01083.738 01078.940 01078.521 01074.642 01070.867
-9999.0 -9999.0 -9999.0 -9999.0 -9999.0 -9999.0 -9999.0 -9999.0 -9999.0 -9999.0 -9999.0 -9999.0 -9999.0 -9999.0 -9999.0 -9999.0 -9999.0 -9999.0 -9999.0 01002.625 01009.622 01015.343 01019.724 01025.239 01029.633 01033.741 01037.506 01040.884 01045.061 01049.273 01053.917 01057.714 01061.486 01065.456 01069.549 01073.798 01078.326 01078.970 01084.503 01087.485 01090.545 01093.454 01095.927 01098.362 01098.796 01099.063 01100.495 01100.972 01101.251 01100.941 01100.572 01099.584 01098.848 01098.680 01096.963 01094.409 01091.629 01088.900 01086.133 01083.447 01078.913 01078.040 01073.966
-9999.0 -9999.0 -9999.0 -9999.0 -9999.0 -9999.0 -9999.0 -9999.0 -9999.0 -9999.0 -9999.0 -9999.0 -9999.0 -9999.0 -9999.0 -9999.0 -9999.0 -9999.0 -9999.0 01003.795 01010.642 01016.382 01020.171 01026.292 01030.645 01034.837 01038.243 01042.525 01046.562 01050.965 01055.773 01059.493 01063.774 01067.874 01072.213 01076.761 01078.872 01083.464 01086.629 01089.847 01092.996 01096.252 01098.670 01098.872 01100.508 01101.178 01101.754 01102.262 01102.582 01102.221 01101.859 01101.331 01100.720 01098.984 01098.765 01097.248 01094.393 01091.444 01088.591 01085.836 01083.155 01078.875 01077.270
-9999.0 -9999.0 -9999.0 -9999.0 -9999.0 -9999.0 -9999.0 -9999.0 -9999.0 -9999.0 -9999.0 -9999.0 -9999.0 -9999.0 -9999.0 -9999.0 -9999.0 -9999.0 -9999.0 01004.850 01011.636 01017.193 01020.533 01027.298 01031.614 01035.849 01038.808 01043.800 01047.972 01052.619 01057.180 01061.314 01065.881 01070.275 01074.860 01078.768 01082.389 01085.520 01088.771 01092.134 01095.484 01098.659 01098.916 01100.774 01101.659 01102.397 01103.032 01103.549 01103.922 01103.546 01103.142 01102.592 01101.898 01101.132 01100.103 01098.763 01097.122 01094.081 01091.134 01088.272 01085.448 01082.654 01078.826
-9999.0 -9999.0 -9999.0 -9999.0 -9999.0 -9999.0 -9999.0 -9999.0 -9999.0 -9999.0 -9999.0 -9999.0 -9999.0 -9999.0 -9999.0 -9999.0 -9999.0 -9999.0 -9999.0 01005.641 01012.362 01017.971 01021.103 01028.025 01032.475 01036.808 01039.968 01044.776 01049.373 01054.331 01058.398 01063.081 01067.725 01072.762 01077.640 01078.944 01084.411 01087.643 01090.974 01094.440 01098.008 01098.867 01100.852 01101.893 01102.794 01103.636 01104.309 01104.866 01105.289 01104.884 01104.419 01103.869 01103.088 01102.314 01101.247 01100.026 01098.743 01096.782 01093.765 01090.807 01087.803 01084.903 01079.521
-9999.0 -9999.0 -9999.0 -9999.0 -9999.0 -9999.0 -9999.0 -9999.0 -9999.0 -9999.0 -9999.0 -9999.0 -9999.0 -9999.0 -9999.0 -9999.0 -9999.0 -9999.0 -9999.0 01006.294 01012.986 01018.518 01022.960 01028.737 01033.163 01037.434 01041.375 01045.814 01050.542 01055.794 01059.871 01064.671 01069.536 01074.737 01078.809 01083.046 01086.364 01089.821 01093.250 01096.785 01098.787 01100.568 01101.792 01103.023 01103.947 01104.879 01105.560 01106.193 01106.673 01106.234 01105.710 01105.091 01104.291 01103.378 01102.300 01101.188 01099.499 01098.716 01096.450 01093.324 01090.250 01087.013 01083.611
-9999.0 -9999.0 -9999.0 -9999.0 -9999.0 -9999.0 -9999.0 -9999.0 -9999.0 -9999.0 -9999.0 -9999.0 -9999.0 -9999.0 -9999.0 -9999.0 -9999.0 -9999.0 -9999.0 01006.758 01013.394 01018.988 01024.444 01029.250 01033.783 01037.823 01042.232 01046.747 01051.662 01056.763 01061.229 01066.236 01071.325 01076.825 01078.939 01084.874 01088.349 01091.905 01095.537 01098.686 01099.781 01101.445 01102.738 01103.997 01105.112 01106.048 01106.833 01108.875 01110.698 01109.097 01107.186 01106.322 01105.510 01104.442 01103.336 01102.193 01101.063 01098.957 01098.684 01095.893 01092.628 01088.979 01085.434
-9999.0 -9999.0 -9999.0 -9999.0 -9999.0 -9999.0 -9999.0 -9999.0 -9999.0 -9999.0 -9999.0 -9999.0 -9999.0 -9999.0 -9999.0 -9999.0 -9999.0 -9999.0 -9999.0 01007.016 01013.688 01019.309 01024.810 01029.679 01034.256 01038.127 01042.909 01047.487 01052.629 01057.636 01062.429 01067.521 01073.055 01078.710 01082.477 01086.355 01090.404 01094.057 01097.823 01098.878 01100.994 01102.323 01103.670 01104.970 01106.262 01107.887 01110.844 01114.224 01117.474 01114.591 01111.573 01109.008 01106.638 01105.512 01104.361 01103.209 01102.072 01100.942 01098.897 01098.524 01094.698 01090.951 01087.321
-9999.0 -9999.0 -9999.0 -9999.0 -9999.0 -9999.0 -9999.0 -9999.0 -9999.0 -9999.0 -9999.0 -9999.0 -9999.0 -9999.0 -9999.0 -9999.0 -9999.0 -9999.0 -9999.0 01007.250 01013.905 01019.417 01025.070 01029.976 01034.602 01038.368 01043.381 01048.108 01053.528 01058.258 01063.473 01068.753 01074.372 01078.820 01083.806 01087.781 01091.911 01096.245 01098.759 01100.525 01101.866 01103.203 01104.559 01105.932 01107.928 01111.981 01116.958 01120.538 01123.769 01121.120 01118.169 01114.077 01109.572 01106.574 01105.396 01104.232 01103.084 01101.918 01100.737 01098.816 01096.829 01092.964 01088.901
-9999.0 -9999.0 -9999.0 -9999.0 -9999.0 -9999.0 -9999.0 -9999.0 -9999.0 -9999.0 -9999.0 -9999.0 -9999.0 -9999.0 -9999.0 -9999.0 -9999.0 -9999.0 -9999.0 01006.086 01013.375 01019.384 01025.282 01030.186 01034.872 01038.534 01043.724 01048.619 01054.173 01058.818 01064.291 01069.725 01075.804 01078.909 01084.908 01089.202 01093.458 01097.872 01098.989 01101.341 01102.736 01104.091 01105.456 01106.840 01111.168 01117.859 01122.416 01126.489 01130.134 01127.289 01123.722 01119.787 01114.143 01109.217 01106.443 01105.271 01104.097 01102.895 01101.599 01099.924 01098.668 01094.643 01090.521
-9999.0 -9999.0 -9999.0 -9999.0 -9999.0 -9999.0 -9999.0 -9999.0 -9999.0 -9999.0 -9999.0 -9999.0 -9999.0 -9999.0 -9999.0 -9999.0 -9999.0 -9999.0 -9999.0 01004.867 01012.408 01018.587 01024.548 01029.872 01034.944 01038.672 01044.024 01048.981 01054.675 01059.393 01064.921 01070.620 01076.800 01078.988 01085.912 01090.325 01094.932 01098.709 01100.553 01102.174 01103.584 01104.989 01106.364 01109.646 01115.906 01122.262 01127.952 01132.554 01136.714 01133.629 01129.561 01124.655 01119.372 01113.426 01108.785 01106.317 01105.112 01103.860 01102.389 01100.941 01098.811 01096.375 01091.921
-9999.0 -9999.0 -9999.0 -9999.0 -9999.0 -9999.0 -9999.0 -9999.0 -9999.0 -9999.0 -9999.0 -9999.0 -9999.0 -9999.0 -9999.0 -9999.0 -9999.0 -9999.0 -9999.0 01003.339 01011.211 01017.621 01022.187 01029.060 01034.104 01038.343 01043.833 01049.280 01055.084 01059.834 01065.423 01071.261 01077.623 01082.292 01086.726 01091.348 01096.057 01098.828 01101.125 01102.778 01104.427 01105.860 01108.056 01113.360 01120.243 01126.613 01133.097 01138.153 01142.775 01139.522 01135.298 01129.625 01124.102 01118.780 01112.741 01108.324 01106.134 01104.657 01103.172 01101.584 01099.209 01097.843 01093.325
-9999.0 -9999.0 -9999.0 -9999.0 -9999.0 -9999.0 -9999.0 -9999.0 -9999.0 -9999.0 -9999.0 -9999.0 -9999.0 -9999.0 -9999.0 -9999.0 -9999.0 -9999.0 -9999.0 00997.932 01009.692 01016.465 01020.577 01028.128 01033.235 01037.848 01042.942 01048.209 01054.417 01059.767 01065.853 01071.857 01078.298 01082.815 01087.390 01092.108 01097.075 01098.916 01101.621 01103.365 01105.064 01106.731 01111.043 01118.092 01124.359 01130.880 01137.612 01143.585 01148.653 01145.371 01140.262 01134.739 01129.023 01123.504 01118.208 01111.856 01106.996 01105.448 01103.844 01102.232 01100.544 01098.698 01094.609
-9999.0 -9999.0 -9999.0 -9999.0 -9999.0 -9999.0 -9999.0 -9999.0 -9999.0 -9999.0 -9999.0 -9999.0 -9999.0 -9999.0 -9999.0 -9999.0 -9999.0 -9999.0 -9999.0 -9999.0 01007.968 01015.034 01020.030 01026.922 01032.149 01037.263 01041.953 01047.223 01053.220 01058.643 01064.809 01071.292 01078.509 01083.313 01087.923 01092.819 01097.870 01100.036 01102.038 01103.842 01105.639 01108.417 01115.449 01122.211 01128.629 01135.324 01141.696 01148.137 -9999.0 -9999.000 01145.020 01139.641 01133.898 01128.426 01122.879 01116.721 01109.740 01106.139 01104.493 01102.790 01101.092 01098.790 01094.634
-9999.0 -9999.0 -9999.0 -9999.0 -9999.0 -9999.0 -9999.0 -9999.0 -9999.0 -9999.0 -9999.0 -9999.0 -9999.0 -9999.0 -9999.0 -9999.0 -9999.0 -9999.0 -9999.0 -9999.0 01005.699 01013.240 01019.396 01025.534 01030.890 01036.077 01040.267 01045.967 01051.751 01057.657 01063.526 01069.809 01076.926 01082.418 01087.646 01093.280 01098.585 01100.496 01102.379 01104.236 01106.093 01110.378 01118.702 01126.332 01133.008 01139.546 01145.902 -9999.000 -9999.0 -9999.0 -9999.000 01144.415 01139.048 01133.549 01127.516 01120.493 01112.525 01106.822 01105.130 01103.378 01101.178 01098.738 01094.056
-9999.0 -9999.0 -9999.0 -9999.0 -9999.0 -9999.0 -9999.0 -9999.0 -9999.0 -9999.0 -9999.0 -9999.0 -9999.0 -9999.0 -9999.0 -9999.0 -9999.0 -9999.0 -9999.0 -9999.0 01003.174 01011.219 01017.747 01022.851 01029.383 01034.553 01038.640 01044.456 01050.128 01056.430 01061.964 01068.254 01075.196 01078.956 01086.415 01091.817 01097.680 01100.457 01102.705 01104.633 01106.543 01112.118 01121.362 01129.393 01137.382 01143.667 -9999.000 -9999.0 -9999.0 -9999.0 -9999.0 -9999.000 01143.809 01138.504 01131.434 01123.936 01116.405 01108.937 01105.236 01102.984 01100.839 01098.666 01093.181
-9999.0 -9999.0 -9999.0 -9999.0 -9999.0 -9999.0 -9999.0 -9999.0 -9999.0 -9999.0 -9999.0 -9999.0 -9999.0 -9999.0 -9999.0 -9999.0 -9999.0 -9999.0 -9999.0 -9999.0 -9999.0 01008.699 01015.762 01020.334 01027.691 01032.952 01037.763 01042.928 01048.335 01054.670 01060.094 01066.340 01073.104 01078.822 01084.909 01090.309 01096.014 01098.911 01102.037 01104.279 01106.641 01114.771 01123.636 01132.470 01140.871 01147.950 -9999.0 -9999.0 -9999.0 -9999.0 -9999.0 -9999.0 -9999.000 01142.602 01135.636 01127.907 01117.176 01107.199 01104.775 01102.566 01100.399 01097.618 01091.832
-9999.0 -9999.0 -9999.0 -9999.0 -9999.0 -9999.0 -9999.0 -9999.0 -9999.0 -9999.0 -9999.0 -9999.0 -9999.0 -9999.0 -9999.0 -9999.0 -9999.0 -9999.0 -9999.0 -9999.0 -9999.0 01005.712 01013.291 01019.431 01025.642 01031.019 01036.237 01040.563 01046.265 01052.173 01058.041 01064.125 01070.604 01077.893 01083.164 01088.428 01094.084 01098.757 01101.310 01103.529 01105.789 01110.849 01122.265 01133.857 01144.108 -9999.000 -9999.0 -9999.0 -9999.0 -9999.0 -9999.0 -9999.0 -9999.000 01147.268 01136.551 01125.111 01114.042 01106.507 01104.248 01102.029 01098.912 01095.984 01090.243
-9999.0 -9999.0 -9999.0 -9999.0 -9999.0 -9999.0 -9999.0 -9999.0 -9999.0 -9999.0 -9999.0 -9999.0 -9999.0 -9999.0 -9999.0 -9999.0 -9999.0 -9999.0 -9999.0 -9999.0 -9999.0 01002.307 01010.518 01017.218 01021.521 01028.987 01034.192 01038.467 01044.183 01049.845 01056.240 01061.757 01068.084 01075.049 01078.951 01086.421 01091.899 01097.745 01100.467 01102.652 01104.889 01107.661 01117.489 01128.066 01139.341 -9999.000 -9999.0 -9999.0 -9999.0 -9999.0 -9999.0 -9999.0 -9999.0 01143.279 01132.322 01121.442 01110.518 01105.707 01103.452 01101.231 01098.739 01093.874 01088.209
-9999.0 -9999.0 -9999.0 -9999.0 -9999.0 -9999.0 -9999.0 -9999.0 -9999.0 -9999.0 -9999.0 -9999.0 -9999.0 -9999.0 -9999.0 -9999.0 -9999.0 -9999.0 -9999.0 -9999.0 -9999.0 -9999.0 01007.184 01014.444 01019.844 01026.556 01031.862 01037.051 01041.739 01047.104 01053.173 01058.705 01064.976 01071.569 01078.718 01083.809 01089.104 01094.726 01098.809 01101.529 01103.751 01106.010 01111.380 01122.102 01132.322 01142.382 -9999.000 -9999.0 -9999.0 -9999.0 -9999.0 -9999.0 -9999.000 01137.343 01126.654 01116.149 01106.922 01104.686 01102.477 01100.305 01097.373 01091.593 01086.181
-9999.0 -9999.0 -9999.0 -9999.0 -9999.0 -9999.0 -9999.0 -9999.0 -9999.0 -9999.0 -9999.0 -9999.0 -9999.0 -9999.0 -9999.0 -9999.0 -9999.0 -9999.0 -9999.0 -9999.0 -9999.0 -9999.0 01002.979 01011.059 01017.622 01022.550 01029.289 01034.471 01038.596 01044.360 01049.997 01056.314 01061.795 01068.068 01074.968 01078.943 01086.306 01091.753 01097.375 01100.237 01102.338 01104.461 01106.626 01114.015 01124.246 01134.494 01144.418 -9999.0 -9999.0 -9999.0 -9999.0 -9999.000 01140.742 01130.201 01119.962 01109.683 01105.536 01103.357 01101.184 01098.737 01093.940 01088.377 01083.213
-9999.0 -9999.0 -9999.0 -9999.0 -9999.0 -9999.0 -9999.0 -9999.0 -9999.0 -9999.0 -9999.0 -9999.0 -9999.0 -9999.0 -9999.0 -9999.0 -9999.0 -9999.0 -9999.0 -9999.0 -9999.0 -9999.0 -9999.0 01007.152 01014.369 01019.802 01026.437 01031.722 01036.887 01041.461 01046.881 01052.878 01058.490 01064.570 01070.837 01077.824 01082.880 01087.892 01093.244 01098.663 01100.769 01102.829 01104.937 01107.380 01116.363 01126.326 01136.642 -9999.000 -9999.0 -9999.0 -9999.0 01144.171 01133.884 01123.329 01112.563 01106.288 01104.087 01101.932 01098.908 01096.110 01090.521 01085.238 01078.860
-9999.0 -9999.0 -9999.0 -9999.0 -9999.0 -9999.0 -9999.0 -9999.0 -9999.0 -9999.0 -9999.0 -9999.0 -9999.0 -9999.0 -9999.0 -9999.0 -9999.0 -9999.0 -9999.0 -9999.0 -9999.0 -9999.0 -9999.0 01002.501 01010.608 01017.233 01021.387 01028.902 01034.000 01038.250 01043.600 01048.898 01055.039 01060.229 01066.211 01072.679 01078.774 01084.163 01089.180 01094.492 01098.760 01101.190 01103.261 01105.371 01108.876 01118.535 01128.403 01138.712 -9999.000 -9999.0 -9999.000 01137.461 01126.887 01116.568 01107.263 01104.832 01102.656 01100.527 01098.066 01092.374 01087.013 01081.828 01076.366
-9999.0 -9999.0 -9999.0 -9999.0 -9999.0 -9999.0 -9999.0 -9999.0 -9999.0 -9999.0 -9999.0 -9999.0 -9999.0 -9999.0 -9999.0 -9999.0 -9999.0 -9999.0 -9999.0 -9999.0 -9999.0 -9999.0 -9999.0 -9999.0 01006.145 01013.379 01019.371 01025.295 01030.502 01035.515 01039.200 01045.011 01050.542 01056.563 01061.855 01067.773 01074.224 01078.871 01085.162 01090.252 01095.622 01098.853 01101.611 01103.695 01105.801 01110.213 01120.285 01129.428 01137.748 -9999.000 01137.321 01128.594 01119.658 01109.478 01105.492 01103.352 01101.240 01098.756 01094.259 01088.784 01083.640 01078.716 01071.701
-9999.0 -9999.0 -9999.0 -9999.0 -9999.0 -9999.0 -9999.0 -9999.0 -9999.0 -9999.0 -9999.0 -9999.0 -9999.0 -9999.0 -9999.0 -9999.0 -9999.0 -9999.0 -9999.0 -9999.0 -9999.0 -9999.0 -9999.0 -9999.0 -9999.0 01008.471 01015.317 01020.073 01026.845 01031.913 01036.882 01041.137 01046.344 01051.885 01057.537 01063.085 01069.048 01075.691 01078.962 01086.200 01091.313 01096.767 01098.960 01101.947 01103.994 01106.099 01109.985 01118.040 01124.966 01132.945 01124.990 01117.770 01109.437 01105.848 01103.890 01101.758 01098.878 01095.877 01090.435 01085.277 01078.869 01073.976 01067.351
