examples/flatland/Outputs/centerIgnit/c_atmRAWS/clockwise/1hr/flatland_centerIgnit_clockwise1hr_atmRAWS/flatland_centerIgnit_clockwise1hr_atmRAWS_ReactionIntensity.asc
NCOLS 100
NROWS 100
XLLCORNER 20000.000000
YLLCORNER 20000.000000
CELLSIZE 30.000000
NODATA_VALUE -9999.0
[rows 28 to 55 of 100, columns 0 to 61 of 100]
-9999.0 -9999.0 -9999.0 -9999.0 -9999.0 -9999.0 -9999.0 -9999.0 -9999.0 -9999.0 -9999.0 -9999.0 -9999.0 -9999.0 -9999.0 -9999.0 -9999.0 -9999.0 -9999.0 -9999.0 -9999.0 -9999.0 -9999.0 -9999.0 -9999.0 00152.508 00153.258 00153.885 00154.448 00154.892 00155.112 00155.852 00156.218 00156.546 00156.868 00157.187 00157.514 00157.709 00158.017 00158.522 00158.927 00159.324 00159.751 00160.214 00160.603 00160.934 00161.444 00161.889 00162.290 00162.626 00162.948 00163.022 00162.827 00162.592 00162.323 00161.947 00161.597 00161.093 00160.656 00160.218 00159.558 00158.923
-9999.0 -9999.0 -9999.0 -9999.0 -9999.0 -9999.0 -9999.0 -9999.0 -9999.0 -9999.0 -9999.0 -9999.0 -9999.0 -9999.0 -9999.0 -9999.0 -9999.0 -9999.0 -9999.0 -9999.0 -9999.0 -9999.0 -9999.0 -9999.0 00152.241 00153.031 00153.719 00154.322 00154.852 00155.038 00155.789 00156.180 00156.551 00156.908 00157.235 00157.569 00157.749 00158.202 00158.643 00159.084 00159.561 00160.084 00160.533 00160.894 00161.542 00162.151 00162.682 00163.225 00163.733 00163.885 00163.899 00164.342 00163.895 00163.884 00163.784 00163.342 00162.860 00162.307 00161.765 00161.210 00160.607 00159.957
-9999.0 -9999.0 -9999.0 -9999.0 -9999.0 -9999.0 -9999.0 -9999.0 -9999.0 -9999.0 -9999.0 -9999.0 -9999.0 -9999.0 -9999.0 -9999.0 -9999.0 -9999.0 -9999.0 -9999.0 -9999.0 -9999.0 -9999.0 -9999.0 00152.766 00153.494 00154.134 00154.710 00154.996 00155.707 00156.113 00156.490 00156.861 00157.231 00157.594 00157.773 00158.292 00158.727 00159.194 00159.699 00160.245 00160.691 00161.332 00162.015 00162.687 00163.398 00163.883 00164.391 00164.733 00165.016 00165.251 00165.211 00165.066 00164.903 00164.688 00164.472 00163.890 00163.658 00163.017 00162.282 00161.600 00160.871
-9999.0 -9999.0 -9999.0 -9999.0 -9999.0 -9999.0 -9999.0 -9999.0 -9999.0 -9999.0 -9999.0 -9999.0 -9999.0 -9999.0 -9999.0 -9999.0 -9999.0 -9999.0 -9999.0 -9999.0 -9999.0 -9999.0 -9999.0 00152.484 00153.251 00153.923 00154.524 00154.938 00155.570 00156.018 00156.409 00156.790 00157.164 00157.548 00157.763 00158.312 00158.787 00159.262 00159.778 00160.359 00160.787 00161.550 00162.309 00163.135 00163.879 00164.432 00164.936 00165.343 00165.718 00166.028 00166.287 00166.118 00165.935 00165.720 00165.489 00165.183 00164.869 00164.565 00163.891 00163.478 00162.663 00161.903
-9999.0 -9999.0 -9999.0 -9999.0 -9999.0 -9999.0 -9999.0 -9999.0 -9999.0 -9999.0 -9999.0 -9999.0 -9999.0 -9999.0 -9999.0 -9999.0 -9999.0 -9999.0 -9999.0 -9999.0 -9999.0 -9999.0 00151.690 00152.980 00153.704 00154.326 00154.871 00155.126 00155.888 00156.302 00156.700 00157.077 00157.471 00157.727 00158.205 00158.703 00159.217 00159.777 00160.415 00160.859 00161.682 00162.489 00163.392 00163.891 00164.787 00165.354 00165.899 00166.371 00166.795 00166.918 00166.927 00166.914 00166.854 00166.600 00166.263 00165.926 00165.582 00165.174 00164.780 00164.386 00163.862 00162.975
-9999.0 -9999.0 -9999.0 -9999.0 -9999.0 -9999.0 -9999.0 -9999.0 -9999.0 -9999.0 -9999.0 -9999.0 -9999.0 -9999.0 -9999.0 -9999.0 -9999.0 -9999.0 -9999.0 -9999.0 -9999.0 -9999.0 00152.622 00153.415 00154.097 00154.699 00155.002 00155.744 00156.168 00156.571 00156.964 00157.369 00157.679 00158.042 00158.606 00159.118 00159.675 00160.298 00160.788 00161.656 00162.574 00163.560 00163.899 00164.979 00165.673 00166.349 00166.906 00166.945 00167.204 00167.291 00167.280 00167.228 00167.168 00166.937 00166.915 00166.686 00166.231 00165.795 00165.370 00164.957 00164.512 00163.879
-9999.0 -9999.0 -9999.0 -9999.0 -9999.0 -9999.0 -9999.0 -9999.0 -9999.0 -9999.0 -9999.0 -9999.0 -9999.0 -9999.0 -9999.0 -9999.0 -9999.0 -9999.0 -9999.0 -9999.0 -9999.0 00152.226 00153.081 00153.819 00154.465 00154.929 00155.546 00156.023 00156.433 00156.832 00157.233 00157.612 00157.826 00158.479 00158.991 00159.542 00160.156 00160.694 00161.483 00162.393 00163.407 00163.899 00165.114 00165.848 00166.627 00166.935 00167.234 00167.367 00167.472 00167.562 00167.504 00167.445 00167.375 00167.288 00167.189 00166.933 00166.904 00166.442 00165.940 00165.444 00164.963 00164.503
-9999.0 -9999.0 -9999.0 -9999.0 -9999.0 -9999.0 -9999.0 -9999.0 -9999.0 -9999.0 -9999.0 -9999.0 -9999.0 -9999.0 -9999.0 -9999.0 -9999.0 -9999.0 -9999.0 -9999.0 -9999.0 00152.650 00153.495 00154.189 00154.812 00155.052 00155.865 00156.291 00156.694 00157.091 00157.505 00157.754 00158.314 00158.814 00159.357 00159.958 00160.564 00161.242 00162.173 00163.157 00163.890 00164.959 00165.867 00166.801 00167.115 00167.335 00167.500 00167.637 00167.742 00167.793 00167.727 00167.665 00167.576 00167.479 00167.362 00167.247 00167.015 00166.909 00166.444 00165.925 00165.425 00164.936
-9999.0 -9999.0 -9999.0 -9999.0 -9999.0 -9999.0 -9999.0 -9999.0 -9999.0 -9999.0 -9999.0 -9999.0 -9999.0 -9999.0 -9999.0 -9999.0 -9999.0 -9999.0 -9999.0 -9999.0 -9999.0 00153.025 00153.846 00154.536 00154.959 00155.678 00156.122 00156.539 00156.948 00157.361 00157.680 00158.075 00158.638 00159.164 00159.740 00160.395 00160.908 00161.854 00162.838 00163.877 00164.735 00165.661 00166.642 00167.151 00167.388 00167.595 00167.772 00167.914 00168.038 00168.027 00167.952 00167.870 00167.774 00167.656 00167.536 00167.400 00167.254 00166.988 00166.907 00166.401 00165.874 00165.369
-9999.0 -9999.0 -9999.0 -9999.0 -9999.0 -9999.0 -9999.0 -9999.0 -9999.0 -9999.0 -9999.0 -9999.0 -9999.0 -9999.0 -9999.0 -9999.0 -9999.0 -9999.0 -9999.0 -9999.0 00152.436 00153.356 00154.144 00154.839 00155.170 00155.927 00156.359 00156.778 00157.192 00157.598 00157.819 00158.465 00158.978 00159.538 00160.167 00160.713 00161.543 00162.484 00163.556 00164.428 00165.362 00166.364 00166.937 00167.371 00167.647 00167.858 00168.053 00168.294 00168.728 00168.473 00168.190 00168.080 00167.953 00167.835 00167.691 00167.541 00167.393 00167.242 00166.938 00166.900 00166.339 00165.817
-9999.0 -9999.0 -9999.0 -9999.0 -9999.0 -9999.0 -9999.0 -9999.0 -9999.0 -9999.0 -9999.0 -9999.0 -9999.0 -9999.0 -9999.0 -9999.0 -9999.0 -9999.0 -9999.0 -9999.0 00152.775 00153.677 00154.423 00154.947 00155.691 00156.165 00156.591 00157.005 00157.435 00157.727 00158.259 00158.764 00159.311 00159.916 00160.542 00161.209 00162.146 00163.157 00163.891 00165.035 00166.016 00166.915 00167.295 00167.594 00167.891 00168.129 00168.714 00169.265 00169.763 00169.322 00168.867 00168.494 00168.142 00167.988 00167.835 00167.681 00167.527 00167.375 00167.225 00166.934 00166.838 00166.280
-9999.0 -9999.0 -9999.0 -9999.0 -9999.0 -9999.0 -9999.0 -9999.0 -9999.0 -9999.0 -9999.0 -9999.0 -9999.0 -9999.0 -9999.0 -9999.0 -9999.0 -9999.0 -9999.0 -9999.0 00153.096 00153.940 00154.682 00155.039 00155.880 00156.345 00156.792 00157.241 00157.626 00157.909 00158.543 00159.072 00159.650 00160.304 00160.817 00161.759 00162.744 00163.860 00164.693 00165.668 00166.713 00167.189 00167.500 00167.816 00168.125 00168.928 00169.684 00170.228 00170.720 00170.316 00169.869 00169.246 00168.597 00168.138 00167.975 00167.818 00167.664 00167.510 00167.359 00167.208 00166.929 00166.740
-9999.0 -9999.0 -9999.0 -9999.0 -9999.0 -9999.0 -9999.0 -9999.0 -9999.0 -9999.0 -9999.0 -9999.0 -9999.0 -9999.0 -9999.0 -9999.0 -9999.0 -9999.0 -9999.0 00152.362 00153.366 00154.201 00154.879 00155.485 00156.061 00156.518 00156.964 00157.423 00157.735 00158.300 00158.818 00159.383 00160.003 00160.606 00161.351 00162.304 00163.366 00163.900 00165.261 00166.294 00166.936 00167.393 00167.706 00168.030 00168.777 00169.821 00170.514 00171.133 00171.687 00171.254 00170.713 00170.113 00169.256 00168.551 00168.120 00167.957 00167.802 00167.647 00167.491 00167.333 00167.178 00166.920
-9999.0 -9999.0 -9999.0 -9999.0 -9999.0 -9999.0 -9999.0 -9999.0 -9999.0 -9999.0 -9999.0 -9999.0 -9999.0 -9999.0 -9999.0 -9999.0 -9999.0 -9999.0 -9999.0 00152.621 00153.598 00154.419 00154.964 00155.740 00156.222 00156.681 00157.134 00157.587 00157.825 00158.494 00159.028 00159.612 00160.274 00160.804 00161.748 00162.750 00163.875 00164.765 00165.848 00166.907 00167.273 00167.598 00167.916 00168.431 00169.524 00170.489 00171.354 00172.047 00172.686 00172.212 00171.599 00170.853 00170.050 00169.147 00168.492 00168.102 00167.940 00167.780 00167.620 00167.456 00167.277 00166.946
-9999.0 -9999.0 -9999.0 -9999.0 -9999.0 -9999.0 -9999.0 -9999.0 -9999.0 -9999.0 -9999.0 -9999.0 -9999.0 -9999.0 -9999.0 -9999.0 -9999.0 -9999.0 -9999.0 00152.871 00153.806 00154.609 00155.033 00155.895 00156.378 00156.834 00157.294 00157.673 00158.115 00158.681 00159.231 00159.839 00160.499 00161.138 00162.100 00163.134 00163.892 00165.150 00166.263 00166.943 00167.467 00167.798 00168.134 00169.137 00170.182 00171.150 00172.135 00172.906 00173.607 00173.114 00172.470 00171.609 00170.770 00169.960 00169.043 00168.434 00168.079 00167.912 00167.730 00167.549 00167.370 00167.190
-9999.0 -9999.0 -9999.0 -9999.0 -9999.0 -9999.0 -9999.0 -9999.0 -9999.0 -9999.0 -9999.0 -9999.0 -9999.0 -9999.0 -9999.0 -9999.0 -9999.0 -9999.0 -9999.0 00153.057 00153.997 00154.787 00155.289 00156.019 00156.501 00156.969 00157.452 00157.753 00158.341 00158.863 00159.434 00160.071 00160.662 00161.471 00162.435 00163.533 00164.458 00165.525 00166.688 00167.233 00167.620 00168.002 00168.747 00169.856 00170.809 00171.799 00172.822 00173.732 00162.036 00174.004 00173.225 00172.384 00171.517 00170.679 00169.874 00168.910 00168.300 00168.013 00167.826 00167.641 00167.451 00167.264
-9999.0 -9999.0 -9999.0 -9999.0 -9999.0 -9999.0 -9999.0 -9999.0 -9999.0 -9999.0 -9999.0 -9999.0 -9999.0 -9999.0 -9999.0 -9999.0 -9999.0 -9999.0 00151.519 00153.217 00154.137 00154.888 00155.633 00156.138 00156.615 00157.082 00157.571 00157.820 00158.485 00159.018 00159.601 00160.261 00160.793 00161.715 00162.695 00163.810 00164.706 00165.805 00166.911 00167.355 00167.753 00168.159 00169.454 00170.481 00171.456 00172.474 00173.442 00174.422 -9999.0 -9999.000 00173.947 00173.129 00172.256 00171.425 00170.583 00169.648 00168.635 00168.109 00167.908 00167.715 00167.522 00167.328
-9999.0 -9999.0 -9999.0 -9999.0 -9999.0 -9999.0 -9999.0 -9999.0 -9999.0 -9999.0 -9999.0 -9999.0 -9999.0 -9999.0 -9999.0 -9999.0 -9999.0 -9999.0 00152.250 00153.352 00154.277 00154.933 00155.722 00156.233 00156.720 00157.199 00157.632 00157.995 00158.606 00159.148 00159.743 00160.421 00160.976 00161.930 00162.929 00163.881 00164.920 00166.048 00166.928 00167.452 00167.867 00168.597 00169.948 00171.108 00172.121 00173.115 00174.081 -9999.000 -9999.0 -9999.0 -9999.000 00173.855 00173.039 00172.202 00171.289 00170.219 00169.010 00168.252 00167.986 00167.787 00167.590 00167.393
-9999.0 -9999.0 -9999.0 -9999.0 -9999.0 -9999.0 -9999.0 -9999.0 -9999.0 -9999.0 -9999.0 -9999.0 -9999.0 -9999.0 -9999.0 -9999.0 -9999.0 -9999.0 00152.358 00153.457 00154.370 00154.974 00155.806 00156.313 00156.797 00157.285 00157.681 00158.161 00158.707 00159.256 00159.865 00160.513 00161.152 00162.085 00163.088 00163.888 00165.084 00166.229 00166.962 00167.530 00167.963 00168.949 00170.351 00171.576 00172.786 00173.742 -9999.000 -9999.0 -9999.0 -9999.0 -9999.0 -9999.000 00173.763 00172.954 00171.881 00170.746 00169.600 00168.541 00168.052 00167.817 00167.590 00167.368
-9999.0 -9999.0 -9999.0 -9999.0 -9999.0 -9999.0 -9999.0 -9999.0 -9999.0 -9999.0 -9999.0 -9999.0 -9999.0 -9999.0 -9999.0 -9999.0 -9999.0 -9999.0 00152.426 00153.529 00154.450 00155.004 00155.865 00156.376 00156.868 00157.367 00157.721 00158.280 00158.793 00159.352 00159.975 00160.586 00161.288 00162.200 00163.194 00163.893 00165.215 00166.351 00166.971 00167.563 00168.040 00169.351 00170.699 00172.038 00173.313 00174.391 -9999.0 -9999.0 -9999.0 -9999.0 -9999.0 -9999.0 -9999.000 00173.580 00172.520 00171.347 00169.718 00168.407 00167.998 00167.770 00167.546 00167.327
-9999.0 -9999.0 -9999.0 -9999.0 -9999.0 -9999.0 -9999.0 -9999.0 -9999.0 -9999.0 -9999.0 -9999.0 -9999.0 -9999.0 -9999.0 -9999.0 -9999.0 -9999.0 00152.466 00153.578 00154.498 00155.025 00155.911 00156.426 00156.918 00157.420 00157.752 00158.341 00158.855 00159.416 00160.041 00160.632 00161.374 00162.289 00163.306 00163.891 00165.041 00166.062 00166.920 00167.422 00167.874 00168.727 00170.491 00172.251 00173.809 -9999.000 -9999.0 -9999.0 -9999.0 -9999.0 -9999.0 -9999.0 -9999.000 00174.287 00172.661 00170.913 00169.242 00168.201 00167.939 00167.715 00167.493 00167.275
-9999.0 -9999.0 -9999.0 -9999.0 -9999.0 -9999.0 -9999.0 -9999.0 -9999.0 -9999.0 -9999.0 -9999.0 -9999.0 -9999.0 -9999.0 -9999.0 -9999.0 -9999.0 00152.458 00153.613 00154.532 00155.040 00155.942 00156.454 00156.949 00157.459 00157.773 00158.384 00158.899 00159.462 00160.092 00160.665 00161.440 00162.253 00163.100 00163.882 00164.784 00165.760 00166.816 00167.266 00167.704 00168.157 00169.766 00171.360 00173.086 -9999.000 -9999.0 -9999.0 -9999.0 -9999.0 -9999.0 -9999.0 -9999.0 00173.684 00172.020 00170.365 00168.752 00168.096 00167.863 00167.639 00167.418 00167.200
-9999.0 -9999.0 -9999.0 -9999.0 -9999.0 -9999.0 -9999.0 -9999.0 -9999.0 -9999.0 -9999.0 -9999.0 -9999.0 -9999.0 -9999.0 -9999.0 -9999.0 -9999.0 00152.252 00153.470 00154.479 00155.046 00155.965 00156.480 00156.977 00157.489 00157.787 00158.413 00158.931 00159.499 00160.096 00160.638 00161.287 00162.062 00162.895 00163.802 00164.516 00165.438 00166.410 00166.938 00167.505 00167.931 00168.834 00170.465 00172.019 00173.547 -9999.000 -9999.0 -9999.0 -9999.0 -9999.0 -9999.0 -9999.000 00172.782 00171.156 00169.561 00168.368 00167.991 00167.769 00167.551 00167.336 00167.052
-9999.0 -9999.0 -9999.0 -9999.0 -9999.0 -9999.0 -9999.0 -9999.0 -9999.0 -9999.0 -9999.0 -9999.0 -9999.0 -9999.0 -9999.0 -9999.0 -9999.0 -9999.0 -9999.0 00153.278 00154.323 00154.992 00155.878 00156.415 00156.931 00157.461 00157.783 00158.382 00158.866 00159.390 00159.968 00160.547 00161.100 00161.877 00162.665 00163.533 00163.896 00165.084 00165.994 00166.905 00167.293 00167.685 00168.075 00169.236 00170.792 00172.347 00173.855 -9999.0 -9999.0 -9999.0 -9999.0 -9999.000 00173.296 00171.697 00170.139 00168.663 00168.079 00167.856 00167.639 00167.423 00167.211 00166.924
-9999.0 -9999.0 -9999.0 -9999.0 -9999.0 -9999.0 -9999.0 -9999.0 -9999.0 -9999.0 -9999.0 -9999.0 -9999.0 -9999.0 -9999.0 -9999.0 -9999.0 -9999.0 -9999.0 00153.057 00154.138 00154.932 00155.775 00156.317 00156.835 00157.359 00157.734 00158.291 00158.765 00159.275 00159.829 00160.447 00160.901 00161.669 00162.426 00163.205 00163.883 00164.700 00165.543 00166.437 00166.930 00167.403 00167.776 00168.160 00169.593 00171.106 00172.675 -9999.000 -9999.0 -9999.0 -9999.0 00173.818 00172.254 00170.652 00169.016 00168.155 00167.929 00167.712 00167.499 00167.288 00166.937 00166.905
-9999.0 -9999.0 -9999.0 -9999.0 -9999.0 -9999.0 -9999.0 -9999.0 -9999.0 -9999.0 -9999.0 -9999.0 -9999.0 -9999.0 -9999.0 -9999.0 -9999.0 -9999.0 -9999.0 00152.765 00153.906 00154.860 00155.655 00156.205 00156.727 00157.249 00157.679 00158.149 00158.658 00159.156 00159.689 00160.287 00160.750 00161.449 00162.147 00162.902 00163.702 00163.900 00165.099 00165.894 00166.687 00167.044 00167.482 00167.853 00168.404 00169.923 00171.422 00172.987 -9999.000 -9999.0 -9999.000 00172.798 00171.191 00169.625 00168.405 00168.005 00167.785 00167.571 00167.359 00167.150 00166.916 00166.625
-9999.0 -9999.0 -9999.0 -9999.0 -9999.0 -9999.0 -9999.0 -9999.0 -9999.0 -9999.0 -9999.0 -9999.0 -9999.0 -9999.0 -9999.0 -9999.0 -9999.0 -9999.0 -9999.0 00152.414 00153.636 00154.633 00155.304 00156.075 00156.602 00157.119 00157.616 00157.973 00158.536 00159.014 00159.532 00160.108 00160.616 00161.168 00161.867 00162.565 00163.298 00163.883 00164.639 00165.344 00166.090 00166.862 00167.193 00167.557 00167.930 00168.636 00170.188 00171.578 00172.841 -9999.000 00172.777 00171.451 00170.093 00168.642 00168.075 00167.855 00167.643 00167.431 00167.221 00166.927 00166.783 00166.314
-9999.0 -9999.0 -9999.0 -9999.0 -9999.0 -9999.0 -9999.0 -9999.0 -9999.0 -9999.0 -9999.0 -9999.0 -9999.0 -9999.0 -9999.0 -9999.0 -9999.0 -9999.0 -9999.0 -9999.0 00153.298 00154.356 00155.010 00155.912 00156.449 00156.967 00157.500 00157.803 00158.402 00158.865 00159.352 00159.883 00160.461 00160.877 00161.577 00162.225 00162.912 00163.665 00163.894 00164.818 00165.517 00166.240 00166.911 00167.268 00167.624 00167.987 00168.624 00169.848 00170.899 00172.112 00170.903 00169.808 00168.633 00168.104 00167.910 00167.696 00167.485 00167.278 00166.936 00166.905 00166.470 00166.023
