examples/flatland/Outputs/centerIgnit/c_atmRAWS/clockwise/1hr/flatland_centerIgnit_clockwise1hr_atmRAWS/flatland_centerIgnit_clockwise1hr_atmRAWS_ArrivalTime.asc
NCOLS 100
NROWS 100
XLLCORNER 20000.000000
YLLCORNER 20000.000000
CELLSIZE 30.000000
NODATA_VALUE -9999.0
[rows 28 to 55 of 100, columns 0 to 62 of 100]
-9999.0 -9999.0 -9999.0 -9999.0 -9999.0 -9999.0 -9999.0 -9999.0 -9999.0 -9999.0 -9999.0 -9999.0 -9999.0 -9999.0 -9999.0 -9999.0 -9999.0 -9999.0 -9999.0 -9999.0 -9999.0 -9999.0 -9999.0 -9999.0 -9999.0 00414.038 00402.215 00391.153 00380.247 00369.798 00359.641 00350.891 00342.631 00334.986 00327.405 00319.999 00312.687 00305.297 00297.208 00287.693 00278.719 00270.482 00262.308 00254.459 00246.334 00238.494 00229.761 00221.547 00214.668 00209.033 00204.043 00202.762 00205.873 00209.573 00214.096 00220.503 00226.960 00235.817 00244.965 00254.392 00266.048 00278.770 00292.254
-9999.0 -9999.0 -9999.0 -9999.0 -9999.0 -9999.0 -9999.0 -9999.0 -9999.0 -9999.0 -9999.0 -9999.0 -9999.0 -9999.0 -9999.0 -9999.0 -9999.0 -9999.0 -9999.0 -9999.0 -9999.0 -9999.0 -9999.0 -9999.0 00418.028 00406.030 00394.288 00382.803 00371.967 00361.325 00352.270 00343.507 00334.861 00326.472 00318.934 00311.442 00303.528 00294.461 00284.851 00275.382 00265.991 00256.642 00248.172 00239.165 00227.980 00217.054 00208.155 00199.614 00192.411 00186.194 00181.011 00179.401 00182.569 00186.592 00191.659 00197.961 00205.344 00214.379 00223.861 00233.849 00246.209 00258.753 00272.551
-9999.0 -9999.0 -9999.0 -9999.0 -9999.0 -9999.0 -9999.0 -9999.0 -9999.0 -9999.0 -9999.0 -9999.0 -9999.0 -9999.0 -9999.0 -9999.0 -9999.0 -9999.0 -9999.0 -9999.0 -9999.0 -9999.0 -9999.0 -9999.0 00410.130 00398.194 00386.432 00374.870 00363.759 00354.082 00345.033 00336.286 00327.605 00319.056 00310.488 00302.429 00292.932 00282.913 00273.067 00263.291 00253.929 00244.035 00231.766 00219.350 00208.089 00197.188 00186.871 00178.555 00171.325 00165.551 00160.706 00161.549 00164.472 00167.766 00172.269 00176.866 00184.387 00193.489 00202.840 00214.805 00226.903 00239.539 00253.184
-9999.0 -9999.0 -9999.0 -9999.0 -9999.0 -9999.0 -9999.0 -9999.0 -9999.0 -9999.0 -9999.0 -9999.0 -9999.0 -9999.0 -9999.0 -9999.0 -9999.0 -9999.0 -9999.0 -9999.0 -9999.0 -9999.0 -9999.0 00414.389 00402.323 00390.423 00378.681 00367.131 00356.419 00347.162 00338.174 00329.249 00320.506 00311.921 00302.891 00292.482 00281.639 00271.666 00261.781 00252.008 00241.492 00227.830 00214.335 00200.941 00188.621 00177.707 00167.107 00158.832 00151.541 00145.774 00140.870 00144.144 00147.396 00151.492 00156.029 00162.092 00168.467 00174.930 00184.187 00196.046 00208.454 00221.283 00234.266
-9999.0 -9999.0 -9999.0 -9999.0 -9999.0 -9999.0 -9999.0 -9999.0 -9999.0 -9999.0 -9999.0 -9999.0 -9999.0 -9999.0 -9999.0 -9999.0 -9999.0 -9999.0 -9999.0 -9999.0 -9999.0 -9999.0 00419.525 00406.899 00394.574 00382.711 00371.016 00359.538 00350.064 00340.678 00331.358 00322.453 00313.648 00304.500 00294.422 00283.464 00272.590 00261.794 00251.070 00239.755 00225.399 00211.236 00197.267 00183.822 00170.131 00158.605 00148.064 00139.287 00131.964 00125.971 00123.629 00127.140 00130.939 00135.391 00141.272 00147.577 00154.231 00162.263 00170.295 00178.665 00190.541 00203.513 00218.470
-9999.0 -9999.0 -9999.0 -9999.0 -9999.0 -9999.0 -9999.0 -9999.0 -9999.0 -9999.0 -9999.0 -9999.0 -9999.0 -9999.0 -9999.0 -9999.0 -9999.0 -9999.0 -9999.0 -9999.0 -9999.0 -9999.0 00412.318 00399.544 00387.132 00375.100 00363.418 00353.268 00343.783 00334.387 00325.125 00315.926 00306.670 00296.834 00285.706 00274.669 00263.764 00253.040 00241.469 00225.878 00209.848 00194.886 00180.825 00166.246 00152.420 00139.647 00129.219 00119.956 00115.025 00110.761 00111.317 00113.800 00116.685 00120.682 00126.914 00133.903 00141.892 00149.996 00158.315 00166.691 00176.044 00188.692 00203.493
-9999.0 -9999.0 -9999.0 -9999.0 -9999.0 -9999.0 -9999.0 -9999.0 -9999.0 -9999.0 -9999.0 -9999.0 -9999.0 -9999.0 -9999.0 -9999.0 -9999.0 -9999.0 -9999.0 -9999.0 -9999.0 00418.266 00405.212 00392.391 00379.882 00367.661 00356.591 00347.052 00337.605 00328.245 00318.953 00309.672 00300.009 00288.633 00277.347 00266.315 00255.432 00243.951 00229.055 00212.898 00197.060 00181.004 00163.486 00149.011 00134.910 00121.260 00113.479 00107.030 00102.102 00097.712 00100.496 00103.292 00106.644 00110.834 00115.665 00121.797 00129.897 00138.105 00147.311 00156.915 00166.534 00176.198 00188.973
-9999.0 -9999.0 -9999.0 -9999.0 -9999.0 -9999.0 -9999.0 -9999.0 -9999.0 -9999.0 -9999.0 -9999.0 -9999.0 -9999.0 -9999.0 -9999.0 -9999.0 -9999.0 -9999.0 -9999.0 -9999.0 00411.916 00398.212 00385.396 00372.783 00360.510 00350.589 00340.912 00331.486 00322.129 00312.885 00303.257 00292.404 00281.066 00269.848 00258.721 00247.329 00233.298 00216.659 00200.585 00184.459 00166.645 00148.670 00131.866 00118.375 00108.500 00100.626 00094.144 00089.132 00086.846 00089.857 00092.867 00097.030 00101.646 00107.257 00112.889 00119.305 00128.538 00138.039 00147.577 00157.233 00167.081 00176.977
-9999.0 -9999.0 -9999.0 -9999.0 -9999.0 -9999.0 -9999.0 -9999.0 -9999.0 -9999.0 -9999.0 -9999.0 -9999.0 -9999.0 -9999.0 -9999.0 -9999.0 -9999.0 -9999.0 -9999.0 -9999.0 00406.138 00391.910 00378.488 00365.901 00354.721 00344.832 00335.136 00325.514 00316.117 00306.622 00296.332 00284.957 00273.675 00262.490 00251.389 00238.921 00222.183 00205.672 00189.297 00171.250 00152.629 00134.606 00117.480 00106.062 00096.133 00087.793 00081.222 00075.757 00076.174 00079.379 00083.269 00087.671 00093.260 00098.859 00105.425 00112.491 00119.550 00129.052 00138.755 00148.507 00158.307 00168.159
-9999.0 -9999.0 -9999.0 -9999.0 -9999.0 -9999.0 -9999.0 -9999.0 -9999.0 -9999.0 -9999.0 -9999.0 -9999.0 -9999.0 -9999.0 -9999.0 -9999.0 -9999.0 -9999.0 -9999.0 00415.116 00400.552 00386.251 00372.220 00359.234 00349.246 00339.349 00329.531 00319.884 00310.318 00300.340 00288.955 00277.620 00266.380 00255.231 00243.431 00227.924 00211.307 00194.899 00177.762 00158.444 00139.397 00120.817 00106.808 00093.693 00083.816 00074.979 00068.259 00062.103 00065.793 00069.557 00073.738 00079.299 00084.878 00091.577 00098.644 00105.762 00113.056 00120.466 00130.115 00139.818 00149.574 00159.396
-9999.0 -9999.0 -9999.0 -9999.0 -9999.0 -9999.0 -9999.0 -9999.0 -9999.0 -9999.0 -9999.0 -9999.0 -9999.0 -9999.0 -9999.0 -9999.0 -9999.0 -9999.0 -9999.0 -9999.0 00410.008 00395.088 00380.762 00366.673 00354.459 00343.867 00333.919 00324.148 00314.456 00304.496 00293.616 00282.121 00270.724 00259.423 00247.918 00233.848 00217.104 00200.579 00183.935 00165.062 00145.865 00126.864 00110.497 00096.183 00082.274 00071.507 00062.200 00056.766 00052.307 00056.129 00059.975 00065.340 00070.925 00077.776 00084.849 00092.021 00099.293 00106.569 00113.856 00121.530 00131.204 00140.935 00150.887
-9999.0 -9999.0 -9999.0 -9999.0 -9999.0 -9999.0 -9999.0 -9999.0 -9999.0 -9999.0 -9999.0 -9999.0 -9999.0 -9999.0 -9999.0 -9999.0 -9999.0 -9999.0 -9999.0 -9999.0 00404.966 00390.120 00375.449 00361.276 00350.258 00339.694 00329.222 00318.825 00309.028 00298.787 00287.180 00275.668 00264.258 00252.942 00240.710 00223.948 00207.159 00190.558 00172.143 00152.491 00133.380 00115.605 00100.616 00085.716 00071.723 00059.466 00053.006 00047.868 00042.741 00046.980 00051.298 00056.801 00063.861 00071.091 00078.317 00085.570 00092.825 00100.089 00107.378 00114.739 00123.023 00132.924 00142.882
-9999.0 -9999.0 -9999.0 -9999.0 -9999.0 -9999.0 -9999.0 -9999.0 -9999.0 -9999.0 -9999.0 -9999.0 -9999.0 -9999.0 -9999.0 -9999.0 -9999.0 -9999.0 -9999.0 00416.229 00400.384 00385.150 00370.535 00357.019 00346.216 00335.628 00325.132 00314.759 00304.182 00292.755 00280.985 00269.362 00257.988 00246.252 00231.440 00214.447 00197.655 00180.473 00160.472 00140.665 00121.105 00105.767 00090.805 00075.900 00061.283 00051.751 00044.875 00039.052 00033.485 00037.899 00042.799 00048.890 00056.705 00064.448 00071.874 00079.116 00086.364 00093.636 00101.061 00108.613 00116.196 00125.426 00135.909
-9999.0 -9999.0 -9999.0 -9999.0 -9999.0 -9999.0 -9999.0 -9999.0 -9999.0 -9999.0 -9999.0 -9999.0 -9999.0 -9999.0 -9999.0 -9999.0 -9999.0 -9999.0 -9999.0 00412.332 00396.434 00380.841 00365.650 00353.351 00342.529 00331.804 00321.172 00310.772 00300.091 00288.297 00276.588 00264.975 00253.456 00241.058 00224.173 00207.093 00190.192 00170.627 00149.005 00129.136 00111.588 00095.957 00081.013 00066.131 00054.373 00045.114 00036.778 00030.552 00024.425 00029.101 00034.359 00041.501 00049.449 00057.579 00065.269 00072.671 00079.928 00087.407 00094.928 00102.768 00111.355 00119.946 00130.365
-9999.0 -9999.0 -9999.0 -9999.0 -9999.0 -9999.0 -9999.0 -9999.0 -9999.0 -9999.0 -9999.0 -9999.0 -9999.0 -9999.0 -9999.0 -9999.0 -9999.0 -9999.0 -9999.0 00408.567 00392.660 00376.975 00361.597 00349.934 00338.901 00328.207 00317.606 00306.951 00295.755 00283.968 00272.281 00260.701 00249.043 00235.064 00217.910 00200.951 00183.713 00162.741 00141.272 00119.974 00102.243 00086.566 00071.245 00057.665 00048.111 00038.641 00029.548 00022.460 00015.478 00020.533 00026.443 00034.233 00042.251 00050.333 00058.472 00066.159 00073.766 00081.261 00089.712 00098.281 00106.855 00115.610 00125.442
-9999.0 -9999.0 -9999.0 -9999.0 -9999.0 -9999.0 -9999.0 -9999.0 -9999.0 -9999.0 -9999.0 -9999.0 -9999.0 -9999.0 -9999.0 -9999.0 -9999.0 -9999.0 -9999.0 00405.609 00389.055 00373.297 00358.397 00347.154 00336.041 00325.023 00314.097 00303.313 00291.789 00280.037 00268.387 00256.840 00244.796 00229.277 00212.169 00195.260 00177.156 00155.294 00133.820 00113.516 00094.979 00077.182 00061.702 00051.381 00041.880 00032.461 00023.151 00014.378 00006.682 00012.048 00019.277 00027.147 00035.109 00043.130 00051.236 00059.620 00068.034 00076.700 00085.257 00093.966 00102.997 00112.040 00121.380
-9999.0 -9999.0 -9999.0 -9999.0 -9999.0 -9999.0 -9999.0 -9999.0 -9999.0 -9999.0 -9999.0 -9999.0 -9999.0 -9999.0 -9999.0 -9999.0 -9999.0 -9999.0 00419.720 00402.911 00386.379 00370.063 00355.726 00344.486 00333.352 00322.321 00311.411 00300.312 00288.518 00276.804 00265.193 00253.681 00241.342 00224.787 00207.945 00191.289 00171.873 00149.803 00127.995 00107.589 00088.613 00070.123 00055.007 00045.190 00035.693 00026.328 00017.046 00007.846 0.0 00000.000 00012.249 00020.104 00028.016 00035.986 00044.132 00053.320 00063.318 00072.393 00081.417 00090.425 00099.581 00108.883 00118.270
-9999.0 -9999.0 -9999.0 -9999.0 -9999.0 -9999.0 -9999.0 -9999.0 -9999.0 -9999.0 -9999.0 -9999.0 -9999.0 -9999.0 -9999.0 -9999.0 -9999.0 -9999.0 00417.900 00400.629 00383.707 00367.439 00353.754 00342.273 00330.898 00319.727 00308.762 00297.519 00285.732 00274.044 00262.458 00250.955 00237.780 00220.784 00204.247 00187.702 00167.410 00145.284 00123.376 00102.957 00083.367 00063.876 00050.512 00039.123 00029.540 00020.230 00011.000 00000.000 0.0 0.0 00000.000 00013.103 00020.966 00028.911 00037.360 00047.827 00058.810 00068.726 00077.928 00087.123 00096.422 00105.812 00115.832
-9999.0 -9999.0 -9999.0 -9999.0 -9999.0 -9999.0 -9999.0 -9999.0 -9999.0 -9999.0 -9999.0 -9999.0 -9999.0 -9999.0 -9999.0 -9999.0 -9999.0 -9999.0 00416.298 00398.837 00381.825 00365.045 00351.887 00340.423 00329.065 00317.811 00306.575 00295.070 00283.366 00271.765 00260.268 00248.655 00234.824 00218.166 00201.700 00185.100 00164.154 00141.963 00119.799 00099.154 00078.902 00059.311 00046.618 00034.574 00023.468 00014.159 00000.000 0.0 0.0 0.0 0.0 00000.000 00013.958 00021.865 00031.829 00042.511 00053.776 00064.695 00075.095 00085.788 00096.408 00106.995 00117.564
-9999.0 -9999.0 -9999.0 -9999.0 -9999.0 -9999.0 -9999.0 -9999.0 -9999.0 -9999.0 -9999.0 -9999.0 -9999.0 -9999.0 -9999.0 -9999.0 -9999.0 -9999.0 00415.276 00397.616 00380.215 00363.306 00350.585 00338.944 00327.411 00315.994 00304.763 00293.201 00281.519 00269.938 00258.457 00246.773 00232.523 00216.199 00200.051 00183.241 00161.444 00139.629 00119.716 00097.661 00075.615 00055.944 00042.934 00030.459 00018.538 00008.129 0.0 0.0 0.0 0.0 0.0 0.0 00000.000 00015.764 00026.021 00036.967 00052.722 00066.591 00077.433 00087.888 00098.380 00108.896 00119.438
-9999.0 -9999.0 -9999.0 -9999.0 -9999.0 -9999.0 -9999.0 -9999.0 -9999.0 -9999.0 -9999.0 -9999.0 -9999.0 -9999.0 -9999.0 -9999.0 -9999.0 -9999.0 00414.711 00396.805 00379.232 00362.071 00349.562 00337.791 00326.220 00314.805 00303.413 00291.814 00280.226 00268.738 00257.348 00245.571 00231.046 00214.782 00198.510 00183.951 00165.026 00145.124 00125.573 00104.472 00083.144 00062.031 00045.196 00028.566 00013.689 00000.000 0.0 0.0 0.0 0.0 0.0 0.0 00000.000 00009.270 00024.659 00041.078 00056.897 00069.416 00079.960 00090.444 00100.952 00111.483 00121.913
-9999.0 -9999.0 -9999.0 -9999.0 -9999.0 -9999.0 -9999.0 -9999.0 -9999.0 -9999.0 -9999.0 -9999.0 -9999.0 -9999.0 -9999.0 -9999.0 -9999.0 -9999.0 00414.822 00396.204 00378.577 00361.227 00348.926 00337.131 00325.479 00313.930 00302.435 00290.855 00279.333 00267.896 00256.543 00244.736 00229.875 00215.391 00201.533 00187.616 00170.197 00150.690 00131.598 00111.902 00090.928 00070.227 00052.285 00036.668 00020.782 00000.000 0.0 0.0 0.0 0.0 0.0 0.0 0.0 00014.758 00030.657 00046.360 00061.635 00073.022 00083.535 00094.038 00104.562 00115.106 00125.130
-9999.0 -9999.0 -9999.0 -9999.0 -9999.0 -9999.0 -9999.0 -9999.0 -9999.0 -9999.0 -9999.0 -9999.0 -9999.0 -9999.0 -9999.0 -9999.0 -9999.0 -9999.0 00417.891 00398.651 00379.666 00360.898 00348.393 00336.566 00324.864 00313.286 00301.799 00290.194 00278.645 00267.178 00256.466 00245.460 00232.567 00218.550 00204.771 00191.408 00175.945 00156.987 00138.618 00120.451 00100.394 00080.319 00060.437 00045.341 00030.557 00016.047 00000.000 0.0 0.0 0.0 0.0 0.0 00000.000 00023.510 00038.669 00054.081 00067.098 00077.656 00087.903 00098.171 00108.469 00118.960 00128.708
-9999.0 -9999.0 -9999.0 -9999.0 -9999.0 -9999.0 -9999.0 -9999.0 -9999.0 -9999.0 -9999.0 -9999.0 -9999.0 -9999.0 -9999.0 -9999.0 -9999.0 -9999.0 -9999.0 00401.881 00382.790 00364.073 00350.352 00338.105 00325.969 00313.937 00302.002 00290.878 00280.009 00269.245 00258.588 00247.810 00235.704 00221.769 00208.424 00195.272 00181.977 00164.101 00146.313 00129.476 00110.611 00091.846 00073.928 00056.822 00042.044 00027.477 00013.100 0.0 0.0 0.0 0.0 00000.000 00018.458 00033.391 00048.555 00062.867 00073.734 00083.857 00094.075 00104.328 00114.612 00124.225 00132.910
-9999.0 -9999.0 -9999.0 -9999.0 -9999.0 -9999.0 -9999.0 -9999.0 -9999.0 -9999.0 -9999.0 -9999.0 -9999.0 -9999.0 -9999.0 -9999.0 -9999.0 -9999.0 -9999.0 00405.605 00386.354 00367.505 00352.598 00340.332 00328.188 00316.161 00304.241 00292.952 00282.093 00271.411 00260.869 00250.380 00239.042 00225.633 00212.330 00199.887 00187.246 00172.023 00154.987 00138.151 00122.832 00105.299 00087.560 00070.100 00053.759 00039.034 00024.493 00000.000 0.0 0.0 0.0 00013.448 00028.323 00043.398 00058.697 00070.301 00080.428 00090.528 00100.650 00110.798 00120.823 00129.516 00137.932
-9999.0 -9999.0 -9999.0 -9999.0 -9999.0 -9999.0 -9999.0 -9999.0 -9999.0 -9999.0 -9999.0 -9999.0 -9999.0 -9999.0 -9999.0 -9999.0 -9999.0 -9999.0 -9999.0 00410.162 00390.771 00371.668 00355.252 00342.925 00330.721 00318.635 00306.666 00295.249 00284.517 00273.869 00263.482 00253.224 00242.460 00229.667 00217.117 00204.670 00192.846 00180.557 00163.832 00148.150 00133.848 00119.036 00101.463 00083.958 00066.517 00050.712 00036.025 00021.582 00000.000 0.0 00000.000 00023.367 00038.343 00053.501 00066.524 00077.005 00087.110 00097.223 00107.358 00117.513 00126.539 00134.897 00143.065
-9999.0 -9999.0 -9999.0 -9999.0 -9999.0 -9999.0 -9999.0 -9999.0 -9999.0 -9999.0 -9999.0 -9999.0 -9999.0 -9999.0 -9999.0 -9999.0 -9999.0 -9999.0 -9999.0 00415.456 00395.798 00376.472 00358.291 00345.905 00333.644 00321.510 00309.495 00297.848 00287.321 00276.874 00266.508 00256.225 00245.991 00234.547 00221.946 00209.987 00198.596 00187.116 00173.308 00158.794 00144.492 00130.776 00115.408 00097.853 00080.369 00063.295 00048.143 00034.567 00023.032 00000.000 00023.598 00035.835 00049.097 00063.221 00073.940 00083.925 00093.872 00103.944 00114.092 00123.618 00132.140 00140.297 00148.485
-9999.0 -9999.0 -9999.0 -9999.0 -9999.0 -9999.0 -9999.0 -9999.0 -9999.0 -9999.0 -9999.0 -9999.0 -9999.0 -9999.0 -9999.0 -9999.0 -9999.0 -9999.0 -9999.0 -9999.0 00401.552 00382.114 00362.984 00349.536 00337.240 00325.065 00313.008 00301.070 00290.398 00280.010 00269.949 00259.969 00250.027 00239.438 00227.335 00215.790 00204.511 00193.370 00182.974 00169.481 00155.442 00141.662 00127.811 00111.813 00094.768 00077.835 00063.483 00051.494 00041.172 00029.920 00041.136 00051.884 00063.381 00072.653 00081.325 00091.339 00101.334 00111.307 00121.084 00129.408 00137.568 00145.717 00153.927
