examples/flatland/Outputs/centerIgnit/c_atmRAWS/clockwise/1hr/flatland_centerIgnit_clockwise1hr_atmRAWS/flatland_centerIgnit_clockwise1hr_atmRAWS_HeatPerUnitArea.asc
NCOLS 100
NROWS 100
XLLCORNER 20000.000000
YLLCORNER 20000.000000
CELLSIZE 30.000000
NODATA_VALUE -9999.0
[rows 28 to 55 of 100, columns 0 to 61 of 100]
-9999.0 -9999.0 -9999.0 -9999.0 -9999.0 -9999.0 -9999.0 -9999.0 -9999.0 -9999.0 -9999.0 -9999.0 -9999.0 -9999.0 -9999.0 -9999.0 -9999.0 -9999.0 -9999.0 -9999.0 -9999.0 -9999.0 -9999.0 -9999.0 -9999.0 01003.900 01008.834 01012.963 01016.664 01019.614 01021.033 01025.912 01028.315 01030.470 01032.599 01034.689 01036.842 01037.997 01040.160 01043.482 01046.147 01048.761 01051.567 01054.611 01056.959 01059.355 01062.716 01065.639 01068.288 01070.493 01072.617 01073.104 01071.823 01070.269 01068.504 01066.020 01063.723 01060.406 01057.501 01054.650 01050.306 01046.126
-9999.0 -9999.0 -9999.0 -9999.0 -9999.0 -9999.0 -9999.0 -9999.0 -9999.0 -9999.0 -9999.0 -9999.0 -9999.0 -9999.0 -9999.0 -9999.0 -9999.0 -9999.0 -9999.0 -9999.0 -9999.0 -9999.0 -9999.0 -9999.0 01002.137 01007.338 01011.864 01015.832 01019.317 01020.562 01025.495 01028.065 01030.507 01032.859 01035.008 01037.206 01038.272 01041.374 01044.279 01047.185 01050.325 01053.752 01056.547 01059.091 01063.362 01067.371 01070.864 01074.436 01077.782 01078.787 01078.872 01081.791 01078.851 01078.786 01078.119 01075.212 01072.041 01068.400 01064.830 01061.174 01057.215 01052.927
-9999.0 -9999.0 -9999.0 -9999.0 -9999.0 -9999.0 -9999.0 -9999.0 -9999.0 -9999.0 -9999.0 -9999.0 -9999.0 -9999.0 -9999.0 -9999.0 -9999.0 -9999.0 -9999.0 -9999.0 -9999.0 -9999.0 -9999.0 -9999.0 01005.599 01010.390 01014.598 01018.394 01020.316 01024.954 01027.623 01030.105 01032.548 01034.977 01037.340 01038.462 01041.962 01044.826 01047.900 01051.230 01054.817 01057.506 01061.977 01066.476 01070.898 01075.579 01078.771 01082.114 01084.360 01086.227 01087.772 01087.513 01086.559 01085.483 01084.070 01082.646 01078.826 01077.292 01073.072 01068.234 01063.745 01058.942
-9999.0 -9999.0 -9999.0 -9999.0 -9999.0 -9999.0 -9999.0 -9999.0 -9999.0 -9999.0 -9999.0 -9999.0 -9999.0 -9999.0 -9999.0 -9999.0 -9999.0 -9999.0 -9999.0 -9999.0 -9999.0 -9999.0 -9999.0 01003.745 01008.791 01013.211 01017.166 01019.946 01024.049 01027.002 01029.575 01032.080 01034.539 01037.066 01038.397 01042.096 01045.229 01048.346 01051.746 01055.567 01058.246 01063.413 01068.414 01073.842 01078.739 01082.385 01085.699 01088.375 01090.844 01092.892 01094.598 01093.465 01092.271 01090.864 01089.341 01087.330 01085.255 01083.259 01078.831 01076.106 01070.741 01065.731
-9999.0 -9999.0 -9999.0 -9999.0 -9999.0 -9999.0 -9999.0 -9999.0 -9999.0 -9999.0 -9999.0 -9999.0 -9999.0 -9999.0 -9999.0 -9999.0 -9999.0 -9999.0 -9999.0 -9999.0 -9999.0 -9999.0 00998.524 01006.995 01011.763 01015.861 01019.462 01021.128 01026.148 01028.867 01031.487 01033.963 01036.561 01038.145 01041.390 01044.670 01048.049 01051.739 01055.934 01058.857 01064.284 01069.592 01075.538 01078.819 01084.721 01088.453 01092.040 01095.143 01097.939 01098.773 01098.825 01098.742 01098.325 01096.656 01094.435 01092.217 01089.953 01087.265 01084.672 01082.081 01078.627 01072.798
-9999.0 -9999.0 -9999.0 -9999.0 -9999.0 -9999.0 -9999.0 -9999.0 -9999.0 -9999.0 -9999.0 -9999.0 -9999.0 -9999.0 -9999.0 -9999.0 -9999.0 -9999.0 -9999.0 -9999.0 -9999.0 -9999.0 01004.653 01009.872 01014.357 01018.320 01020.356 01025.193 01027.982 01030.635 01033.227 01035.892 01037.837 01040.321 01044.037 01047.405 01051.073 01055.165 01058.246 01064.116 01070.154 01076.641 01078.871 01085.981 01090.553 01095.002 01098.675 01098.919 01100.627 01101.201 01101.127 01100.785 01100.388 01098.876 01098.744 01097.221 01094.225 01091.356 01088.558 01085.838 01082.912 01078.750
-9999.0 -9999.0 -9999.0 -9999.0 -9999.0 -9999.0 -9999.0 -9999.0 -9999.0 -9999.0 -9999.0 -9999.0 -9999.0 -9999.0 -9999.0 -9999.0 -9999.0 -9999.0 -9999.0 -9999.0 -9999.0 01002.036 01007.668 01012.529 01016.782 01019.890 01023.889 01027.033 01029.731 01032.357 01034.996 01037.445 01038.898 01043.201 01046.572 01050.201 01054.226 01057.504 01062.971 01068.966 01075.636 01078.868 01086.875 01091.699 01096.831 01098.866 01100.827 01101.697 01102.393 01102.985 01102.603 01102.215 01101.753 01101.182 01100.531 01098.856 01098.652 01095.612 01092.308 01089.041 01085.879 01082.848
-9999.0 -9999.0 -9999.0 -9999.0 -9999.0 -9999.0 -9999.0 -9999.0 -9999.0 -9999.0 -9999.0 -9999.0 -9999.0 -9999.0 -9999.0 -9999.0 -9999.0 -9999.0 -9999.0 -9999.0 -9999.0 01004.837 01010.397 01014.962 01019.058 01020.645 01025.992 01028.800 01031.451 01034.057 01036.782 01038.347 01042.112 01045.404 01048.977 01052.927 01056.695 01061.384 01067.515 01073.986 01078.804 01085.854 01091.825 01097.976 01100.042 01101.490 01102.576 01103.484 01104.167 01104.507 01104.065 01103.658 01103.075 01102.439 01101.665 01100.909 01099.382 01098.694 01095.625 01092.213 01088.916 01085.701
-9999.0 -9999.0 -9999.0 -9999.0 -9999.0 -9999.0 -9999.0 -9999.0 -9999.0 -9999.0 -9999.0 -9999.0 -9999.0 -9999.0 -9999.0 -9999.0 -9999.0 -9999.0 -9999.0 -9999.0 -9999.0 01007.298 01012.704 01017.246 01020.098 01024.762 01027.682 01030.427 01033.120 01035.835 01037.850 01040.541 01044.245 01047.709 01051.501 01055.807 01059.183 01065.411 01071.895 01078.725 01084.377 01090.475 01096.932 01100.278 01101.839 01103.202 01104.363 01105.299 01106.114 01106.048 01105.549 01105.010 01104.379 01103.603 01102.813 01101.920 01100.956 01099.208 01098.677 01095.345 01091.873 01088.548
-9999.0 -9999.0 -9999.0 -9999.0 -9999.0 -9999.0 -9999.0 -9999.0 -9999.0 -9999.0 -9999.0 -9999.0 -9999.0 -9999.0 -9999.0 -9999.0 -9999.0 -9999.0 -9999.0 -9999.0 01003.428 01009.482 01014.666 01019.238 01021.419 01026.400 01029.245 01032.002 01034.725 01037.367 01038.839 01043.108 01046.486 01050.174 01054.300 01057.642 01063.368 01069.561 01076.611 01082.357 01088.505 01095.097 01098.872 01101.729 01103.544 01104.932 01106.213 01108.063 01110.811 01109.115 01107.127 01106.392 01105.560 01104.780 01103.833 01102.843 01101.868 01100.877 01098.879 01098.626 01094.935 01091.495
-9999.0 -9999.0 -9999.0 -9999.0 -9999.0 -9999.0 -9999.0 -9999.0 -9999.0 -9999.0 -9999.0 -9999.0 -9999.0 -9999.0 -9999.0 -9999.0 -9999.0 -9999.0 -9999.0 -9999.0 01005.658 01011.582 01016.498 01020.028 01024.844 01027.962 01030.766 01033.498 01036.326 01038.169 01041.746 01045.070 01048.673 01052.650 01056.573 01061.172 01067.341 01073.988 01078.812 01086.350 01092.808 01098.735 01101.224 01103.194 01105.146 01106.718 01110.833 01114.224 01117.474 01114.591 01111.573 01109.098 01106.800 01105.789 01104.782 01103.767 01102.753 01101.755 01100.767 01098.859 01098.218 01094.547
-9999.0 -9999.0 -9999.0 -9999.0 -9999.0 -9999.0 -9999.0 -9999.0 -9999.0 -9999.0 -9999.0 -9999.0 -9999.0 -9999.0 -9999.0 -9999.0 -9999.0 -9999.0 -9999.0 -9999.0 01007.764 01013.324 01018.210 01020.579 01026.092 01029.156 01032.097 01035.048 01037.538 01039.447 01043.622 01047.101 01050.908 01055.207 01058.502 01064.792 01071.276 01078.617 01084.101 01090.520 01097.397 01100.530 01102.572 01104.655 01106.686 01111.981 01116.958 01120.538 01123.769 01121.120 01118.169 01114.077 01109.705 01106.775 01105.704 01104.670 01103.653 01102.644 01101.646 01100.653 01098.828 01097.579
-9999.0 -9999.0 -9999.0 -9999.0 -9999.0 -9999.0 -9999.0 -9999.0 -9999.0 -9999.0 -9999.0 -9999.0 -9999.0 -9999.0 -9999.0 -9999.0 -9999.0 -9999.0 -9999.0 01002.938 01009.554 01015.039 01019.542 01023.491 01027.279 01030.289 01033.226 01036.246 01038.236 01042.017 01045.431 01049.153 01053.225 01056.937 01062.103 01068.380 01075.359 01078.877 01087.839 01094.641 01098.866 01101.869 01103.934 01106.067 01111.165 01117.859 01122.416 01126.489 01130.134 01127.289 01123.722 01119.787 01114.143 01109.364 01106.654 01105.585 01104.561 01103.543 01102.517 01101.475 01100.454 01098.772
-9999.0 -9999.0 -9999.0 -9999.0 -9999.0 -9999.0 -9999.0 -9999.0 -9999.0 -9999.0 -9999.0 -9999.0 -9999.0 -9999.0 -9999.0 -9999.0 -9999.0 -9999.0 -9999.0 01004.650 01011.071 01016.475 01020.150 01025.173 01028.341 01031.362 01034.343 01037.315 01038.884 01043.291 01046.814 01050.662 01055.003 01058.382 01064.719 01071.313 01078.711 01084.571 01091.704 01098.672 01101.080 01103.221 01105.315 01109.199 01115.906 01122.262 01127.952 01132.554 01136.714 01133.629 01129.561 01124.655 01119.372 01113.426 01108.973 01106.539 01105.468 01104.416 01103.368 01102.285 01101.111 01098.926
-9999.0 -9999.0 -9999.0 -9999.0 -9999.0 -9999.0 -9999.0 -9999.0 -9999.0 -9999.0 -9999.0 -9999.0 -9999.0 -9999.0 -9999.0 -9999.0 -9999.0 -9999.0 -9999.0 01006.282 01012.436 01017.726 01020.554 01026.191 01029.370 01032.371 01035.400 01037.839 01040.801 01044.528 01048.142 01052.145 01056.357 01060.704 01067.037 01073.838 01078.812 01087.112 01094.437 01098.906 01102.357 01104.538 01106.751 01113.360 01120.243 01126.613 01133.097 01138.153 01142.775 01139.522 01135.298 01129.625 01124.102 01118.780 01112.741 01108.586 01106.383 01105.285 01104.087 01102.895 01101.721 01100.535
-9999.0 -9999.0 -9999.0 -9999.0 -9999.0 -9999.0 -9999.0 -9999.0 -9999.0 -9999.0 -9999.0 -9999.0 -9999.0 -9999.0 -9999.0 -9999.0 -9999.0 -9999.0 -9999.0 01007.508 01013.695 01018.897 01022.204 01027.007 01030.177 01033.259 01036.435 01038.379 01042.292 01045.729 01049.485 01053.674 01057.291 01062.893 01069.240 01076.460 01082.552 01089.582 01097.237 01100.820 01103.362 01105.880 01111.028 01118.092 01124.359 01130.880 01137.612 01143.585 01148.653 01145.371 01140.262 01134.739 01129.023 01123.504 01118.208 01111.856 01107.722 01105.949 01104.723 01103.501 01102.253 01101.019
-9999.0 -9999.0 -9999.0 -9999.0 -9999.0 -9999.0 -9999.0 -9999.0 -9999.0 -9999.0 -9999.0 -9999.0 -9999.0 -9999.0 -9999.0 -9999.0 -9999.0 -9999.0 00997.392 01008.568 01014.623 01019.617 01024.462 01027.782 01030.924 01034.000 01037.215 01038.850 01043.240 01046.748 01050.589 01054.919 01058.290 01064.498 01070.953 01078.283 01084.188 01091.418 01098.700 01101.618 01104.242 01106.915 01115.449 01122.211 01128.629 01135.324 01141.696 01148.137 -9999.0 -9999.000 01145.020 01139.641 01133.898 01128.426 01122.879 01116.721 01109.828 01106.580 01105.261 01103.990 01102.719 01101.441
-9999.0 -9999.0 -9999.0 -9999.0 -9999.0 -9999.0 -9999.0 -9999.0 -9999.0 -9999.0 -9999.0 -9999.0 -9999.0 -9999.0 -9999.0 -9999.0 -9999.0 -9999.0 01002.197 01009.454 01015.533 01019.961 01025.053 01028.415 01031.617 01034.775 01037.600 01040.017 01044.032 01047.601 01051.516 01055.979 01059.638 01065.910 01072.493 01078.745 01085.597 01093.024 01098.812 01102.260 01104.989 01110.232 01118.702 01126.332 01133.008 01139.546 01145.902 -9999.000 -9999.0 -9999.0 -9999.000 01144.415 01139.048 01133.549 01127.516 01120.493 01112.525 01107.401 01105.772 01104.466 01103.166 01101.872
-9999.0 -9999.0 -9999.0 -9999.0 -9999.0 -9999.0 -9999.0 -9999.0 -9999.0 -9999.0 -9999.0 -9999.0 -9999.0 -9999.0 -9999.0 -9999.0 -9999.0 -9999.0 01002.910 01010.148 01016.153 01020.232 01025.609 01028.941 01032.132 01035.341 01037.917 01041.104 01044.698 01048.309 01052.316 01056.438 01060.797 01066.938 01073.535 01078.786 01086.677 01094.213 01099.031 01102.775 01105.623 01112.118 01121.362 01129.393 01137.382 01143.667 -9999.000 -9999.0 -9999.0 -9999.0 -9999.0 -9999.000 01143.809 01138.504 01131.434 01123.936 01116.405 01109.061 01106.206 01104.661 01103.169 01101.706
-9999.0 -9999.0 -9999.0 -9999.0 -9999.0 -9999.0 -9999.0 -9999.0 -9999.0 -9999.0 -9999.0 -9999.0 -9999.0 -9999.0 -9999.0 -9999.0 -9999.0 -9999.0 01003.362 01010.620 01016.677 01020.407 01025.997 01029.361 01032.596 01035.877 01038.186 01041.882 01045.260 01048.947 01053.036 01056.836 01061.687 01067.695 01074.231 01078.818 01087.539 01095.011 01099.091 01102.988 01106.131 01114.771 01123.636 01132.470 01140.871 01147.950 -9999.0 -9999.0 -9999.0 -9999.0 -9999.0 -9999.0 -9999.000 01142.602 01135.636 01127.907 01117.176 01108.197 01105.859 01104.353 01102.881 01101.438
-9999.0 -9999.0 -9999.0 -9999.0 -9999.0 -9999.0 -9999.0 -9999.0 -9999.0 -9999.0 -9999.0 -9999.0 -9999.0 -9999.0 -9999.0 -9999.0 -9999.0 -9999.0 01003.624 01010.937 01016.997 01020.520 01026.298 01029.684 01032.927 01036.228 01038.393 01042.287 01045.672 01049.366 01053.474 01057.119 01062.252 01068.278 01074.962 01078.804 01086.395 01093.116 01098.751 01102.060 01105.035 01110.850 01122.265 01133.857 01144.108 -9999.000 -9999.0 -9999.0 -9999.0 -9999.0 -9999.0 -9999.0 -9999.000 01147.268 01136.551 01125.111 01114.042 01107.114 01105.465 01103.988 01102.532 01101.094
-9999.0 -9999.0 -9999.0 -9999.0 -9999.0 -9999.0 -9999.0 -9999.0 -9999.0 -9999.0 -9999.0 -9999.0 -9999.0 -9999.0 -9999.0 -9999.0 -9999.0 -9999.0 01003.575 01011.164 01017.223 01020.595 01026.500 01029.869 01033.130 01036.478 01038.545 01042.570 01045.961 01049.668 01053.807 01057.353 01062.689 01068.041 01073.608 01078.745 01084.701 01091.125 01098.071 01101.038 01103.921 01106.900 01117.489 01128.066 01139.341 -9999.000 -9999.0 -9999.0 -9999.0 -9999.0 -9999.0 -9999.0 -9999.0 01143.279 01132.322 01121.442 01110.530 01106.491 01104.968 01103.493 01102.039 01100.604
-9999.0 -9999.0 -9999.0 -9999.0 -9999.0 -9999.0 -9999.0 -9999.0 -9999.0 -9999.0 -9999.0 -9999.0 -9999.0 -9999.0 -9999.0 -9999.0 -9999.0 -9999.0 01002.206 01010.234 01016.869 01020.623 01026.655 01030.041 01033.313 01036.680 01038.644 01042.762 01046.179 01049.917 01053.837 01057.187 01061.679 01066.784 01072.259 01078.230 01082.934 01089.007 01095.399 01098.875 01102.607 01105.415 01111.390 01122.102 01132.322 01142.382 -9999.000 -9999.0 -9999.0 -9999.0 -9999.0 -9999.0 -9999.000 01137.343 01126.654 01116.149 01107.934 01105.805 01104.345 01102.911 01101.495 01099.632
-9999.0 -9999.0 -9999.0 -9999.0 -9999.0 -9999.0 -9999.0 -9999.0 -9999.0 -9999.0 -9999.0 -9999.0 -9999.0 -9999.0 -9999.0 -9999.0 -9999.0 -9999.0 -9999.0 01008.969 01015.836 01020.352 01026.081 01029.613 01033.012 01036.501 01038.622 01042.563 01045.747 01049.199 01052.997 01056.657 01060.453 01065.561 01070.753 01076.453 01078.840 01086.674 01092.671 01098.658 01101.210 01103.795 01106.361 01114.015 01124.246 01134.494 01144.418 -9999.0 -9999.0 -9999.0 -9999.0 -9999.000 01140.742 01130.201 01119.962 01109.815 01106.379 01104.916 01103.488 01102.071 01100.671 01098.775
-9999.0 -9999.0 -9999.0 -9999.0 -9999.0 -9999.0 -9999.0 -9999.0 -9999.0 -9999.0 -9999.0 -9999.0 -9999.0 -9999.0 -9999.0 -9999.0 -9999.0 -9999.0 -9999.0 01007.507 01014.629 01019.979 01025.398 01028.967 01032.377 01035.835 01038.315 01041.956 01045.081 01048.433 01052.080 01056.122 01059.140 01064.200 01069.179 01074.303 01078.749 01084.146 01089.699 01095.578 01098.809 01101.936 01104.390 01106.917 01116.363 01126.326 01136.642 -9999.000 -9999.0 -9999.0 -9999.0 01144.171 01133.884 01123.329 01112.563 01106.887 01105.397 01103.972 01102.570 01101.183 01098.864 01098.657
-9999.0 -9999.0 -9999.0 -9999.0 -9999.0 -9999.0 -9999.0 -9999.0 -9999.0 -9999.0 -9999.0 -9999.0 -9999.0 -9999.0 -9999.0 -9999.0 -9999.0 -9999.0 -9999.0 01005.593 01013.098 01019.382 01024.605 01028.230 01031.670 01035.103 01037.969 01041.026 01044.375 01047.654 01051.167 01055.093 01058.009 01062.750 01067.342 01072.315 01077.569 01078.873 01086.772 01092.003 01097.220 01099.573 01102.456 01104.898 01108.693 01118.535 01128.403 01138.712 -9999.000 -9999.0 -9999.000 01137.461 01126.887 01116.568 01108.141 01105.897 01104.452 01103.041 01101.647 01100.271 01098.719 01096.812
-9999.0 -9999.0 -9999.0 -9999.0 -9999.0 -9999.0 -9999.0 -9999.0 -9999.0 -9999.0 -9999.0 -9999.0 -9999.0 -9999.0 -9999.0 -9999.0 -9999.0 -9999.0 -9999.0 01003.282 01011.314 01017.883 01022.304 01027.370 01030.842 01034.243 01037.539 01039.868 01043.577 01046.720 01050.132 01053.916 01057.093 01060.903 01065.499 01070.094 01074.907 01078.751 01083.747 01088.387 01093.299 01098.372 01100.556 01102.953 01105.406 01110.185 01120.285 01129.428 01137.748 -9999.000 01137.321 01128.594 01119.658 01109.673 01106.358 01104.915 01103.515 01102.121 01100.740 01098.788 01097.853 01094.766
-9999.0 -9999.0 -9999.0 -9999.0 -9999.0 -9999.0 -9999.0 -9999.0 -9999.0 -9999.0 -9999.0 -9999.0 -9999.0 -9999.0 -9999.0 -9999.0 -9999.0 -9999.0 -9999.0 -9999.0 01009.101 01016.060 01020.451 01026.306 01029.839 01033.245 01036.752 01038.761 01042.694 01045.739 01048.945 01052.438 01056.198 01058.982 01063.593 01067.858 01072.383 01077.335 01078.820 01084.918 01089.525 01094.287 01098.690 01101.046 01103.391 01105.781 01110.045 01118.040 01124.966 01132.945 01124.990 01117.770 01109.625 01106.549 01105.278 01103.862 01102.479 01101.117 01098.855 01098.659 01095.794 01092.860
