examples/flatland/Outputs/centerIgnit/c_atmRAWS/clockwise/1hr/flatland_centerIgnit_clockwise1hr_atmRAWS/flatland_centerIgnit_clockwise1hr_atmRAWS_SpreadRate.asc
NCOLS 100
NROWS 100
XLLCORNER 20000.000000
YLLCORNER 20000.000000
CELLSIZE 30.000000
NODATA_VALUE -9999.0
[rows 32 to 63 of 100, columns 0 to 71 of 100]
-9999.0 -9999.0 -9999.0 -9999.0 -9999.0 -9999.0 -9999.0 -9999.0 -9999.0 -9999.0 -9999.0 -9999.0 -9999.0 -9999.0 -9999.0 -9999.0 -9999.0 -9999.0 -9999.0 -9999.0 -9999.0 -9999.0 02.03 02.08 02.11 02.14 02.20 02.62 02.65 02.67 02.69 02.71 02.71 02.35 02.13 02.14 02.13 02.14 02.12 01.40 01.40 01.40 01.40 01.35 01.35 01.38 01.40 01.43 01.48 01.90 02.21 02.01 01.81 01.86 01.90 01.94 01.97 02.01 02.04 02.06 01.40 01.40 01.40 01.40 01.26 01.23 01.21 01.30 01.55 01.53 01.50 01.63
-9999.0 -9999.0 -9999.0 -9999.0 -9999.0 -9999.0 -9999.0 -9999.0 -9999.0 -9999.0 -9999.0 -9999.0 -9999.0 -9999.0 -9999.0 -9999.0 -9999.0 -9999.0 -9999.0 -9999.0 -9999.0 -9999.0 02.04 02.08 02.11 02.14 02.49 02.65 02.67 02.69 02.71 02.71 02.48 02.15 02.16 02.17 02.18 02.16 01.53 01.43 01.44 01.44 01.32 01.34 01.36 01.39 01.47 02.12 02.22 02.42 02.60 02.75 02.80 02.78 02.26 02.01 02.05 02.08 02.11 02.13 02.15 01.56 01.44 01.43 01.42 01.24 01.22 01.21 01.36 01.54 01.51 01.47
-9999.0 -9999.0 -9999.0 -9999.0 -9999.0 -9999.0 -9999.0 -9999.0 -9999.0 -9999.0 -9999.0 -9999.0 -9999.0 -9999.0 -9999.0 -9999.0 -9999.0 -9999.0 -9999.0 -9999.0 -9999.0 01.99 02.04 02.08 02.11 02.31 02.64 02.66 02.68 02.70 02.72 02.64 02.17 02.19 02.20 02.21 02.21 01.73 01.47 01.48 01.48 01.31 01.32 01.34 01.36 01.90 02.05 02.13 02.23 02.49 02.69 02.79 02.85 02.90 02.94 02.81 02.16 02.19 02.20 02.22 02.24 02.23 01.57 01.45 01.44 01.43 01.24 01.22 01.20 01.41 01.52 01.48
-9999.0 -9999.0 -9999.0 -9999.0 -9999.0 -9999.0 -9999.0 -9999.0 -9999.0 -9999.0 -9999.0 -9999.0 -9999.0 -9999.0 -9999.0 -9999.0 -9999.0 -9999.0 -9999.0 -9999.0 -9999.0 01.97 02.02 02.08 02.11 02.60 02.65 02.68 02.69 02.71 02.72 02.34 02.21 02.22 02.24 02.25 01.99 01.48 01.50 01.51 01.38 01.31 01.33 01.35 01.88 01.97 02.04 02.15 02.35 02.54 02.70 02.83 02.90 02.95 02.98 03.01 03.04 02.37 02.26 02.26 02.27 02.26 02.26 01.47 01.46 01.44 01.43 01.24 01.22 01.20 01.49 01.48
-9999.0 -9999.0 -9999.0 -9999.0 -9999.0 -9999.0 -9999.0 -9999.0 -9999.0 -9999.0 -9999.0 -9999.0 -9999.0 -9999.0 -9999.0 -9999.0 -9999.0 -9999.0 -9999.0 -9999.0 -9999.0 01.96 02.01 02.06 02.36 02.65 02.67 02.69 02.71 02.72 02.51 02.21 02.23 02.24 02.26 02.25 01.49 01.51 01.53 01.50 01.30 01.31 01.33 01.77 01.85 01.93 02.03 02.17 02.41 02.63 02.80 02.89 02.95 02.99 03.02 03.04 03.06 03.06 02.38 02.30 02.30 02.29 02.27 02.26 01.47 01.46 01.45 01.44 01.23 01.21 01.19 01.48
-9999.0 -9999.0 -9999.0 -9999.0 -9999.0 -9999.0 -9999.0 -9999.0 -9999.0 -9999.0 -9999.0 -9999.0 -9999.0 -9999.0 -9999.0 -9999.0 -9999.0 -9999.0 -9999.0 -9999.0 01.91 01.95 01.99 02.04 02.62 02.66 02.68 02.70 02.72 02.68 02.23 02.24 02.25 02.27 02.27 01.74 01.51 01.53 01.54 01.29 01.31 01.32 01.68 01.75 01.83 01.92 02.02 02.32 03.02 02.90 02.90 02.95 03.00 03.03 03.05 03.07 03.08 03.08 03.03 02.32 02.31 02.30 02.29 02.29 02.29 01.49 01.48 01.46 01.40 01.22 01.20 01.26
-9999.0 -9999.0 -9999.0 -9999.0 -9999.0 -9999.0 -9999.0 -9999.0 -9999.0 -9999.0 -9999.0 -9999.0 -9999.0 -9999.0 -9999.0 -9999.0 -9999.0 -9999.0 -9999.0 -9999.0 01.91 01.94 01.98 02.27 02.64 02.67 02.69 02.71 02.72 02.44 02.26 02.27 02.29 02.30 02.08 01.52 01.53 01.55 01.38 01.30 01.32 01.44 01.69 01.74 01.81 01.90 02.75 03.04 03.17 03.08 03.00 02.97 03.03 03.06 03.08 03.09 03.09 03.08 03.08 02.96 02.34 02.34 02.34 02.34 02.32 02.18 01.52 01.51 01.50 01.30 01.21 01.19
-9999.0 -9999.0 -9999.0 -9999.0 -9999.0 -9999.0 -9999.0 -9999.0 -9999.0 -9999.0 -9999.0 -9999.0 -9999.0 -9999.0 -9999.0 -9999.0 -9999.0 -9999.0 -9999.0 -9999.0 01.89 01.93 01.97 02.54 02.64 02.67 02.69 02.72 02.64 02.28 02.30 02.32 02.34 02.32 01.58 01.54 01.56 01.56 01.30 01.31 01.33 01.67 01.68 01.71 01.77 02.82 02.95 03.06 03.20 03.10 03.01 02.90 02.91 03.08 03.09 03.09 03.09 03.08 03.08 03.08 02.88 02.40 02.39 02.39 02.40 02.42 01.89 01.55 01.54 01.53 01.23 01.20
-9999.0 -9999.0 -9999.0 -9999.0 -9999.0 -9999.0 -9999.0 -9999.0 -9999.0 -9999.0 -9999.0 -9999.0 -9999.0 -9999.0 -9999.0 -9999.0 -9999.0 -9999.0 -9999.0 01.84 01.88 01.92 02.03 02.62 02.65 02.67 02.70 02.71 02.47 02.33 02.36 02.38 02.39 02.03 01.58 01.60 01.61 01.30 01.31 01.32 01.61 01.67 01.68 01.69 02.55 02.79 02.91 03.04 03.23 03.09 02.99 02.88 02.78 02.90 03.09 03.10 03.09 03.09 03.09 03.10 03.10 02.76 02.48 02.48 02.48 02.48 02.48 01.60 01.58 01.57 01.38 01.22
-9999.0 -9999.0 -9999.0 -9999.0 -9999.0 -9999.0 -9999.0 -9999.0 -9999.0 -9999.0 -9999.0 -9999.0 -9999.0 -9999.0 -9999.0 -9999.0 -9999.0 -9999.0 -9999.0 01.83 01.87 01.91 02.28 02.62 02.65 02.67 02.70 02.70 02.38 02.39 02.40 02.42 02.42 01.68 01.63 01.64 01.64 01.30 01.31 01.35 01.62 01.66 01.68 02.04 02.65 02.74 02.87 03.01 03.25 03.09 02.97 02.85 02.78 02.75 02.93 03.09 03.10 03.11 03.11 03.11 03.10 03.09 02.55 02.56 02.55 02.55 02.54 02.08 01.63 01.61 01.59 01.23
-9999.0 -9999.0 -9999.0 -9999.0 -9999.0 -9999.0 -9999.0 -9999.0 -9999.0 -9999.0 -9999.0 -9999.0 -9999.0 -9999.0 -9999.0 -9999.0 -9999.0 -9999.0 -9999.0 01.81 01.85 01.89 02.49 02.63 02.65 02.68 02.70 02.59 02.41 02.42 02.45 02.47 02.32 01.65 01.67 01.69 01.44 01.31 01.33 01.56 01.60 01.64 01.68 02.62 02.65 02.69 02.82 03.00 03.26 03.08 02.94 02.82 02.80 02.78 02.75 02.95 03.10 03.12 03.11 03.11 03.10 03.09 02.84 02.62 02.61 02.60 02.59 02.58 01.67 01.64 01.63 01.32
-9999.0 -9999.0 -9999.0 -9999.0 -9999.0 -9999.0 -9999.0 -9999.0 -9999.0 -9999.0 -9999.0 -9999.0 -9999.0 -9999.0 -9999.0 -9999.0 -9999.0 -9999.0 -9999.0 01.80 01.83 01.87 02.58 02.62 02.65 02.68 02.70 02.50 02.44 02.46 02.48 02.49 02.03 01.69 01.71 01.73 01.31 01.32 01.34 01.54 01.57 01.61 02.41 02.64 02.66 02.69 02.73 02.86 03.25 03.00 02.88 02.84 02.81 02.79 02.76 02.65 03.00 03.11 03.11 03.11 03.10 03.09 03.02 02.69 02.66 02.65 02.64 02.62 01.84 01.68 01.66 01.64
-9999.0 -9999.0 -9999.0 -9999.0 -9999.0 -9999.0 -9999.0 -9999.0 -9999.0 -9999.0 -9999.0 -9999.0 -9999.0 -9999.0 -9999.0 -9999.0 -9999.0 -9999.0 01.72 01.77 01.81 01.96 02.59 02.61 02.64 02.67 02.69 02.45 02.47 02.50 02.52 02.52 01.80 01.72 01.75 01.76 01.32 01.34 01.38 01.51 01.53 01.57 02.51 02.62 02.68 02.70 02.73 02.75 -9999.0 -9999.00 02.87 02.85 02.83 02.81 02.72 02.61 02.71 03.09 03.11 03.10 03.07 03.04 03.02 02.80 02.72 02.71 02.69 02.68 02.34 01.74 01.70 01.68
-9999.0 -9999.0 -9999.0 -9999.0 -9999.0 -9999.0 -9999.0 -9999.0 -9999.0 -9999.0 -9999.0 -9999.0 -9999.0 -9999.0 -9999.0 -9999.0 -9999.0 -9999.0 01.72 01.76 01.80 02.10 02.58 02.61 02.64 02.66 02.63 02.48 02.51 02.54 02.56 02.55 01.73 01.76 01.79 01.67 01.33 01.35 01.43 01.48 01.51 02.03 02.44 02.55 02.69 02.72 02.74 -9999.00 -9999.0 -9999.0 -9999.00 02.87 02.85 02.80 02.66 02.57 02.40 02.94 03.06 03.04 03.01 02.99 02.97 02.90 02.86 02.84 02.81 02.78 02.75 01.81 01.74 01.72
-9999.0 -9999.0 -9999.0 -9999.0 -9999.0 -9999.0 -9999.0 -9999.0 -9999.0 -9999.0 -9999.0 -9999.0 -9999.0 -9999.0 -9999.0 -9999.0 -9999.0 -9999.0 01.70 01.74 01.78 02.23 02.58 02.60 02.63 02.65 02.60 02.52 02.54 02.57 02.59 02.42 01.77 01.80 01.84 01.58 01.35 01.37 01.41 01.44 01.47 02.19 02.36 02.42 02.62 02.73 -9999.00 -9999.0 -9999.0 -9999.0 -9999.0 -9999.00 02.87 02.77 02.51 02.43 02.25 02.53 02.96 02.94 02.91 02.89 02.87 02.95 02.96 02.93 02.89 02.86 02.84 01.90 01.84 01.80
-9999.0 -9999.0 -9999.0 -9999.0 -9999.0 -9999.0 -9999.0 -9999.0 -9999.0 -9999.0 -9999.0 -9999.0 -9999.0 -9999.0 -9999.0 -9999.0 -9999.0 -9999.0 01.68 01.72 01.76 02.32 02.56 02.59 02.62 02.65 02.58 02.54 02.57 02.59 02.61 02.30 01.81 01.84 01.92 01.54 01.39 01.42 01.38 01.39 01.40 02.03 02.15 02.23 02.45 02.74 -9999.0 -9999.0 -9999.0 -9999.0 -9999.0 -9999.0 -9999.00 02.60 02.35 02.20 02.06 02.56 02.81 02.80 02.80 02.79 02.78 03.00 03.01 02.98 02.96 02.92 02.89 02.00 01.95 01.89
-9999.0 -9999.0 -9999.0 -9999.0 -9999.0 -9999.0 -9999.0 -9999.0 -9999.0 -9999.0 -9999.0 -9999.0 -9999.0 -9999.0 -9999.0 -9999.0 -9999.0 -9999.0 01.64 01.69 01.74 02.38 02.55 02.58 02.61 02.63 02.58 02.57 02.60 02.62 02.64 02.24 01.86 01.92 02.00 01.63 01.43 01.48 01.42 01.35 01.35 01.76 01.90 02.02 02.15 -9999.00 -9999.0 -9999.0 -9999.0 -9999.0 -9999.0 -9999.0 -9999.00 02.32 02.10 01.92 01.86 02.68 02.75 02.74 02.74 02.73 02.79 03.03 03.02 03.00 02.98 02.95 02.81 02.07 02.03 01.97
-9999.0 -9999.0 -9999.0 -9999.0 -9999.0 -9999.0 -9999.0 -9999.0 -9999.0 -9999.0 -9999.0 -9999.0 -9999.0 -9999.0 -9999.0 -9999.0 -9999.0 -9999.0 01.60 01.64 01.68 02.41 02.53 02.57 02.60 02.61 02.59 02.61 02.64 02.67 02.69 02.25 01.96 02.03 02.08 01.93 01.47 01.50 01.52 01.34 01.34 01.35 01.72 01.78 01.81 -9999.00 -9999.0 -9999.0 -9999.0 -9999.0 -9999.0 -9999.0 -9999.0 01.85 01.85 01.77 01.90 02.65 02.67 02.67 02.67 02.66 02.87 03.05 03.03 03.01 02.99 02.97 02.65 02.11 02.06 02.02
-9999.0 -9999.0 -9999.0 -9999.0 -9999.0 -9999.0 -9999.0 -9999.0 -9999.0 -9999.0 -9999.0 -9999.0 -9999.0 -9999.0 -9999.0 -9999.0 -9999.0 -9999.0 01.55 01.59 01.63 02.38 02.49 02.52 02.55 02.58 02.61 02.65 02.68 02.72 02.74 02.37 02.04 02.12 02.15 02.18 01.49 01.51 01.55 01.34 01.34 01.34 01.63 01.65 01.66 01.65 -9999.00 -9999.0 -9999.0 -9999.0 -9999.0 -9999.0 -9999.00 01.70 01.70 01.69 02.29 02.58 02.59 02.60 02.60 02.59 03.00 03.06 03.04 03.02 03.00 02.98 02.43 02.15 02.10 02.05
-9999.0 -9999.0 -9999.0 -9999.0 -9999.0 -9999.0 -9999.0 -9999.0 -9999.0 -9999.0 -9999.0 -9999.0 -9999.0 -9999.0 -9999.0 -9999.0 -9999.0 -9999.0 -9999.0 01.54 01.57 02.12 02.43 02.46 02.49 02.53 02.63 02.68 02.71 02.75 02.77 02.58 02.10 02.14 02.19 02.23 01.64 01.53 01.57 01.58 01.33 01.34 01.35 01.59 01.61 01.63 01.65 -9999.0 -9999.0 -9999.0 -9999.0 -9999.00 01.69 01.67 01.65 01.87 02.47 02.50 02.51 02.52 02.53 02.75 03.07 03.07 03.05 03.03 03.01 02.99 02.23 02.18 02.13 02.09
-9999.0 -9999.0 -9999.0 -9999.0 -9999.0 -9999.0 -9999.0 -9999.0 -9999.0 -9999.0 -9999.0 -9999.0 -9999.0 -9999.0 -9999.0 -9999.0 -9999.0 -9999.0 -9999.0 01.52 01.55 01.86 02.39 02.42 02.44 02.48 02.61 02.71 02.74 02.77 02.80 02.77 02.12 02.17 02.22 02.27 02.05 01.55 01.58 01.63 01.42 01.34 01.34 01.35 01.59 01.61 01.64 -9999.00 -9999.0 -9999.0 -9999.0 01.70 01.68 01.65 01.63 02.45 02.48 02.48 02.47 02.48 02.52 03.03 03.07 03.06 03.05 03.03 03.01 02.80 02.26 02.20 02.16 02.11
-9999.0 -9999.0 -9999.0 -9999.0 -9999.0 -9999.0 -9999.0 -9999.0 -9999.0 -9999.0 -9999.0 -9999.0 -9999.0 -9999.0 -9999.0 -9999.0 -9999.0 -9999.0 -9999.0 01.50 01.52 01.56 02.37 02.39 02.42 02.44 02.56 02.72 02.75 02.78 02.80 02.81 02.31 02.20 02.24 02.29 02.32 01.60 01.61 01.66 01.68 01.33 01.34 01.35 01.43 01.59 01.61 01.62 -9999.00 -9999.0 -9999.00 01.65 01.65 01.63 02.15 02.47 02.48 02.47 02.47 02.46 02.85 03.07 03.07 03.05 03.04 03.03 03.01 02.51 02.29 02.23 02.18 02.13
-9999.0 -9999.0 -9999.0 -9999.0 -9999.0 -9999.0 -9999.0 -9999.0 -9999.0 -9999.0 -9999.0 -9999.0 -9999.0 -9999.0 -9999.0 -9999.0 -9999.0 -9999.0 -9999.0 01.47 01.50 01.52 02.33 02.36 02.39 02.41 02.48 02.72 02.75 02.78 02.80 02.82 02.54 02.22 02.27 02.32 02.37 02.14 01.63 01.67 01.70 01.71 01.34 01.34 01.35 01.49 01.54 01.53 01.50 -9999.00 01.50 01.55 01.56 01.81 02.37 02.42 02.44 02.44 02.44 02.67 03.06 03.07 03.06 03.04 03.03 03.02 02.86 02.38 02.32 02.26 02.21 01.89
-9999.0 -9999.0 -9999.0 -9999.0 -9999.0 -9999.0 -9999.0 -9999.0 -9999.0 -9999.0 -9999.0 -9999.0 -9999.0 -9999.0 -9999.0 -9999.0 -9999.0 -9999.0 -9999.0 -9999.0 01.47 01.49 02.10 02.33 02.36 02.38 02.40 02.70 02.76 02.78 02.81 02.83 02.79 02.24 02.29 02.34 02.40 02.44 01.87 01.67 01.70 01.72 01.63 01.34 01.35 01.36 01.45 01.46 01.44 01.40 01.44 01.46 01.71 02.23 02.30 02.33 02.37 02.38 02.47 03.01 03.07 03.06 03.05 03.04 03.02 03.01 02.54 02.42 02.35 02.29 02.24 01.43
-9999.0 -9999.0 -9999.0 -9999.0 -9999.0 -9999.0 -9999.0 -9999.0 -9999.0 -9999.0 -9999.0 -9999.0 -9999.0 -9999.0 -9999.0 -9999.0 -9999.0 -9999.0 -9999.0 -9999.0 01.44 01.46 01.67 02.30 02.33 02.35 02.37 02.58 02.76 02.78 02.80 02.83 02.84 02.49 02.31 02.36 02.42 02.48 02.49 01.69 01.69 01.71 01.73 01.55 01.35 01.37 01.39 01.42 01.41 01.37 01.42 01.89 02.08 02.15 02.19 02.24 02.29 02.31 02.85 03.06 03.06 03.05 03.04 03.03 03.01 02.74 02.46 02.43 02.38 02.31 02.26 01.44
-9999.0 -9999.0 -9999.0 -9999.0 -9999.0 -9999.0 -9999.0 -9999.0 -9999.0 -9999.0 -9999.0 -9999.0 -9999.0 -9999.0 -9999.0 -9999.0 -9999.0 -9999.0 -9999.0 -9999.0 01.41 01.43 01.46 02.26 02.29 02.31 02.33 02.41 02.75 02.78 02.80 02.82 02.84 02.76 02.33 02.38 02.44 02.50 02.52 02.36 01.68 01.70 01.73 01.77 01.51 01.38 01.40 01.43 01.49 01.61 01.77 01.91 02.00 02.05 02.09 02.13 02.18 02.77 03.02 03.04 03.05 03.04 03.03 03.02 02.91 02.49 02.46 02.43 02.39 02.34 01.72 01.44
-9999.0 -9999.0 -9999.0 -9999.0 -9999.0 -9999.0 -9999.0 -9999.0 -9999.0 -9999.0 -9999.0 -9999.0 -9999.0 -9999.0 -9999.0 -9999.0 -9999.0 -9999.0 -9999.0 -9999.0 -9999.0 01.40 01.43 01.91 02.25 02.26 02.28 02.30 02.66 02.77 02.79 02.82 02.84 02.85 02.56 02.40 02.46 02.50 02.53 02.53 02.20 01.70 01.73 01.78 01.84 01.77 01.41 01.43 01.47 01.56 01.70 01.86 01.94 01.98 02.02 02.25 02.84 02.98 03.01 03.01 03.02 03.02 03.01 03.00 02.60 02.48 02.45 02.43 02.40 02.32 01.49 01.45
-9999.0 -9999.0 -9999.0 -9999.0 -9999.0 -9999.0 -9999.0 -9999.0 -9999.0 -9999.0 -9999.0 -9999.0 -9999.0 -9999.0 -9999.0 -9999.0 -9999.0 -9999.0 -9999.0 -9999.0 -9999.0 01.38 01.40 01.42 02.21 02.23 02.25 02.27 02.41 02.76 02.79 02.81 02.83 02.85 02.83 02.48 02.46 02.49 02.52 02.54 02.54 02.05 01.73 01.80 01.88 01.95 02.02 01.77 01.47 01.53 01.64 01.76 01.87 02.11 02.56 02.88 02.92 02.96 02.97 02.98 02.99 02.99 02.99 02.74 02.52 02.48 02.44 02.43 02.40 01.55 01.50 01.46
-9999.0 -9999.0 -9999.0 -9999.0 -9999.0 -9999.0 -9999.0 -9999.0 -9999.0 -9999.0 -9999.0 -9999.0 -9999.0 -9999.0 -9999.0 -9999.0 -9999.0 -9999.0 -9999.0 -9999.0 -9999.0 -9999.0 01.37 01.39 01.92 02.20 02.21 02.23 02.24 02.64 02.78 02.80 02.81 02.83 02.84 02.74 02.46 02.49 02.51 02.53 02.56 02.57 02.01 01.82 01.88 01.95 02.04 02.11 02.17 02.23 02.14 02.21 02.63 02.77 02.83 02.87 02.90 02.92 02.93 02.95 02.96 02.96 02.84 02.58 02.52 02.48 02.44 02.41 02.02 01.53 01.50 01.46
-9999.0 -9999.0 -9999.0 -9999.0 -9999.0 -9999.0 -9999.0 -9999.0 -9999.0 -9999.0 -9999.0 -9999.0 -9999.0 -9999.0 -9999.0 -9999.0 -9999.0 -9999.0 -9999.0 -9999.0 -9999.0 -9999.0 01.35 01.37 01.39 02.16 02.18 02.19 02.20 02.33 02.76 02.78 02.80 02.82 02.83 02.84 02.67 02.48 02.50 02.52 02.56 02.60 02.63 02.10 01.88 01.94 02.02 02.10 02.17 02.26 02.40 02.53 02.64 02.74 02.79 02.83 02.86 02.88 02.90 02.92 02.93 02.83 02.66 02.59 02.53 02.48 02.44 02.41 01.54 01.52 01.49 01.28
-9999.0 -9999.0 -9999.0 -9999.0 -9999.0 -9999.0 -9999.0 -9999.0 -9999.0 -9999.0 -9999.0 -9999.0 -9999.0 -9999.0 -9999.0 -9999.0 -9999.0 -9999.0 -9999.0 -9999.0 -9999.0 -9999.0 -9999.0 01.33 01.35 01.75 02.11 02.13 02.15 02.16 02.48 02.76 02.78 02.80 02.82 02.83 02.84 02.62 02.49 02.52 02.56 02.61 02.67 02.70 02.37 01.94 02.01 02.09 02.17 02.23 02.29 02.44 02.60 02.72 02.75 02.78 02.81 02.83 02.86 02.88 02.81 02.72 02.67 02.61 02.54 02.49 02.45 01.62 01.53 01.51 01.48 01.17
-9999.0 -9999.0 -9999.0 -9999.0 -9999.0 -9999.0 -9999.0 -9999.0 -9999.0 -9999.0 -9999.0 -9999.0 -9999.0 -9999.0 -9999.0 -9999.0 -9999.0 -9999.0 -9999.0 -9999.0 -9999.0 -9999.0 -9999.0 01.30 01.32 01.33 02.05 02.09 02.10 02.12 02.13 02.63 02.77 02.78 02.80 02.82 02.83 02.84 02.57 02.52 02.56 02.62 02.68 02.73 02.76 02.68 02.27 02.08 02.15 02.21 02.27 02.38 02.53 02.64 02.71 02.74 02.77 02.79 02.83 02.82 02.77 02.72 02.67 02.61 02.54 02.49 01.99 01.56 01.53 01.50 01.18 01.16
