examples/flatland/Outputs/centerIgnit/c_atmRAWS/clockwise/1hr/flatland_centerIgnit_clockwise1hr_atmRAWS/flatland_centerIgnit_clockwise1hr_atmRAWS_Intensity.asc
NCOLS 100
NROWS 100
XLLCORNER 20000.000000
YLLCORNER 20000.000000
CELLSIZE 30.000000
NODATA_VALUE -9999.0
[rows 28 to 55 of 100, columns 0 to 61 of 100]
-9999.0 -9999.0 -9999.0 -9999.0 -9999.0 -9999.0 -9999.0 -9999.0 -9999.0 -9999.0 -9999.0 -9999.0 -9999.0 -9999.0 -9999.0 -9999.0 -9999.0 -9999.0 -9999.0 -9999.0 -9999.0 -9999.0 -9999.0 -9999.0 -9999.0 00035.325 00036.083 00036.808 00037.524 00039.230 00044.215 00044.875 00045.139 00045.361 00045.574 00045.734 00045.714 00038.999 00032.978 00032.864 00032.701 00032.663 00032.590 00032.225 00028.048 00022.658 00022.755 00022.812 00022.838 00022.863 00022.840 00022.814 00022.785 00022.764 00022.757 00022.708 00022.663 00022.627 00022.995 00022.975 00022.451 00021.934
-9999.0 -9999.0 -9999.0 -9999.0 -9999.0 -9999.0 -9999.0 -9999.0 -9999.0 -9999.0 -9999.0 -9999.0 -9999.0 -9999.0 -9999.0 -9999.0 -9999.0 -9999.0 -9999.0 -9999.0 -9999.0 -9999.0 -9999.0 -9999.0 00034.860 00035.526 00036.259 00036.972 00037.680 00043.628 00045.068 00045.420 00045.704 00045.965 00046.063 00046.007 00037.544 00033.863 00034.014 00034.160 00033.987 00033.832 00030.883 00023.154 00023.229 00023.285 00023.363 00023.446 00023.488 00024.624 00026.974 00028.757 00028.258 00026.070 00023.397 00023.335 00023.284 00023.242 00023.232 00023.193 00022.986 00022.420
-9999.0 -9999.0 -9999.0 -9999.0 -9999.0 -9999.0 -9999.0 -9999.0 -9999.0 -9999.0 -9999.0 -9999.0 -9999.0 -9999.0 -9999.0 -9999.0 -9999.0 -9999.0 -9999.0 -9999.0 -9999.0 -9999.0 -9999.0 -9999.0 00035.173 00035.771 00036.408 00037.115 00042.239 00045.068 00045.487 00045.878 00046.262 00046.433 00045.578 00037.119 00034.662 00034.679 00034.828 00034.900 00034.668 00027.652 00023.788 00023.883 00023.917 00023.976 00024.304 00025.474 00026.020 00026.805 00028.217 00029.867 00031.225 00031.745 00032.251 00032.724 00029.303 00023.971 00023.951 00023.829 00023.708 00023.562
-9999.0 -9999.0 -9999.0 -9999.0 -9999.0 -9999.0 -9999.0 -9999.0 -9999.0 -9999.0 -9999.0 -9999.0 -9999.0 -9999.0 -9999.0 -9999.0 -9999.0 -9999.0 -9999.0 -9999.0 -9999.0 -9999.0 -9999.0 00034.676 00035.404 00036.033 00036.593 00040.032 00044.989 00045.461 00045.874 00046.283 00046.626 00046.764 00038.647 00035.903 00035.899 00036.150 00035.994 00035.421 00025.551 00024.279 00024.445 00024.616 00024.575 00024.699 00025.281 00025.779 00026.401 00027.294 00029.873 00031.135 00032.063 00032.793 00033.520 00034.029 00034.620 00035.345 00031.133 00024.531 00024.392 00024.263
-9999.0 -9999.0 -9999.0 -9999.0 -9999.0 -9999.0 -9999.0 -9999.0 -9999.0 -9999.0 -9999.0 -9999.0 -9999.0 -9999.0 -9999.0 -9999.0 -9999.0 -9999.0 -9999.0 -9999.0 -9999.0 -9999.0 00033.773 00034.842 00035.580 00036.262 00037.349 00044.562 00045.370 00045.818 00046.260 00046.671 00046.828 00040.719 00036.899 00037.247 00037.212 00037.447 00037.239 00024.788 00024.858 00025.018 00025.149 00024.310 00024.387 00024.992 00025.527 00026.151 00026.996 00034.715 00040.547 00036.833 00033.163 00034.035 00034.694 00035.248 00035.773 00036.386 00036.844 00037.155 00025.182 00025.020
-9999.0 -9999.0 -9999.0 -9999.0 -9999.0 -9999.0 -9999.0 -9999.0 -9999.0 -9999.0 -9999.0 -9999.0 -9999.0 -9999.0 -9999.0 -9999.0 -9999.0 -9999.0 -9999.0 -9999.0 -9999.0 -9999.0 00034.215 00034.973 00035.706 00036.404 00042.281 00045.232 00045.701 00046.159 00046.602 00046.867 00042.956 00037.258 00037.633 00037.886 00038.163 00038.062 00027.003 00025.449 00025.659 00025.793 00023.743 00024.180 00024.714 00025.287 00026.858 00038.883 00040.756 00044.344 00047.628 00050.391 00051.356 00050.950 00041.312 00036.682 00037.322 00037.917 00038.210 00038.472 00038.843 00028.061
-9999.0 -9999.0 -9999.0 -9999.0 -9999.0 -9999.0 -9999.0 -9999.0 -9999.0 -9999.0 -9999.0 -9999.0 -9999.0 -9999.0 -9999.0 -9999.0 -9999.0 -9999.0 -9999.0 -9999.0 -9999.0 00033.180 00034.282 00035.094 00035.802 00039.269 00045.029 00045.550 00046.014 00046.477 00046.846 00045.671 00037.581 00038.073 00038.426 00038.761 00038.815 00030.435 00025.972 00026.298 00026.516 00023.633 00023.950 00024.413 00024.945 00034.865 00037.606 00039.051 00041.028 00045.723 00049.481 00051.308 00052.256 00053.192 00053.835 00051.550 00039.539 00039.904 00040.058 00040.244 00040.477 00040.298
-9999.0 -9999.0 -9999.0 -9999.0 -9999.0 -9999.0 -9999.0 -9999.0 -9999.0 -9999.0 -9999.0 -9999.0 -9999.0 -9999.0 -9999.0 -9999.0 -9999.0 -9999.0 -9999.0 -9999.0 -9999.0 00033.035 00034.069 00035.174 00035.898 00044.169 00045.390 00045.868 00046.328 00046.781 00047.001 00040.551 00038.343 00038.760 00039.140 00039.409 00035.040 00026.258 00026.646 00027.022 00024.849 00023.650 00024.127 00024.656 00034.422 00036.087 00037.465 00039.529 00043.324 00046.824 00049.687 00052.104 00053.278 00054.186 00054.734 00055.308 00055.657 00043.413 00041.207 00041.173 00041.166 00040.984
-9999.0 -9999.0 -9999.0 -9999.0 -9999.0 -9999.0 -9999.0 -9999.0 -9999.0 -9999.0 -9999.0 -9999.0 -9999.0 -9999.0 -9999.0 -9999.0 -9999.0 -9999.0 -9999.0 -9999.0 -9999.0 00032.887 00033.850 00034.881 00040.190 00045.186 00045.681 00046.160 00046.638 00046.946 00043.347 00038.244 00038.734 00039.178 00039.644 00039.651 00026.354 00026.823 00027.253 00027.018 00023.504 00023.889 00024.294 00032.448 00033.995 00035.553 00037.423 00039.933 00044.365 00048.439 00051.665 00053.276 00054.354 00054.976 00055.535 00055.850 00056.070 00056.087 00043.649 00042.077 00041.822 00041.473
-9999.0 -9999.0 -9999.0 -9999.0 -9999.0 -9999.0 -9999.0 -9999.0 -9999.0 -9999.0 -9999.0 -9999.0 -9999.0 -9999.0 -9999.0 -9999.0 -9999.0 -9999.0 -9999.0 -9999.0 00031.989 00032.781 00033.639 00034.593 00044.596 00045.442 00045.940 00046.439 00046.865 00046.341 00038.661 00038.919 00039.307 00039.714 00039.844 00030.622 00026.731 00027.190 00027.584 00023.360 00023.730 00024.136 00030.757 00032.223 00033.728 00035.307 00037.202 00042.851 00055.955 00053.534 00053.540 00054.442 00055.205 00055.853 00056.172 00056.371 00056.489 00056.427 00055.542 00042.513 00042.148 00041.811
-9999.0 -9999.0 -9999.0 -9999.0 -9999.0 -9999.0 -9999.0 -9999.0 -9999.0 -9999.0 -9999.0 -9999.0 -9999.0 -9999.0 -9999.0 -9999.0 -9999.0 -9999.0 -9999.0 -9999.0 00031.993 00032.690 00033.489 00038.657 00045.078 00045.679 00046.189 00046.688 00047.006 00042.179 00039.229 00039.608 00040.006 00040.329 00036.595 00026.828 00027.251 00027.693 00024.886 00023.597 00023.981 00026.317 00031.088 00031.991 00033.274 00034.973 00050.840 00056.502 00059.088 00057.170 00055.655 00054.870 00055.975 00056.445 00056.724 00056.777 00056.700 00056.562 00056.431 00054.171 00042.821 00042.658
-9999.0 -9999.0 -9999.0 -9999.0 -9999.0 -9999.0 -9999.0 -9999.0 -9999.0 -9999.0 -9999.0 -9999.0 -9999.0 -9999.0 -9999.0 -9999.0 -9999.0 -9999.0 -9999.0 -9999.0 00031.811 00032.618 00033.385 00043.162 00045.194 00045.769 00046.348 00046.859 00045.567 00039.471 00040.078 00040.515 00040.899 00040.878 00027.914 00027.400 00027.829 00028.064 00023.451 00023.836 00024.250 00030.674 00030.847 00031.453 00032.717 00052.316 00054.861 00057.203 00059.980 00057.892 00056.051 00053.842 00053.873 00056.802 00057.010 00056.954 00056.818 00056.686 00056.610 00056.564 00052.707 00043.971
-9999.0 -9999.0 -9999.0 -9999.0 -9999.0 -9999.0 -9999.0 -9999.0 -9999.0 -9999.0 -9999.0 -9999.0 -9999.0 -9999.0 -9999.0 -9999.0 -9999.0 -9999.0 -9999.0 00030.712 00031.641 00032.536 00034.482 00044.648 00045.316 00045.873 00046.428 00046.858 00042.744 00040.500 00041.130 00041.586 00041.867 00035.811 00027.981 00028.419 00028.794 00023.405 00023.683 00024.082 00029.484 00030.725 00030.928 00031.188 00047.293 00051.989 00054.461 00057.050 00060.760 00058.056 00055.918 00053.763 00051.557 00053.612 00056.953 00057.053 00056.945 00056.888 00056.854 00056.827 00056.791 00050.617
-9999.0 -9999.0 -9999.0 -9999.0 -9999.0 -9999.0 -9999.0 -9999.0 -9999.0 -9999.0 -9999.0 -9999.0 -9999.0 -9999.0 -9999.0 -9999.0 -9999.0 -9999.0 -9999.0 00030.579 00031.437 00032.327 00038.812 00044.838 00045.411 00045.978 00046.527 00046.624 00041.140 00041.605 00041.932 00042.432 00042.554 00029.716 00028.839 00029.371 00029.519 00023.556 00023.924 00024.777 00029.792 00030.596 00031.027 00037.766 00049.216 00051.215 00054.038 00056.848 00061.527 00058.401 00055.822 00053.448 00051.922 00051.113 00054.097 00056.982 00057.149 00057.154 00057.139 00057.067 00056.893 00056.584
-9999.0 -9999.0 -9999.0 -9999.0 -9999.0 -9999.0 -9999.0 -9999.0 -9999.0 -9999.0 -9999.0 -9999.0 -9999.0 -9999.0 -9999.0 -9999.0 -9999.0 -9999.0 -9999.0 00030.437 00031.224 00032.023 00042.423 00044.896 00045.500 00046.064 00046.559 00044.771 00041.724 00042.211 00042.719 00043.236 00040.888 00029.097 00029.669 00030.265 00025.804 00023.792 00024.202 00028.590 00029.337 00030.162 00030.984 00048.661 00049.437 00050.458 00053.283 00056.914 00062.054 00058.549 00055.586 00053.171 00052.375 00051.746 00050.949 00054.458 00057.206 00057.449 00057.301 00057.124 00056.951 00056.746
-9999.0 -9999.0 -9999.0 -9999.0 -9999.0 -9999.0 -9999.0 -9999.0 -9999.0 -9999.0 -9999.0 -9999.0 -9999.0 -9999.0 -9999.0 -9999.0 -9999.0 -9999.0 -9999.0 00030.145 00030.970 00031.725 00044.005 00044.856 00045.468 00046.083 00046.588 00043.282 00042.337 00042.832 00043.375 00043.779 00035.828 00029.891 00030.502 00030.980 00023.651 00024.054 00024.488 00028.194 00028.818 00029.598 00044.655 00049.110 00049.899 00050.632 00051.773 00054.588 00062.265 00057.230 00054.790 00053.650 00052.955 00052.303 00051.382 00049.113 00055.429 00057.361 00057.347 00057.154 00056.892 00056.617
-9999.0 -9999.0 -9999.0 -9999.0 -9999.0 -9999.0 -9999.0 -9999.0 -9999.0 -9999.0 -9999.0 -9999.0 -9999.0 -9999.0 -9999.0 -9999.0 -9999.0 -9999.0 00028.641 00029.834 00030.680 00033.247 00044.173 00044.790 00045.402 00046.018 00046.499 00042.457 00043.023 00043.569 00044.140 00044.386 00031.785 00030.593 00031.239 00031.595 00023.877 00024.301 00025.260 00027.700 00028.240 00028.931 00046.582 00049.060 00050.368 00051.131 00051.855 00052.643 -9999.0 -9999.000 00054.845 00054.208 00053.530 00052.841 00050.909 00048.595 00050.102 00057.037 00057.289 00057.066 00056.490 00055.886
-9999.0 -9999.0 -9999.0 -9999.0 -9999.0 -9999.0 -9999.0 -9999.0 -9999.0 -9999.0 -9999.0 -9999.0 -9999.0 -9999.0 -9999.0 -9999.0 -9999.0 -9999.0 00028.749 00029.562 00030.455 00035.673 00044.099 00044.713 00045.322 00045.909 00045.562 00043.073 00043.731 00044.304 00044.899 00044.894 00030.600 00031.273 00031.995 00030.045 00024.113 00024.543 00026.112 00027.263 00027.777 00037.533 00045.543 00047.876 00050.817 00051.605 00052.321 -9999.000 -9999.0 -9999.0 -9999.000 00054.773 00054.137 00052.862 00049.995 00047.960 00044.419 00054.276 00056.408 00055.976 00055.405 00054.911
-9999.0 -9999.0 -9999.0 -9999.0 -9999.0 -9999.0 -9999.0 -9999.0 -9999.0 -9999.0 -9999.0 -9999.0 -9999.0 -9999.0 -9999.0 -9999.0 -9999.0 -9999.0 00028.489 00029.314 00030.127 00037.908 00044.022 00044.630 00045.233 00045.803 00044.979 00043.703 00044.297 00044.878 00045.426 00042.532 00031.306 00032.039 00032.888 00028.419 00024.477 00024.950 00025.885 00026.407 00027.039 00040.574 00044.043 00045.476 00049.735 00052.070 -9999.000 -9999.0 -9999.0 -9999.0 -9999.0 -9999.000 00054.702 00052.612 00047.418 00045.529 00041.949 00046.850 00054.648 00054.125 00053.542 00053.066
-9999.0 -9999.0 -9999.0 -9999.0 -9999.0 -9999.0 -9999.0 -9999.0 -9999.0 -9999.0 -9999.0 -9999.0 -9999.0 -9999.0 -9999.0 -9999.0 -9999.0 -9999.0 00028.138 00028.986 00029.776 00039.443 00043.849 00044.479 00045.110 00045.700 00044.661 00044.190 00044.759 00045.361 00045.854 00040.560 00032.006 00032.693 00034.334 00027.655 00025.188 00025.898 00025.237 00025.499 00025.745 00037.805 00040.248 00042.182 00046.606 00052.451 -9999.0 -9999.0 -9999.0 -9999.0 -9999.0 -9999.0 -9999.000 00049.602 00044.475 00041.419 00038.358 00047.216 00051.825 00051.469 00051.381 00051.252
-9999.0 -9999.0 -9999.0 -9999.0 -9999.0 -9999.0 -9999.0 -9999.0 -9999.0 -9999.0 -9999.0 -9999.0 -9999.0 -9999.0 -9999.0 -9999.0 -9999.0 -9999.0 00027.457 00028.426 00029.420 00040.489 00043.659 00044.279 00044.898 00045.463 00044.608 00044.694 00045.282 00045.900 00046.351 00039.509 00032.902 00034.160 00035.816 00029.346 00025.932 00026.898 00026.056 00024.881 00024.898 00032.571 00035.448 00038.199 00040.969 -9999.000 -9999.0 -9999.0 -9999.0 -9999.0 -9999.0 -9999.0 -9999.000 00044.303 00039.776 00036.066 00034.463 00049.521 00050.630 00050.449 00050.270 00050.092
-9999.0 -9999.0 -9999.0 -9999.0 -9999.0 -9999.0 -9999.0 -9999.0 -9999.0 -9999.0 -9999.0 -9999.0 -9999.0 -9999.0 -9999.0 -9999.0 -9999.0 -9999.0 00026.733 00027.642 00028.540 00040.932 00043.341 00044.099 00044.718 00045.096 00044.793 00045.300 00045.954 00046.658 00047.194 00039.605 00034.670 00036.169 00037.232 00034.665 00026.551 00027.279 00027.795 00024.571 00024.697 00024.853 00031.955 00033.474 00034.443 -9999.000 -9999.0 -9999.0 -9999.0 -9999.0 -9999.0 -9999.0 -9999.0 00035.317 00034.905 00033.118 00035.108 00048.789 00049.206 00049.111 00048.999 00048.884
-9999.0 -9999.0 -9999.0 -9999.0 -9999.0 -9999.0 -9999.0 -9999.0 -9999.0 -9999.0 -9999.0 -9999.0 -9999.0 -9999.0 -9999.0 -9999.0 -9999.0 -9999.0 00025.903 00026.746 00027.584 00040.542 00042.582 00043.276 00043.990 00044.532 00045.196 00046.028 00046.742 00047.518 00048.048 00041.701 00036.133 00037.739 00038.451 00039.173 00026.803 00027.497 00028.338 00024.560 00024.574 00024.727 00030.206 00030.938 00031.289 00031.436 -9999.000 -9999.0 -9999.0 -9999.0 -9999.0 -9999.0 -9999.000 00032.168 00031.902 00031.399 00042.242 00047.501 00047.738 00047.759 00047.752 00047.467
-9999.0 -9999.0 -9999.0 -9999.0 -9999.0 -9999.0 -9999.0 -9999.0 -9999.0 -9999.0 -9999.0 -9999.0 -9999.0 -9999.0 -9999.0 -9999.0 -9999.0 -9999.0 -9999.0 00025.962 00026.600 00036.097 00041.543 00042.191 00042.855 00043.751 00045.568 00046.605 00047.280 00048.006 00048.669 00045.501 00037.110 00038.051 00039.106 00039.964 00029.428 00027.703 00028.556 00029.011 00024.469 00024.635 00024.823 00029.519 00030.157 00030.828 00031.502 -9999.0 -9999.0 -9999.0 -9999.0 -9999.000 00032.189 00031.452 00030.761 00034.554 00045.606 00046.071 00046.247 00046.359 00046.436 00050.395
-9999.0 -9999.0 -9999.0 -9999.0 -9999.0 -9999.0 -9999.0 -9999.0 -9999.0 -9999.0 -9999.0 -9999.0 -9999.0 -9999.0 -9999.0 -9999.0 -9999.0 -9999.0 -9999.0 00025.488 00026.132 00031.651 00040.920 00041.488 00042.046 00042.807 00045.237 00047.013 00047.715 00048.395 00049.040 00048.816 00037.478 00038.519 00039.612 00040.612 00036.820 00027.919 00028.746 00029.778 00026.008 00024.569 00024.741 00024.902 00029.597 00030.273 00030.974 -9999.000 -9999.0 -9999.0 -9999.0 00032.429 00031.709 00030.971 00030.218 00045.111 00045.696 00045.583 00045.454 00045.434 00046.218 00055.492
-9999.0 -9999.0 -9999.0 -9999.0 -9999.0 -9999.0 -9999.0 -9999.0 -9999.0 -9999.0 -9999.0 -9999.0 -9999.0 -9999.0 -9999.0 -9999.0 -9999.0 -9999.0 -9999.0 00025.056 00025.696 00026.471 00040.419 00040.993 00041.560 00042.151 00044.317 00047.210 00047.864 00048.490 00049.114 00049.427 00040.663 00038.967 00039.935 00040.979 00041.674 00028.725 00029.206 00030.176 00030.747 00024.457 00024.640 00024.784 00026.402 00029.683 00030.349 00030.706 -9999.000 -9999.0 -9999.000 00031.210 00030.916 00030.326 00039.743 00045.436 00045.615 00045.469 00045.319 00045.173 00052.162 00056.033
-9999.0 -9999.0 -9999.0 -9999.0 -9999.0 -9999.0 -9999.0 -9999.0 -9999.0 -9999.0 -9999.0 -9999.0 -9999.0 -9999.0 -9999.0 -9999.0 -9999.0 -9999.0 -9999.0 00024.561 00025.218 00025.771 00039.686 00040.440 00040.988 00041.536 00042.833 00047.217 00047.904 00048.482 00049.093 00049.533 00044.761 00039.241 00040.232 00041.315 00042.396 00038.489 00029.469 00030.209 00030.992 00031.285 00024.529 00024.670 00024.841 00027.501 00028.776 00028.814 00028.359 -9999.000 00028.504 00029.113 00029.084 00033.391 00043.757 00044.526 00044.797 00044.831 00044.838 00048.867 00056.008 00056.021
-9999.0 -9999.0 -9999.0 -9999.0 -9999.0 -9999.0 -9999.0 -9999.0 -9999.0 -9999.0 -9999.0 -9999.0 -9999.0 -9999.0 -9999.0 -9999.0 -9999.0 -9999.0 -9999.0 -9999.0 00024.649 00025.248 00035.735 00039.918 00040.455 00040.987 00041.540 00046.662 00047.888 00048.458 00049.048 00049.617 00049.102 00039.486 00040.546 00041.654 00042.811 00043.853 00033.627 00030.190 00030.850 00031.296 00029.759 00024.597 00024.843 00025.146 00026.778 00027.133 00026.975 00026.376 00027.062 00027.271 00031.650 00041.127 00042.357 00042.921 00043.556 00043.710 00045.264 00055.162 00055.998 00055.761
