examples/flatland/Outputs/centerIgnit/d_otherRAWS/flatland_centerIgnit_clockwise1hr_otherRAWS_RAWS/flatland_centerIgnit_clockwise1hr_otherRAWS_RAWS_SpreadDirection.asc
NCOLS 100
NROWS 100
XLLCORNER 20000.000000
YLLCORNER 20000.000000
CELLSIZE 30.000000
NODATA_VALUE -9999.0
[rows 39 to 77 of 100, columns 0 to 87 of 100]
-9999 -9999 -9999 -9999 -9999 -9999 -9999 -9999 -9999 -9999 -9999 -9999 -9999 -9999 -9999 -9999 -9999 -9999 -9999 -9999 -9999 -9999 -9999 284 284 284 284 289 290 290 290 290 290 290 292 292 292 292 292 301 301 304 304 304 305 308 322 322 333 332 025 022 029 029 046 048 048 048 048 048 049 050 050 061 061 061 068 068 068 068 068 068 068 068 073 073 073 073 068 068 068 068 068 068 068 069 069 069
-9999 -9999 -9999 -9999 -9999 -9999 -9999 -9999 -9999 -9999 -9999 -9999 -9999 -9999 -9999 -9999 -9999 -9999 -9999 -9999 -9999 -9999 -9999 283 284 284 284 284 284 284 290 290 290 290 290 290 290 292 292 292 301 301 304 304 305 308 308 323 332 330 029 029 029 046 048 048 048 048 048 049 049 061 061 061 068 068 068 073 073 073 073 073 073 073 073 073 073 073 073 073 073 073 073 073 073 073 073 073
-9999 -9999 -9999 -9999 -9999 -9999 -9999 -9999 -9999 -9999 -9999 -9999 -9999 -9999 -9999 -9999 -9999 -9999 -9999 -9999 -9999 -9999 -9999 283 283 283 283 283 284 284 284 284 284 284 284 290 290 290 290 291 291 301 301 304 304 304 308 322 330 031 031 029 046 048 048 048 048 048 049 049 061 061 061 068 068 073 073 074 075 075 076 076 077 077 077 077 077 077 077 077 077 073 073 073 073 073 073 073
-9999 -9999 -9999 -9999 -9999 -9999 -9999 -9999 -9999 -9999 -9999 -9999 -9999 -9999 -9999 -9999 -9999 -9999 -9999 -9999 -9999 -9999 -9999 279 279 283 283 283 283 283 283 283 283 284 284 284 284 284 290 291 291 301 302 304 304 304 307 323 320 035 031 047 048 048 048 048 048 049 049 061 061 068 068 068 072 073 073 073 074 095 076 076 077 077 077 078 078 078 079 079 077 077 077 077 077 077 077 077
-9999 -9999 -9999 -9999 -9999 -9999 -9999 -9999 -9999 -9999 -9999 -9999 -9999 -9999 -9999 -9999 -9999 -9999 -9999 -9999 -9999 -9999 -9999 279 279 279 279 279 279 283 283 283 283 284 284 284 284 284 284 284 291 291 302 302 304 304 304 305 315 040 048 048 048 048 048 048 048 049 061 061 068 068 071 072 072 073 096 096 095 095 096 096 096 095 095 094 094 094 079 079 079 079 080 080 080 077 080 080
-9999 -9999 -9999 -9999 -9999 -9999 -9999 -9999 -9999 -9999 -9999 -9999 -9999 -9999 -9999 -9999 -9999 -9999 -9999 -9999 -9999 -9999 279 279 279 279 279 279 279 279 279 279 279 279 279 279 279 279 279 284 284 291 290 302 304 304 304 304 -9999 -9999 048 048 048 048 048 048 048 062 066 067 069 070 071 072 098 097 096 096 099 099 096 096 096 096 095 094 094 094 094 094 094 079 080 080 080 080 080 080
-9999 -9999 -9999 -9999 -9999 -9999 -9999 -9999 -9999 -9999 -9999 -9999 -9999 -9999 -9999 -9999 -9999 -9999 -9999 -9999 -9999 -9999 276 276 276 276 276 276 279 279 279 279 275 275 276 275 276 276 279 279 284 283 290 290 303 304 304 -9999 -9999 -9999 -9999 048 048 048 048 061 062 065 066 067 068 101 100 100 100 099 099 099 099 099 100 100 100 100 096 096 096 096 094 094 094 093 093 093 093 080 080 081
-9999 -9999 -9999 -9999 -9999 -9999 -9999 -9999 -9999 -9999 -9999 -9999 -9999 -9999 -9999 -9999 -9999 -9999 -9999 -9999 -9999 -9999 276 276 276 276 276 276 276 276 276 275 275 273 274 274 276 276 277 279 280 281 284 290 290 304 -9999 -9999 -9999 -9999 -9999 -9999 048 048 059 061 063 065 066 104 101 100 100 100 104 104 105 105 105 105 105 105 100 100 100 100 100 100 096 096 096 093 093 093 093 092 092 092
-9999 -9999 -9999 -9999 -9999 -9999 -9999 -9999 -9999 -9999 -9999 -9999 -9999 -9999 -9999 -9999 -9999 -9999 -9999 -9999 -9999 -9999 273 273 273 273 273 273 273 273 273 273 273 273 274 258 257 256 255 254 280 282 284 287 292 304 -9999 -9999 -9999 -9999 -9999 -9999 -9999 053 056 059 110 108 105 104 104 104 104 104 104 104 105 111 111 105 105 105 105 105 105 100 100 100 100 100 096 096 096 093 093 093 093 093
-9999 -9999 -9999 -9999 -9999 -9999 -9999 -9999 -9999 -9999 -9999 -9999 -9999 -9999 -9999 -9999 -9999 -9999 -9999 -9999 -9999 -9999 271 271 271 271 271 271 271 271 272 273 273 259 258 258 257 255 255 254 253 250 248 244 294 -9999 -9999 -9999 -9999 -9999 -9999 -9999 -9999 053 114 112 108 106 110 110 111 111 111 111 111 111 111 111 111 111 111 105 105 105 105 105 105 105 100 100 100 100 096 096 096 096 093 093
-9999 -9999 -9999 -9999 -9999 -9999 -9999 -9999 -9999 -9999 -9999 -9999 -9999 -9999 -9999 -9999 -9999 -9999 -9999 -9999 -9999 -9999 270 270 271 271 271 271 271 271 272 260 259 259 258 258 254 254 250 250 250 250 250 244 242 -9999 -9999 -9999 -9999 -9999 -9999 -9999 -9999 117 114 110 111 111 110 111 111 111 111 111 111 111 111 112 112 112 111 111 111 111 105 105 105 105 105 105 100 100 100 100 096 096 096 096
-9999 -9999 -9999 -9999 -9999 -9999 -9999 -9999 -9999 -9999 -9999 -9999 -9999 -9999 -9999 -9999 -9999 -9999 -9999 -9999 -9999 -9999 270 261 261 261 261 261 260 260 260 260 258 258 254 254 250 250 250 250 244 244 244 244 233 232 -9999 -9999 -9999 -9999 -9999 -9999 -9999 123 122 121 121 121 121 120 120 120 120 120 120 120 120 120 120 112 112 112 112 111 111 111 111 105 105 105 105 105 100 100 100 100 100 100
-9999 -9999 -9999 -9999 -9999 -9999 -9999 -9999 -9999 -9999 -9999 -9999 -9999 -9999 -9999 -9999 -9999 -9999 -9999 -9999 -9999 -9999 262 261 261 261 261 260 260 260 260 258 258 254 254 250 250 250 243 243 244 244 233 233 233 232 232 -9999 -9999 -9999 -9999 -9999 123 123 123 123 123 123 123 123 123 123 122 122 122 122 120 120 120 120 120 112 112 112 112 111 111 111 111 105 105 105 105 105 100 100 100 100
-9999 -9999 -9999 -9999 -9999 -9999 -9999 -9999 -9999 -9999 -9999 -9999 -9999 -9999 -9999 -9999 -9999 -9999 -9999 -9999 -9999 -9999 -9999 260 260 260 260 260 258 258 258 254 254 254 249 250 250 243 243 243 234 234 234 232 232 232 232 -9999 -9999 -9999 -9999 123 123 123 123 123 123 123 123 123 123 123 123 123 123 123 122 123 120 120 120 120 120 120 112 112 112 111 111 111 105 105 105 105 105 105 105 100
-9999 -9999 -9999 -9999 -9999 -9999 -9999 -9999 -9999 -9999 -9999 -9999 -9999 -9999 -9999 -9999 -9999 -9999 -9999 -9999 -9999 -9999 -9999 260 258 258 258 258 258 258 254 254 254 250 249 250 244 242 243 234 234 234 232 232 232 232 232 232 -9999 -9999 -9999 123 124 125 126 126 123 123 123 123 123 123 123 123 123 123 123 123 123 123 120 120 120 120 120 120 112 113 113 111 111 111 105 105 106 105 105 105
-9999 -9999 -9999 -9999 -9999 -9999 -9999 -9999 -9999 -9999 -9999 -9999 -9999 -9999 -9999 -9999 -9999 -9999 -9999 -9999 -9999 -9999 -9999 258 258 258 258 254 254 254 254 254 250 249 249 244 242 242 234 234 232 232 232 232 232 232 230 231 214 -9999 139 143 143 143 126 126 127 127 127 127 127 127 123 123 123 123 123 123 123 123 123 123 120 120 120 120 120 113 113 113 111 111 111 111 106 106 106 106
-9999 -9999 -9999 -9999 -9999 -9999 -9999 -9999 -9999 -9999 -9999 -9999 -9999 -9999 -9999 -9999 -9999 -9999 -9999 -9999 -9999 -9999 -9999 254 254 254 254 254 254 254 250 250 249 249 244 244 242 234 234 234 232 232 232 232 232 229 230 213 213 213 149 151 142 142 142 141 141 127 127 127 128 128 127 127 127 123 123 123 123 123 123 123 123 123 120 120 120 119 119 113 113 113 111 111 111 111 111 106
-9999 -9999 -9999 -9999 -9999 -9999 -9999 -9999 -9999 -9999 -9999 -9999 -9999 -9999 -9999 -9999 -9999 -9999 -9999 -9999 -9999 -9999 -9999 254 254 254 254 254 250 250 250 249 249 244 244 242 242 234 234 232 232 232 232 229 229 229 214 214 204 204 153 156 153 153 142 142 141 140 140 140 128 128 128 129 127 127 127 123 123 123 123 123 123 123 123 120 120 119 119 119 113 113 113 111 111 111 111 111
-9999 -9999 -9999 -9999 -9999 -9999 -9999 -9999 -9999 -9999 -9999 -9999 -9999 -9999 -9999 -9999 -9999 -9999 -9999 -9999 -9999 -9999 -9999 -9999 254 254 250 250 250 249 249 249 244 244 242 242 234 234 234 232 232 232 232 229 228 215 214 214 204 199 200 159 159 153 153 153 143 143 140 140 140 140 139 129 129 129 127 127 127 123 123 123 123 123 123 123 123 120 120 119 119 113 113 113 113 113 113 111
-9999 -9999 -9999 -9999 -9999 -9999 -9999 -9999 -9999 -9999 -9999 -9999 -9999 -9999 -9999 -9999 -9999 -9999 -9999 -9999 -9999 -9999 -9999 -9999 250 250 250 250 249 249 249 244 244 242 242 235 235 234 232 232 232 232 228 227 228 215 214 204 204 197 197 161 162 159 153 153 153 143 143 143 143 140 140 140 129 129 129 129 127 127 127 123 123 123 123 123 123 123 120 120 119 119 119 113 113 113 113 113
-9999 -9999 -9999 -9999 -9999 -9999 -9999 -9999 -9999 -9999 -9999 -9999 -9999 -9999 -9999 -9999 -9999 -9999 -9999 -9999 -9999 -9999 -9999 -9999 250 249 249 249 249 244 244 244 244 242 242 235 234 234 232 232 232 232 228 227 215 215 213 204 204 197 193 163 164 164 159 152 153 152 152 143 144 144 140 140 139 139 129 129 129 129 127 127 123 124 124 123 123 123 123 120 120 119 119 119 119 119 113 113
-9999 -9999 -9999 -9999 -9999 -9999 -9999 -9999 -9999 -9999 -9999 -9999 -9999 -9999 -9999 -9999 -9999 -9999 -9999 -9999 -9999 -9999 -9999 -9999 -9999 249 249 244 244 244 244 242 242 241 235 235 234 232 232 232 232 228 227 227 215 215 213 204 204 197 192 192 165 164 164 159 159 153 152 152 144 144 144 140 140 139 139 129 129 129 129 127 127 127 124 124 123 123 123 122 120 120 120 119 119 119 119 119
-9999 -9999 -9999 -9999 -9999 -9999 -9999 -9999 -9999 -9999 -9999 -9999 -9999 -9999 -9999 -9999 -9999 -9999 -9999 -9999 -9999 -9999 -9999 -9999 -9999 244 244 244 244 244 242 242 241 241 235 234 234 232 232 232 232 228 226 227 215 213 213 204 204 197 192 192 167 167 164 159 159 159 153 152 152 144 144 144 140 140 139 139 139 129 130 129 127 127 127 124 124 123 123 123 122 122 120 120 120 120 119 119
-9999 -9999 -9999 -9999 -9999 -9999 -9999 -9999 -9999 -9999 -9999 -9999 -9999 -9999 -9999 -9999 -9999 -9999 -9999 -9999 -9999 -9999 -9999 -9999 -9999 -9999 244 244 244 242 242 241 241 235 235 234 232 232 232 232 228 229 226 216 215 213 213 204 204 197 192 189 190 168 168 164 159 159 153 153 152 152 144 144 144 144 140 140 139 139 130 130 129 127 127 127 124 124 123 123 123 122 122 122 122 120 120 120
-9999 -9999 -9999 -9999 -9999 -9999 -9999 -9999 -9999 -9999 -9999 -9999 -9999 -9999 -9999 -9999 -9999 -9999 -9999 -9999 -9999 -9999 -9999 -9999 -9999 -9999 244 242 242 241 241 241 235 235 234 234 232 232 232 232 229 226 226 216 216 213 213 204 204 197 191 191 189 168 168 164 164 159 159 153 153 152 152 144 144 144 144 140 140 139 139 130 130 129 129 127 127 124 124 123 123 123 123 123 122 122 122 120
-9999 -9999 -9999 -9999 -9999 -9999 -9999 -9999 -9999 -9999 -9999 -9999 -9999 -9999 -9999 -9999 -9999 -9999 -9999 -9999 -9999 -9999 -9999 -9999 -9999 -9999 -9999 241 241 241 235 235 235 234 234 232 232 232 231 229 229 226 226 216 216 213 213 205 204 197 197 191 188 188 168 168 164 164 159 159 153 153 152 152 151 144 144 144 140 140 139 139 130 130 129 129 127 127 124 124 124 124 123 123 123 123 122 122
-9999 -9999 -9999 -9999 -9999 -9999 -9999 -9999 -9999 -9999 -9999 -9999 -9999 -9999 -9999 -9999 -9999 -9999 -9999 -9999 -9999 -9999 -9999 -9999 -9999 -9999 -9999 241 241 235 235 235 234 234 232 232 232 232 231 229 226 226 226 216 216 213 213 205 203 197 197 192 188 188 169 169 168 164 164 159 159 153 153 151 151 151 144 144 144 140 140 139 139 131 131 129 129 127 127 127 124 124 124 124 123 123 123 123
-9999 -9999 -9999 -9999 -9999 -9999 -9999 -9999 -9999 -9999 -9999 -9999 -9999 -9999 -9999 -9999 -9999 -9999 -9999 -9999 -9999 -9999 -9999 -9999 -9999 -9999 -9999 -9999 236 235 235 234 234 232 232 232 232 231 231 229 226 225 217 217 216 212 213 205 203 197 197 192 192 188 188 169 168 168 164 159 159 159 153 153 151 152 144 144 144 144 140 139 139 139 131 131 129 129 127 127 127 127 124 124 124 124 123 123
-9999 -9999 -9999 -9999 -9999 -9999 -9999 -9999 -9999 -9999 -9999 -9999 -9999 -9999 -9999 -9999 -9999 -9999 -9999 -9999 -9999 -9999 -9999 -9999 -9999 -9999 -9999 -9999 -9999 235 234 234 232 232 232 232 231 231 229 229 226 225 217 217 216 213 212 205 203 197 197 192 192 188 187 170 170 168 164 164 159 159 159 153 153 152 152 145 145 144 144 140 139 139 139 131 131 129 129 129 127 127 127 127 124 124 124 124
-9999 -9999 -9999 -9999 -9999 -9999 -9999 -9999 -9999 -9999 -9999 -9999 -9999 -9999 -9999 -9999 -9999 -9999 -9999 -9999 -9999 -9999 -9999 -9999 -9999 -9999 -9999 -9999 -9999 234 234 232 232 232 232 231 231 229 229 226 226 225 217 216 216 213 212 205 203 203 197 197 192 188 186 186 170 170 168 164 164 160 159 159 153 153 152 152 145 145 144 140 140 139 139 139 131 131 131 129 129 129 127 127 127 127 127 124
-9999 -9999 -9999 -9999 -9999 -9999 -9999 -9999 -9999 -9999 -9999 -9999 -9999 -9999 -9999 -9999 -9999 -9999 -9999 -9999 -9999 -9999 -9999 -9999 -9999 -9999 -9999 -9999 -9999 -9999 232 232 232 232 232 231 231 229 229 226 225 225 217 216 213 212 212 205 203 203 197 197 192 188 188 186 171 171 168 164 164 160 160 159 153 153 152 152 152 145 145 144 140 140 139 139 139 139 131 131 131 129 129 129 127 127 127 127
-9999 -9999 -9999 -9999 -9999 -9999 -9999 -9999 -9999 -9999 -9999 -9999 -9999 -9999 -9999 -9999 -9999 -9999 -9999 -9999 -9999 -9999 -9999 -9999 -9999 -9999 -9999 -9999 -9999 -9999 -9999 232 232 232 231 231 229 229 226 226 225 217 217 216 213 212 212 205 203 203 197 197 192 192 188 186 171 171 168 168 164 164 160 159 159 153 154 152 152 145 145 144 144 140 140 139 139 139 139 131 131 131 131 129 129 129 127 127
-9999 -9999 -9999 -9999 -9999 -9999 -9999 -9999 -9999 -9999 -9999 -9999 -9999 -9999 -9999 -9999 -9999 -9999 -9999 -9999 -9999 -9999 -9999 -9999 -9999 -9999 -9999 -9999 -9999 -9999 -9999 -9999 231 231 231 229 229 226 226 225 225 217 217 216 213 212 205 205 203 203 197 197 192 192 188 186 186 171 171 168 164 164 164 160 159 159 154 154 151 151 145 145 144 144 140 140 140 139 139 138 138 131 131 131 131 129 129 129
-9999 -9999 -9999 -9999 -9999 -9999 -9999 -9999 -9999 -9999 -9999 -9999 -9999 -9999 -9999 -9999 -9999 -9999 -9999 -9999 -9999 -9999 -9999 -9999 -9999 -9999 -9999 -9999 -9999 -9999 -9999 -9999 -9999 231 229 229 229 226 224 224 225 217 217 216 213 212 205 205 203 203 197 197 192 192 188 186 186 171 171 168 168 164 164 160 160 159 154 154 151 151 151 145 145 145 144 144 140 140 139 139 138 138 138 131 131 131 131 129
-9999 -9999 -9999 -9999 -9999 -9999 -9999 -9999 -9999 -9999 -9999 -9999 -9999 -9999 -9999 -9999 -9999 -9999 -9999 -9999 -9999 -9999 -9999 -9999 -9999 -9999 -9999 -9999 -9999 -9999 -9999 -9999 -9999 229 229 229 226 226 224 224 217 217 216 216 213 211 205 205 203 203 198 197 192 192 188 188 185 171 171 171 168 164 164 164 160 159 159 154 154 151 151 151 145 145 145 144 144 140 140 140 139 139 138 138 131 131 131 131
-9999 -9999 -9999 -9999 -9999 -9999 -9999 -9999 -9999 -9999 -9999 -9999 -9999 -9999 -9999 -9999 -9999 -9999 -9999 -9999 -9999 -9999 -9999 -9999 -9999 -9999 -9999 -9999 -9999 -9999 -9999 -9999 -9999 -9999 229 226 226 224 224 224 218 217 216 216 213 211 205 205 203 203 198 197 197 192 188 188 185 185 172 171 168 168 164 164 160 160 159 159 154 154 151 152 151 145 145 145 144 144 144 140 140 139 139 138 138 131 131 -9999
-9999 -9999 -9999 -9999 -9999 -9999 -9999 -9999 -9999 -9999 -9999 -9999 -9999 -9999 -9999 -9999 -9999 -9999 -9999 -9999 -9999 -9999 -9999 -9999 -9999 -9999 -9999 -9999 -9999 -9999 -9999 -9999 -9999 -9999 -9999 226 225 224 224 218 218 217 215 213 213 211 206 205 203 203 198 196 197 192 192 188 185 185 172 172 171 168 164 164 164 160 160 159 159 154 154 152 152 151 151 145 145 145 144 144 140 140 140 139 138 138 131 -9999
-9999 -9999 -9999 -9999 -9999 -9999 -9999 -9999 -9999 -9999 -9999 -9999 -9999 -9999 -9999 -9999 -9999 -9999 -9999 -9999 -9999 -9999 -9999 -9999 -9999 -9999 -9999 -9999 -9999 -9999 -9999 -9999 -9999 -9999 -9999 -9999 225 224 218 218 217 215 215 213 211 211 206 205 203 203 198 198 196 192 192 188 185 185 172 172 171 168 168 164 164 164 160 159 159 154 154 154 152 152 151 151 145 145 145 144 144 140 140 139 139 -9999 -9999 -9999
-9999 -9999 -9999 -9999 -9999 -9999 -9999 -9999 -9999 -9999 -9999 -9999 -9999 -9999 -9999 -9999 -9999 -9999 -9999 -9999 -9999 -9999 -9999 -9999 -9999 -9999 -9999 -9999 -9999 -9999 -9999 -9999 -9999 -9999 -9999 -9999 -9999 218 218 217 217 215 215 213 211 211 206 205 203 203 198 198 196 192 192 188 188 185 185 172 172 171 168 168 164 164 160 160 159 159 154 154 154 152 152 151 151 145 145 145 144 144 140 140 -9999 -9999 -9999 -9999
