examples/flatland/Outputs/centerIgnit/d_otherRAWS/flatland_centerIgnit_clockwise1hr_otherRAWS_RAWS/flatland_centerIgnit_clockwise1hr_otherRAWS_RAWS_Intensity.asc
NCOLS 100
NROWS 100
XLLCORNER 20000.000000
YLLCORNER 20000.000000
CELLSIZE 30.000000
NODATA_VALUE -9999.0
[rows 54 to 80 of 100, columns 0 to 60 of 100]
-9999.0 -9999.0 -9999.0 -9999.0 -9999.0 -9999.0 -9999.0 -9999.0 -9999.0 -9999.0 -9999.0 -9999.0 -9999.0 -9999.0 -9999.0 -9999.0 -9999.0 -9999.0 -9999.0 -9999.0 -9999.0 -9999.0 -9999.0 00024.516 00026.004 00021.783 00019.549 00020.257 00024.614 00025.561 00026.618 00041.451 00042.466 00043.615 00044.921 00043.211 00038.806 00039.708 00041.036 00041.793 00038.740 00034.344 00034.344 00034.348 00034.353 00034.303 00033.880 00033.424 00033.820 -9999.000 00043.503 00048.718 00050.750 00052.348 00053.652 00054.728 00056.461 00059.211 00060.164 00060.683 00060.849
-9999.0 -9999.0 -9999.0 -9999.0 -9999.0 -9999.0 -9999.0 -9999.0 -9999.0 -9999.0 -9999.0 -9999.0 -9999.0 -9999.0 -9999.0 -9999.0 -9999.0 -9999.0 -9999.0 -9999.0 -9999.0 -9999.0 -9999.0 00024.182 00025.634 00023.830 00019.415 00020.089 00024.344 00025.407 00026.398 00041.879 00042.946 00044.197 00045.366 00045.981 00039.043 00040.039 00041.229 00041.984 00042.532 00036.219 00034.338 00034.329 00034.302 00034.300 00034.037 00033.743 00033.622 00035.375 00039.762 00044.319 00047.041 00049.192 00050.817 00052.480 00056.364 00057.270 00057.687 00058.524 00059.145
-9999.0 -9999.0 -9999.0 -9999.0 -9999.0 -9999.0 -9999.0 -9999.0 -9999.0 -9999.0 -9999.0 -9999.0 -9999.0 -9999.0 -9999.0 -9999.0 -9999.0 -9999.0 -9999.0 -9999.0 -9999.0 -9999.0 -9999.0 00023.767 00025.199 00026.096 00019.164 00019.941 00022.520 00025.212 00026.165 00034.699 00043.459 00044.588 00045.659 00046.820 00045.938 00040.484 00041.471 00042.007 00042.599 00042.382 00034.311 00034.290 00034.276 00034.290 00034.342 00034.235 00034.175 00035.334 00038.489 00042.777 00045.387 00047.018 00048.715 00051.467 00052.929 00053.980 00054.897 00055.695 00056.439
-9999.0 -9999.0 -9999.0 -9999.0 -9999.0 -9999.0 -9999.0 -9999.0 -9999.0 -9999.0 -9999.0 -9999.0 -9999.0 -9999.0 -9999.0 -9999.0 -9999.0 -9999.0 -9999.0 -9999.0 -9999.0 -9999.0 -9999.0 -9999.0 00024.768 00026.242 00020.954 00019.755 00020.457 00024.993 00025.944 00027.022 00043.842 00044.860 00045.969 00047.260 00048.450 00043.951 00041.416 00042.001 00042.366 00042.737 00042.578 00034.260 00034.270 00034.278 00034.504 00034.740 00035.138 00035.726 00038.187 00040.994 00044.150 00046.994 00048.412 00049.534 00050.731 00051.821 00052.788 00053.647 00054.409
-9999.0 -9999.0 -9999.0 -9999.0 -9999.0 -9999.0 -9999.0 -9999.0 -9999.0 -9999.0 -9999.0 -9999.0 -9999.0 -9999.0 -9999.0 -9999.0 -9999.0 -9999.0 -9999.0 -9999.0 -9999.0 -9999.0 -9999.0 -9999.0 00024.284 00025.702 00023.734 00019.572 00020.231 00024.335 00025.732 00026.714 00039.453 00045.118 00046.298 00047.591 00049.169 00049.703 00041.342 00041.833 00042.168 00042.773 00043.560 00043.552 00034.283 00034.423 00034.637 00034.958 00035.403 00036.265 00037.945 00040.767 00044.284 00045.783 00047.034 00048.086 00049.042 00050.176 00051.312 00052.038 00054.354
-9999.0 -9999.0 -9999.0 -9999.0 -9999.0 -9999.0 -9999.0 -9999.0 -9999.0 -9999.0 -9999.0 -9999.0 -9999.0 -9999.0 -9999.0 -9999.0 -9999.0 -9999.0 -9999.0 -9999.0 -9999.0 -9999.0 -9999.0 -9999.0 00023.761 00025.150 00026.587 00019.394 00020.018 00021.479 00025.450 00026.367 00027.398 00045.238 00046.594 00047.960 00049.508 00050.357 00050.071 00041.610 00042.028 00042.778 00043.730 00045.297 00046.002 00035.028 00034.772 00035.111 00035.525 00036.122 00037.668 00040.425 00042.448 00044.237 00045.667 00046.723 00047.452 00048.633 00049.879 00060.471 00080.568
-9999.0 -9999.0 -9999.0 -9999.0 -9999.0 -9999.0 -9999.0 -9999.0 -9999.0 -9999.0 -9999.0 -9999.0 -9999.0 -9999.0 -9999.0 -9999.0 -9999.0 -9999.0 -9999.0 -9999.0 -9999.0 -9999.0 -9999.0 -9999.0 -9999.0 00024.595 00026.014 00022.300 00019.814 00020.500 00025.003 00026.034 00026.995 00038.521 00046.879 00048.270 00049.459 00050.335 00050.906 00049.005 00042.031 00042.853 00043.905 00045.741 00047.582 00048.720 00044.254 00035.223 00035.604 00036.254 00037.256 00038.618 00041.384 00043.719 00044.583 00045.472 00046.305 00053.570 00071.864 00079.820 00082.857
-9999.0 -9999.0 -9999.0 -9999.0 -9999.0 -9999.0 -9999.0 -9999.0 -9999.0 -9999.0 -9999.0 -9999.0 -9999.0 -9999.0 -9999.0 -9999.0 -9999.0 -9999.0 -9999.0 -9999.0 -9999.0 -9999.0 -9999.0 -9999.0 -9999.0 00024.026 00025.371 00025.749 00019.464 00020.225 00021.592 00025.710 00026.710 00027.904 00047.357 00048.503 00049.418 00050.219 00050.733 00051.105 00047.202 00042.934 00044.041 00045.955 00047.664 00049.460 00050.989 00052.092 00048.514 00040.016 00036.793 00038.317 00040.417 00042.378 00045.536 00057.286 00071.809 00076.067 00079.018 00080.754 00082.079
-9999.0 -9999.0 -9999.0 -9999.0 -9999.0 -9999.0 -9999.0 -9999.0 -9999.0 -9999.0 -9999.0 -9999.0 -9999.0 -9999.0 -9999.0 -9999.0 -9999.0 -9999.0 -9999.0 -9999.0 -9999.0 -9999.0 -9999.0 -9999.0 -9999.0 -9999.0 00024.695 00026.066 00022.409 00019.957 00020.600 00024.927 00026.484 00027.424 00029.090 00048.474 00049.328 00050.028 00050.490 00051.288 00051.873 00046.990 00044.142 00045.578 00047.619 00049.295 00050.935 00053.164 00055.338 00056.755 00057.622 00059.460 00061.972 00067.623 00070.970 00073.795 00076.269 00077.435 00078.576 00079.625 00080.600
-9999.0 -9999.0 -9999.0 -9999.0 -9999.0 -9999.0 -9999.0 -9999.0 -9999.0 -9999.0 -9999.0 -9999.0 -9999.0 -9999.0 -9999.0 -9999.0 -9999.0 -9999.0 -9999.0 -9999.0 -9999.0 -9999.0 -9999.0 -9999.0 -9999.0 -9999.0 00024.029 00025.347 00026.024 00019.539 00020.339 00021.100 00026.098 00026.972 00027.925 00038.441 00049.216 00049.743 00050.265 00051.246 00052.336 00053.017 00048.047 00045.887 00048.038 00049.153 00050.677 00052.776 00055.045 00056.975 00058.711 00060.831 00065.054 00068.892 00071.358 00073.693 00075.267 00076.488 00077.400 00078.272 00079.184
-9999.0 -9999.0 -9999.0 -9999.0 -9999.0 -9999.0 -9999.0 -9999.0 -9999.0 -9999.0 -9999.0 -9999.0 -9999.0 -9999.0 -9999.0 -9999.0 -9999.0 -9999.0 -9999.0 -9999.0 -9999.0 -9999.0 -9999.0 -9999.0 -9999.0 -9999.0 -9999.0 00024.622 00025.953 00023.216 00020.081 00020.742 00023.200 00026.545 00027.419 00028.335 00045.793 00049.505 00050.218 00051.200 00052.322 00053.440 00054.948 00052.031 00047.853 00049.052 00050.432 00052.360 00054.472 00056.377 00058.033 00060.180 00062.829 00066.171 00070.160 00072.777 00073.914 00075.174 00076.179 00077.020 00077.846
-9999.0 -9999.0 -9999.0 -9999.0 -9999.0 -9999.0 -9999.0 -9999.0 -9999.0 -9999.0 -9999.0 -9999.0 -9999.0 -9999.0 -9999.0 -9999.0 -9999.0 -9999.0 -9999.0 -9999.0 -9999.0 -9999.0 -9999.0 -9999.0 -9999.0 -9999.0 -9999.0 00023.888 00025.183 00026.488 00021.205 00020.445 00021.043 00025.242 00026.922 00027.757 00028.601 00049.299 00050.170 00051.172 00052.273 00053.439 00056.135 00057.835 00058.160 00049.829 00050.167 00051.963 00053.926 00055.787 00057.341 00059.252 00061.542 00064.166 00067.412 00071.372 00072.612 00073.766 00074.874 00075.724 00076.784
-9999.0 -9999.0 -9999.0 -9999.0 -9999.0 -9999.0 -9999.0 -9999.0 -9999.0 -9999.0 -9999.0 -9999.0 -9999.0 -9999.0 -9999.0 -9999.0 -9999.0 -9999.0 -9999.0 -9999.0 -9999.0 -9999.0 -9999.0 -9999.0 -9999.0 -9999.0 -9999.0 -9999.0 00024.362 00025.604 00025.346 00019.938 00020.674 00021.306 00026.368 00027.176 00027.971 00028.898 00050.115 00051.131 00052.241 00053.775 00056.286 00058.155 00059.492 00060.026 00056.571 00051.453 00053.317 00055.226 00056.692 00058.298 00060.199 00061.986 00065.714 00068.942 00071.344 00072.474 00073.413 00074.312 00075.373
-9999.0 -9999.0 -9999.0 -9999.0 -9999.0 -9999.0 -9999.0 -9999.0 -9999.0 -9999.0 -9999.0 -9999.0 -9999.0 -9999.0 -9999.0 -9999.0 -9999.0 -9999.0 -9999.0 -9999.0 -9999.0 -9999.0 -9999.0 -9999.0 -9999.0 -9999.0 -9999.0 -9999.0 -9999.0 00024.716 00025.959 00023.822 00020.326 00020.887 00021.627 00026.638 00027.409 00028.317 00031.945 00051.078 00052.216 00054.037 00056.202 00057.990 00059.311 00060.497 00062.516 00063.139 00061.002 00055.824 00056.144 00057.749 00059.265 00060.794 00063.888 00067.448 00069.596 00071.180 00072.319 00073.185 00073.890
-9999.0 -9999.0 -9999.0 -9999.0 -9999.0 -9999.0 -9999.0 -9999.0 -9999.0 -9999.0 -9999.0 -9999.0 -9999.0 -9999.0 -9999.0 -9999.0 -9999.0 -9999.0 -9999.0 -9999.0 -9999.0 -9999.0 -9999.0 -9999.0 -9999.0 -9999.0 -9999.0 -9999.0 -9999.0 00023.843 00025.034 00026.271 00022.604 00020.496 00021.035 00023.056 00026.924 00027.769 00028.684 00035.416 00052.197 00054.210 00056.095 00057.785 00059.021 00060.276 00062.713 00064.130 00065.505 00066.163 00067.525 00065.487 00063.528 00062.189 00062.361 00065.505 00068.318 00072.252 00075.729 00079.267 00082.658
-9999.0 -9999.0 -9999.0 -9999.0 -9999.0 -9999.0 -9999.0 -9999.0 -9999.0 -9999.0 -9999.0 -9999.0 -9999.0 -9999.0 -9999.0 -9999.0 -9999.0 -9999.0 -9999.0 -9999.0 -9999.0 -9999.0 -9999.0 -9999.0 -9999.0 -9999.0 -9999.0 -9999.0 -9999.0 -9999.0 00024.134 00025.309 00026.525 00021.521 00020.630 00021.224 00024.478 00027.254 00028.111 00029.064 00036.684 00054.313 00055.969 00057.518 00058.736 00060.021 00062.354 00063.788 00065.221 00066.648 00068.414 00070.034 00070.969 00071.881 00073.134 00075.755 00078.030 00079.770 00081.202 00082.316 00083.136
-9999.0 -9999.0 -9999.0 -9999.0 -9999.0 -9999.0 -9999.0 -9999.0 -9999.0 -9999.0 -9999.0 -9999.0 -9999.0 -9999.0 -9999.0 -9999.0 -9999.0 -9999.0 -9999.0 -9999.0 -9999.0 -9999.0 -9999.0 -9999.0 -9999.0 -9999.0 -9999.0 -9999.0 -9999.0 -9999.0 -9999.0 00024.376 00025.560 00025.780 00020.532 00020.826 00021.438 00025.420 00027.588 00028.494 00029.608 00036.045 00055.827 00057.254 00058.456 00059.801 00061.978 00063.335 00064.717 00066.158 00067.897 00069.612 00071.004 00072.171 00073.577 00075.774 00078.204 00079.622 00081.001 00081.845 00082.492
-9999.0 -9999.0 -9999.0 -9999.0 -9999.0 -9999.0 -9999.0 -9999.0 -9999.0 -9999.0 -9999.0 -9999.0 -9999.0 -9999.0 -9999.0 -9999.0 -9999.0 -9999.0 -9999.0 -9999.0 -9999.0 -9999.0 -9999.0 -9999.0 -9999.0 -9999.0 -9999.0 -9999.0 -9999.0 -9999.0 -9999.0 -9999.0 00024.613 00025.799 00024.807 00020.333 00021.016 00021.633 00026.081 00027.968 00029.068 00030.128 00031.169 00055.315 00058.181 00059.561 00061.600 00062.892 00064.228 00065.617 00067.251 00068.912 00070.350 00071.525 00072.897 00074.593 00076.694 00078.809 00080.258 00081.022 00081.713
-9999.0 -9999.0 -9999.0 -9999.0 -9999.0 -9999.0 -9999.0 -9999.0 -9999.0 -9999.0 -9999.0 -9999.0 -9999.0 -9999.0 -9999.0 -9999.0 -9999.0 -9999.0 -9999.0 -9999.0 -9999.0 -9999.0 -9999.0 -9999.0 -9999.0 -9999.0 -9999.0 -9999.0 -9999.0 -9999.0 -9999.0 -9999.0 -9999.0 00024.827 00025.996 00024.209 00020.593 00021.200 00021.843 00026.358 00028.356 00029.459 00030.429 00031.370 00043.034 00059.307 00061.204 00062.458 00063.749 00065.090 00066.630 00068.237 00069.693 00070.825 00072.101 00073.568 00075.197 00077.330 00079.664 00080.157 00080.843
-9999.0 -9999.0 -9999.0 -9999.0 -9999.0 -9999.0 -9999.0 -9999.0 -9999.0 -9999.0 -9999.0 -9999.0 -9999.0 -9999.0 -9999.0 -9999.0 -9999.0 -9999.0 -9999.0 -9999.0 -9999.0 -9999.0 -9999.0 -9999.0 -9999.0 -9999.0 -9999.0 -9999.0 -9999.0 -9999.0 -9999.0 -9999.0 -9999.0 00023.858 00024.960 00026.115 00023.879 00020.795 00021.364 00022.045 00026.200 00029.046 00029.743 00030.590 00031.484 00032.456 00053.682 00062.032 00063.282 00064.576 00066.035 00067.587 00069.057 00070.150 00071.326 00072.715 00074.263 00075.906 00078.417 00079.390 00080.000
-9999.0 -9999.0 -9999.0 -9999.0 -9999.0 -9999.0 -9999.0 -9999.0 -9999.0 -9999.0 -9999.0 -9999.0 -9999.0 -9999.0 -9999.0 -9999.0 -9999.0 -9999.0 -9999.0 -9999.0 -9999.0 -9999.0 -9999.0 -9999.0 -9999.0 -9999.0 -9999.0 -9999.0 -9999.0 -9999.0 -9999.0 -9999.0 -9999.0 -9999.0 00023.972 00025.044 00026.164 00023.878 00020.920 00021.667 00022.326 00024.762 00029.111 00029.878 00030.705 00031.615 00032.644 00033.834 00051.985 00064.074 00065.462 00066.959 00068.394 00069.497 00070.579 00071.925 00073.367 00074.863 00076.926 00078.618 00079.189
-9999.0 -9999.0 -9999.0 -9999.0 -9999.0 -9999.0 -9999.0 -9999.0 -9999.0 -9999.0 -9999.0 -9999.0 -9999.0 -9999.0 -9999.0 -9999.0 -9999.0 -9999.0 -9999.0 -9999.0 -9999.0 -9999.0 -9999.0 -9999.0 -9999.0 -9999.0 -9999.0 -9999.0 -9999.0 -9999.0 -9999.0 -9999.0 -9999.0 -9999.0 -9999.0 00024.015 00025.061 00026.149 00024.144 00021.181 00021.896 00022.424 00022.988 00028.488 00029.992 00030.844 00031.813 00032.871 00033.667 00034.523 00043.161 00059.010 00067.734 00068.864 00069.899 00071.130 00072.458 00073.937 00075.641 00077.668 00078.414
-9999.0 -9999.0 -9999.0 -9999.0 -9999.0 -9999.0 -9999.0 -9999.0 -9999.0 -9999.0 -9999.0 -9999.0 -9999.0 -9999.0 -9999.0 -9999.0 -9999.0 -9999.0 -9999.0 -9999.0 -9999.0 -9999.0 -9999.0 -9999.0 -9999.0 -9999.0 -9999.0 -9999.0 -9999.0 -9999.0 -9999.0 -9999.0 -9999.0 -9999.0 -9999.0 -9999.0 00023.997 00025.018 00026.061 00025.100 00021.845 00021.918 00022.430 00022.981 00025.652 00030.123 00031.039 00031.968 00032.671 00033.527 00034.383 00035.307 00036.108 00037.007 00047.590 00056.264 00063.257 00068.448 00074.543 00070.024 00064.639
-9999.0 -9999.0 -9999.0 -9999.0 -9999.0 -9999.0 -9999.0 -9999.0 -9999.0 -9999.0 -9999.0 -9999.0 -9999.0 -9999.0 -9999.0 -9999.0 -9999.0 -9999.0 -9999.0 -9999.0 -9999.0 -9999.0 -9999.0 -9999.0 -9999.0 -9999.0 -9999.0 -9999.0 -9999.0 -9999.0 -9999.0 -9999.0 -9999.0 -9999.0 -9999.0 -9999.0 -9999.0 00023.931 00024.831 00025.762 00026.265 00023.181 00021.928 00022.425 00022.966 00023.553 00027.460 00031.154 00031.785 00032.582 00033.565 00034.270 00035.012 00035.830 00036.717 00037.480 00038.119 00038.743 00040.233 00041.498 00042.342
-9999.0 -9999.0 -9999.0 -9999.0 -9999.0 -9999.0 -9999.0 -9999.0 -9999.0 -9999.0 -9999.0 -9999.0 -9999.0 -9999.0 -9999.0 -9999.0 -9999.0 -9999.0 -9999.0 -9999.0 -9999.0 -9999.0 -9999.0 -9999.0 -9999.0 -9999.0 -9999.0 -9999.0 -9999.0 -9999.0 -9999.0 -9999.0 -9999.0 -9999.0 -9999.0 -9999.0 -9999.0 -9999.0 -9999.0 00024.538 00025.422 00026.315 00024.656 00022.046 00022.435 00022.965 00023.554 00024.109 00027.183 00031.484 00032.680 00033.339 00034.024 00034.754 00035.587 00036.358 00036.947 00037.558 00038.542 00039.982 00040.766
-9999.0 -9999.0 -9999.0 -9999.0 -9999.0 -9999.0 -9999.0 -9999.0 -9999.0 -9999.0 -9999.0 -9999.0 -9999.0 -9999.0 -9999.0 -9999.0 -9999.0 -9999.0 -9999.0 -9999.0 -9999.0 -9999.0 -9999.0 -9999.0 -9999.0 -9999.0 -9999.0 -9999.0 -9999.0 -9999.0 -9999.0 -9999.0 -9999.0 -9999.0 -9999.0 -9999.0 -9999.0 -9999.0 -9999.0 -9999.0 00024.190 00025.029 00025.866 00026.305 00023.869 00022.335 00022.986 00023.464 00023.894 00024.435 00025.777 00029.401 00032.809 00033.782 00034.562 00035.295 00035.875 00036.450 00037.124 00038.407 00039.361
-9999.0 -9999.0 -9999.0 -9999.0 -9999.0 -9999.0 -9999.0 -9999.0 -9999.0 -9999.0 -9999.0 -9999.0 -9999.0 -9999.0 -9999.0 -9999.0 -9999.0 -9999.0 -9999.0 -9999.0 -9999.0 -9999.0 -9999.0 -9999.0 -9999.0 -9999.0 -9999.0 -9999.0 -9999.0 -9999.0 -9999.0 -9999.0 -9999.0 -9999.0 -9999.0 -9999.0 -9999.0 -9999.0 -9999.0 -9999.0 -9999.0 00023.778 00024.573 00025.350 00026.149 00025.796 00024.009 00022.718 00023.290 00023.788 00024.333 00024.753 00025.192 00025.633 00027.996 00030.720 00032.983 00034.951 00035.825 00036.930 00038.091
