examples/flatland/Outputs/centerIgnit/d_otherRAWS/flatland_centerIgnit_clockwise1hr_otherRAWS_RAWS/flatland_centerIgnit_clockwise1hr_otherRAWS_RAWS_HeatPerUnitArea.asc
NCOLS 100
NROWS 100
XLLCORNER 20000.000000
YLLCORNER 20000.000000
CELLSIZE 30.000000
NODATA_VALUE -9999.0
[rows 27 to 53 of 100, columns 0 to 60 of 100]
-9999.0 -9999.0 -9999.0 -9999.0 -9999.0 -9999.0 -9999.0 -9999.0 -9999.0 -9999.0 -9999.0 -9999.0 -9999.0 -9999.0 -9999.0 -9999.0 -9999.0 -9999.0 -9999.0 -9999.0 -9999.0 -9999.0 -9999.0 -9999.0 -9999.0 -9999.0 -9999.0 -9999.0 -9999.0 01031.455 01045.632 01057.221 01060.511 01072.047 01082.647 01091.639 01102.800 01114.774 01127.559 01131.931 01136.691 01141.279 01145.934 01150.649 01153.812 01156.730 01159.419 01161.721 01163.931 01165.890 01167.551 01168.956 01169.564 01169.571 01169.570 01169.565 01169.370 01168.441 01167.319 01166.146 01164.939
-9999.0 -9999.0 -9999.0 -9999.0 -9999.0 -9999.0 -9999.0 -9999.0 -9999.0 -9999.0 -9999.0 -9999.0 -9999.0 -9999.0 -9999.0 -9999.0 -9999.0 -9999.0 -9999.0 -9999.0 -9999.0 -9999.0 -9999.0 -9999.0 -9999.0 -9999.0 -9999.0 -9999.0 01026.703 01040.286 01055.437 01058.167 01068.958 01079.284 01085.472 01100.265 01112.273 01125.639 01131.212 01136.319 01141.567 01146.610 01151.051 01154.566 01157.700 01160.691 01163.646 01165.994 01168.318 01169.567 01169.581 01169.608 01169.619 01169.627 01169.621 01169.614 01169.599 01169.575 01169.568 01169.331 01167.748
-9999.0 -9999.0 -9999.0 -9999.0 -9999.0 -9999.0 -9999.0 -9999.0 -9999.0 -9999.0 -9999.0 -9999.0 -9999.0 -9999.0 -9999.0 -9999.0 -9999.0 -9999.0 -9999.0 -9999.0 -9999.0 -9999.0 -9999.0 -9999.0 -9999.0 -9999.0 -9999.0 -9999.0 01035.403 01050.271 01057.632 01065.793 01075.650 01084.730 01096.728 01109.162 01122.644 01130.254 01135.491 01140.755 01146.171 01151.113 01155.058 01158.349 01161.607 01164.705 01167.833 01169.567 01169.596 01169.623 01169.639 01169.651 01169.661 01169.664 01169.657 01169.649 01169.639 01169.627 01169.614 01169.583 01169.568
-9999.0 -9999.0 -9999.0 -9999.0 -9999.0 -9999.0 -9999.0 -9999.0 -9999.0 -9999.0 -9999.0 -9999.0 -9999.0 -9999.0 -9999.0 -9999.0 -9999.0 -9999.0 -9999.0 -9999.0 -9999.0 -9999.0 -9999.0 -9999.0 -9999.0 -9999.0 -9999.0 01029.738 01044.170 01057.145 01059.956 01072.072 01083.040 01092.914 01105.030 01118.479 01127.751 01134.339 01139.701 01145.226 01150.850 01154.777 01158.714 01162.176 01165.510 01168.875 01169.581 01169.623 01169.645 01169.665 01169.681 01169.693 01169.703 01169.701 01169.693 01169.684 01169.672 01169.660 01169.644 01169.627 01169.608
-9999.0 -9999.0 -9999.0 -9999.0 -9999.0 -9999.0 -9999.0 -9999.0 -9999.0 -9999.0 -9999.0 -9999.0 -9999.0 -9999.0 -9999.0 -9999.0 -9999.0 -9999.0 -9999.0 -9999.0 -9999.0 -9999.0 -9999.0 -9999.0 -9999.0 -9999.0 -9999.0 01037.511 01053.239 01057.977 01068.281 01079.034 01085.477 01100.772 01113.902 01127.588 01132.711 01138.252 01143.974 01149.686 01154.080 01158.077 01162.075 01166.108 01169.559 01169.602 01169.638 01169.666 01169.688 01169.708 01169.723 01169.736 01169.745 01169.737 01169.728 01169.718 01169.706 01169.692 01169.674 01169.657 01169.638
-9999.0 -9999.0 -9999.0 -9999.0 -9999.0 -9999.0 -9999.0 -9999.0 -9999.0 -9999.0 -9999.0 -9999.0 -9999.0 -9999.0 -9999.0 -9999.0 -9999.0 -9999.0 -9999.0 -9999.0 -9999.0 -9999.0 -9999.0 -9999.0 -9999.0 -9999.0 01031.266 01046.259 01057.330 01064.145 01074.413 01084.529 01096.482 01109.189 01123.346 01130.917 01136.450 01142.158 01147.995 01152.248 01157.240 01161.349 01165.476 01169.561 01169.612 01169.647 01169.679 01169.708 01169.731 01169.750 01169.766 01169.777 01169.782 01169.773 01169.764 01169.752 01169.739 01169.722 01169.704 01169.686 01169.662
-9999.0 -9999.0 -9999.0 -9999.0 -9999.0 -9999.0 -9999.0 -9999.0 -9999.0 -9999.0 -9999.0 -9999.0 -9999.0 -9999.0 -9999.0 -9999.0 -9999.0 -9999.0 -9999.0 -9999.0 -9999.0 -9999.0 -9999.0 -9999.0 -9999.0 -9999.0 01038.326 01054.720 01058.172 01069.620 01080.973 01091.125 01104.017 01118.161 01127.753 01134.529 01140.186 01146.037 01151.178 01155.988 01160.310 01164.632 01168.959 01169.609 01169.653 01169.688 01169.721 01169.751 01169.774 01169.793 01169.808 01169.820 01169.818 01169.808 01169.798 01169.785 01169.769 01169.752 01169.734 01169.710 01169.686
-9999.0 -9999.0 -9999.0 -9999.0 -9999.0 -9999.0 -9999.0 -9999.0 -9999.0 -9999.0 -9999.0 -9999.0 -9999.0 -9999.0 -9999.0 -9999.0 -9999.0 -9999.0 -9999.0 -9999.0 -9999.0 -9999.0 -9999.0 -9999.0 -9999.0 01029.813 01045.399 01057.329 01064.809 01075.605 01084.897 01098.398 01112.068 01127.168 01132.517 01138.198 01143.997 01149.988 01154.537 01158.888 01163.308 01167.824 01169.589 01169.647 01169.692 01169.729 01169.763 01169.794 01169.816 01169.836 01169.850 01169.863 01169.853 01169.843 01169.831 01169.816 01169.799 01169.781 01169.759 01169.735 01169.710
-9999.0 -9999.0 -9999.0 -9999.0 -9999.0 -9999.0 -9999.0 -9999.0 -9999.0 -9999.0 -9999.0 -9999.0 -9999.0 -9999.0 -9999.0 -9999.0 -9999.0 -9999.0 -9999.0 -9999.0 -9999.0 -9999.0 -9999.0 -9999.0 -9999.0 01035.692 01052.171 01057.980 01069.200 01081.392 01092.807 01105.820 01120.424 01129.566 01135.867 01141.726 01147.777 01152.149 01157.378 01161.799 01166.316 01169.571 01169.636 01169.683 01169.730 01169.770 01169.804 01169.837 01169.859 01169.878 01169.306 01169.086 01169.581 01169.877 01169.864 01169.847 01169.829 01169.807 01169.783 01169.759 01169.733
-9999.0 -9999.0 -9999.0 -9999.0 -9999.0 -9999.0 -9999.0 -9999.0 -9999.0 -9999.0 -9999.0 -9999.0 -9999.0 -9999.0 -9999.0 -9999.0 -9999.0 -9999.0 -9999.0 -9999.0 -9999.0 -9999.0 -9999.0 -9999.0 01026.220 01041.697 01057.067 01060.750 01073.923 01084.689 01098.405 01113.290 01127.620 01133.340 01139.174 01145.196 01151.041 01155.708 01160.255 01164.744 01169.404 01169.619 01169.670 01169.720 01169.767 01169.812 01169.846 01169.878 01168.939 01167.843 01166.255 01166.484 01167.636 01168.543 01169.302 01169.877 01169.856 01169.831 01169.807 01169.781 01169.756
-9999.0 -9999.0 -9999.0 -9999.0 -9999.0 -9999.0 -9999.0 -9999.0 -9999.0 -9999.0 -9999.0 -9999.0 -9999.0 -9999.0 -9999.0 -9999.0 -9999.0 -9999.0 -9999.0 -9999.0 -9999.0 -9999.0 -9999.0 -9999.0 01031.591 01047.835 01057.566 01066.835 01078.817 01087.486 01104.206 01119.872 01130.420 01136.414 01142.514 01148.670 01153.793 01158.348 01162.960 01167.693 01169.592 01169.653 01169.705 01169.756 01169.804 01169.851 01169.629 01167.898 01165.645 01164.347 01163.237 01163.934 01164.798 01165.773 01167.453 01168.827 01169.880 01169.855 01169.830 01169.804 01169.779
-9999.0 -9999.0 -9999.0 -9999.0 -9999.0 -9999.0 -9999.0 -9999.0 -9999.0 -9999.0 -9999.0 -9999.0 -9999.0 -9999.0 -9999.0 -9999.0 -9999.0 -9999.0 -9999.0 -9999.0 -9999.0 -9999.0 -9999.0 -9999.0 01036.642 01053.555 01058.168 01070.704 01083.506 01095.441 01110.216 01126.696 01132.790 01138.856 01145.126 01151.087 01156.240 01160.981 01165.685 01169.568 01169.635 01169.687 01169.739 01169.791 01169.841 01169.584 01167.053 01164.504 01162.828 01161.502 01160.817 01161.683 01162.543 01163.721 01164.974 01167.042 01168.868 01169.878 01169.852 01169.827 01169.801
-9999.0 -9999.0 -9999.0 -9999.0 -9999.0 -9999.0 -9999.0 -9999.0 -9999.0 -9999.0 -9999.0 -9999.0 -9999.0 -9999.0 -9999.0 -9999.0 -9999.0 -9999.0 -9999.0 -9999.0 -9999.0 -9999.0 -9999.0 01025.089 01040.935 01057.051 01061.743 01074.898 01085.003 01100.404 01115.937 01127.761 01135.109 01141.300 01147.672 01152.942 01158.182 01163.183 01168.385 01169.612 01169.667 01169.721 01169.773 01169.825 01169.877 01167.420 01163.942 01161.801 01160.038 01158.611 01158.532 01159.469 01160.522 01161.675 01163.349 01165.046 01167.237 01169.002 01169.875 01169.850 01169.824
-9999.0 -9999.0 -9999.0 -9999.0 -9999.0 -9999.0 -9999.0 -9999.0 -9999.0 -9999.0 -9999.0 -9999.0 -9999.0 -9999.0 -9999.0 -9999.0 -9999.0 -9999.0 -9999.0 -9999.0 -9999.0 -9999.0 -9999.0 01029.045 01045.436 01057.398 01066.007 01078.331 01088.525 01105.433 01121.846 01131.218 01137.259 01143.524 01150.019 01155.084 01160.084 01165.175 01169.567 01169.642 01169.699 01169.754 01169.807 01169.859 01168.490 01164.500 01161.405 01159.133 01157.279 01155.678 01156.326 01157.391 01158.515 01160.058 01161.748 01163.484 01165.239 01167.526 01169.132 01169.872 01169.846
-9999.0 -9999.0 -9999.0 -9999.0 -9999.0 -9999.0 -9999.0 -9999.0 -9999.0 -9999.0 -9999.0 -9999.0 -9999.0 -9999.0 -9999.0 -9999.0 -9999.0 -9999.0 -9999.0 -9999.0 -9999.0 -9999.0 -9999.0 01032.583 01049.464 01057.776 01068.732 01081.786 01094.206 01109.441 01126.821 01133.056 01139.222 01145.588 01151.208 01156.844 01161.888 01167.063 01169.593 01169.667 01169.731 01169.787 01169.842 01169.323 01165.569 01162.192 01159.049 01156.470 01154.541 01153.135 01154.289 01155.400 01156.835 01158.500 01160.211 01161.939 01163.676 01165.429 01167.830 01169.299 01169.866
-9999.0 -9999.0 -9999.0 -9999.0 -9999.0 -9999.0 -9999.0 -9999.0 -9999.0 -9999.0 -9999.0 -9999.0 -9999.0 -9999.0 -9999.0 -9999.0 -9999.0 -9999.0 -9999.0 -9999.0 -9999.0 -9999.0 -9999.0 01035.717 01053.225 01058.203 01071.460 01084.264 01097.515 01113.389 01127.701 01134.542 01140.738 01147.166 01151.989 01158.095 01163.302 01168.730 01169.625 01169.691 01169.756 01169.820 01169.874 01167.135 01163.333 01159.967 01156.736 01153.843 01151.841 01151.168 01152.346 01153.642 01155.300 01156.984 01158.686 01160.402 01162.128 01163.874 01165.665 01168.397 01169.856
-9999.0 -9999.0 -9999.0 -9999.0 -9999.0 -9999.0 -9999.0 -9999.0 -9999.0 -9999.0 -9999.0 -9999.0 -9999.0 -9999.0 -9999.0 -9999.0 -9999.0 -9999.0 -9999.0 -9999.0 -9999.0 -9999.0 -9999.0 01038.091 01055.888 01058.557 01073.764 01084.913 01100.846 01117.309 01127.827 01135.943 01142.200 01148.681 01154.188 01159.306 01164.562 01169.563 01169.642 01169.713 01169.780 01169.845 01168.674 01164.507 01161.119 01157.794 01154.522 01151.514 01149.232 01149.415 01150.722 01152.200 01153.822 01155.485 01157.172 01158.871 01160.586 01162.341 01164.385 01166.828 01169.146
-9999.0 -9999.0 -9999.0 -9999.0 -9999.0 -9999.0 -9999.0 -9999.0 -9999.0 -9999.0 -9999.0 -9999.0 -9999.0 -9999.0 -9999.0 -9999.0 -9999.0 -9999.0 -9999.0 -9999.0 -9999.0 -9999.0 01024.523 01040.666 01057.056 01062.547 01075.705 01085.365 01103.200 01120.140 01130.957 01136.988 01143.234 01149.719 01154.977 01160.174 01165.491 01169.570 01169.659 01169.730 01169.802 01169.870 01166.420 01162.350 01158.924 01155.638 01152.432 01149.553 -9999.0 -9999.000 01149.416 01150.889 01152.369 01154.001 01155.668 01157.349 01159.082 01161.149 01163.245 01165.548 01168.527
-9999.0 -9999.0 -9999.0 -9999.0 -9999.0 -9999.0 -9999.0 -9999.0 -9999.0 -9999.0 -9999.0 -9999.0 -9999.0 -9999.0 -9999.0 -9999.0 -9999.0 -9999.0 -9999.0 -9999.0 -9999.0 -9999.0 01026.219 01042.685 01057.213 01064.909 01077.509 01087.540 01105.580 01122.968 01131.853 01137.909 01144.154 01150.593 01155.636 01160.852 01166.213 01169.576 01169.670 01169.745 01169.819 01169.477 01164.673 01160.377 01156.785 01153.521 01150.540 -9999.000 -9999.0 -9999.0 -9999.000 01149.585 01151.050 01152.548 01154.172 01155.871 01157.941 01160.032 01162.280 01164.619 01167.478
-9999.0 -9999.0 -9999.0 -9999.0 -9999.0 -9999.0 -9999.0 -9999.0 -9999.0 -9999.0 -9999.0 -9999.0 -9999.0 -9999.0 -9999.0 -9999.0 -9999.0 -9999.0 -9999.0 -9999.0 -9999.0 -9999.0 01027.681 01044.324 01057.342 01065.964 01078.807 01091.659 01107.118 01124.838 01132.451 01138.474 01144.704 01150.982 01156.065 01161.281 01166.697 01169.592 01169.679 01169.756 01169.832 01168.697 01163.358 01158.881 01154.668 01151.523 -9999.000 -9999.0 -9999.0 -9999.0 -9999.0 -9999.000 01149.744 01151.197 01152.747 01154.774 01156.865 01159.056 01161.327 01164.171 01167.939
-9999.0 -9999.0 -9999.0 -9999.0 -9999.0 -9999.0 -9999.0 -9999.0 -9999.0 -9999.0 -9999.0 -9999.0 -9999.0 -9999.0 -9999.0 -9999.0 -9999.0 -9999.0 -9999.0 -9999.0 -9999.0 -9999.0 01028.519 01045.326 01057.430 01066.690 01079.774 01092.717 01108.365 01126.275 01132.879 01138.846 01145.018 01151.045 01156.355 01161.615 01166.640 01169.577 01169.680 01169.765 01169.844 01167.850 01162.208 01157.514 01153.126 01149.632 -9999.0 -9999.0 -9999.0 -9999.0 -9999.0 -9999.0 -9999.000 01149.909 01151.636 01153.596 01155.810 01158.938 01161.944 01164.945 01168.594
-9999.0 -9999.0 -9999.0 -9999.0 -9999.0 -9999.0 -9999.0 -9999.0 -9999.0 -9999.0 -9999.0 -9999.0 -9999.0 -9999.0 -9999.0 -9999.0 -9999.0 -9999.0 -9999.0 -9999.0 -9999.0 -9999.0 01029.016 01045.891 01057.479 01067.093 01080.297 01093.271 01108.994 01126.970 01133.096 01139.085 01145.277 01150.977 01155.664 01160.512 01165.440 01169.566 01169.657 01169.740 01169.825 01168.525 01162.105 01156.149 01151.558 -9999.000 -9999.0 -9999.0 -9999.0 -9999.0 -9999.0 -9999.0 -9999.000 01148.749 01151.005 01153.925 01156.875 01159.799 01162.821 01165.861 01169.220
-9999.0 -9999.0 -9999.0 -9999.0 -9999.0 -9999.0 -9999.0 -9999.0 -9999.0 -9999.0 -9999.0 -9999.0 -9999.0 -9999.0 -9999.0 -9999.0 -9999.0 -9999.0 -9999.0 -9999.0 -9999.0 -9999.0 01029.126 01046.078 01057.498 01067.151 01080.396 01093.406 01109.187 01127.235 01133.230 01138.633 01144.218 01149.928 01154.615 01159.408 01164.167 01169.095 01169.631 01169.714 01169.797 01169.880 01164.330 01158.816 01153.456 -9999.000 -9999.0 -9999.0 -9999.0 -9999.0 -9999.0 -9999.0 -9999.0 01149.515 01152.192 01155.059 01157.991 01160.971 01163.983 01167.579 01169.879
-9999.0 -9999.0 -9999.0 -9999.0 -9999.0 -9999.0 -9999.0 -9999.0 -9999.0 -9999.0 -9999.0 -9999.0 -9999.0 -9999.0 -9999.0 -9999.0 -9999.0 -9999.0 -9999.0 -9999.0 -9999.0 -9999.0 01029.020 01045.758 01057.450 01066.737 01079.709 01092.475 01107.788 01125.237 01132.236 01137.589 01143.061 01148.630 01153.442 01158.061 01162.744 01167.326 01169.590 01169.683 01169.764 01169.844 01167.403 01161.483 01156.328 01151.728 -9999.000 -9999.0 -9999.0 -9999.0 -9999.0 -9999.0 -9999.000 01151.136 01153.805 01156.720 01159.657 01162.648 01165.691 01169.112 01169.856
-9999.0 -9999.0 -9999.0 -9999.0 -9999.0 -9999.0 -9999.0 -9999.0 -9999.0 -9999.0 -9999.0 -9999.0 -9999.0 -9999.0 -9999.0 -9999.0 -9999.0 -9999.0 -9999.0 -9999.0 -9999.0 -9999.0 01026.484 01042.850 01057.214 01064.820 01077.292 01086.351 01104.812 01121.828 01131.263 01136.480 01141.841 01147.164 01151.299 01156.584 01161.017 01165.550 01169.562 01169.643 01169.723 01169.804 01169.880 01164.944 01160.030 01155.306 01150.886 -9999.0 -9999.0 -9999.0 -9999.0 -9999.000 01150.278 01152.869 01155.714 01158.630 01161.588 01164.583 01168.349 01169.872 01169.829
-9999.0 -9999.0 -9999.0 -9999.0 -9999.0 -9999.0 -9999.0 -9999.0 -9999.0 -9999.0 -9999.0 -9999.0 -9999.0 -9999.0 -9999.0 -9999.0 -9999.0 -9999.0 -9999.0 -9999.0 -9999.0 -9999.0 -9999.0 01039.761 01056.985 01060.645 01074.897 01085.180 01101.888 01118.165 01129.081 01135.255 01140.344 01145.584 01150.791 01154.905 01159.301 01163.487 01167.718 01169.593 01169.678 01169.751 01169.825 01169.147 01163.873 01159.055 01154.344 -9999.000 -9999.0 -9999.0 -9999.0 01149.430 01151.954 01154.732 01157.641 01160.584 01163.564 01166.916 01169.695 01169.844 01169.802
-9999.0 -9999.0 -9999.0 -9999.0 -9999.0 -9999.0 -9999.0 -9999.0 -9999.0 -9999.0 -9999.0 -9999.0 -9999.0 -9999.0 -9999.0 -9999.0 -9999.0 -9999.0 -9999.0 -9999.0 -9999.0 -9999.0 -9999.0 01036.783 01054.232 01058.309 01072.189 01084.486 01098.422 01114.294 01127.726 01133.800 01138.847 01143.810 01148.805 01152.776 01157.268 01161.353 01165.461 01169.407 01169.623 01169.697 01169.769 01169.840 01168.450 01162.875 01158.076 01153.378 -9999.000 -9999.0 -9999.000 01151.072 01153.786 01156.684 01159.581 01162.521 01165.544 01169.002 01169.858 01169.816 01169.774
