examples/flatland/Outputs/centerIgnit/d_otherRAWS/flatland_centerIgnit_clockwise1hr_otherRAWS_RAWS/flatland_centerIgnit_clockwise1hr_otherRAWS_RAWS_ReactionIntensity.asc
NCOLS 100
NROWS 100
XLLCORNER 20000.000000
YLLCORNER 20000.000000
CELLSIZE 30.000000
NODATA_VALUE -9999.0
[rows 27 to 53 of 100, columns 0 to 60 of 100]
-9999.0 -9999.0 -9999.0 -9999.0 -9999.0 -9999.0 -9999.0 -9999.0 -9999.0 -9999.0 -9999.0 -9999.0 -9999.0 -9999.0 -9999.0 -9999.0 -9999.0 -9999.0 -9999.0 -9999.0 -9999.0 -9999.0 -9999.0 -9999.0 -9999.0 -9999.0 -9999.0 -9999.0 -9999.0 00156.673 00158.822 00160.621 00161.108 00162.860 00164.470 00165.839 00167.532 00169.350 00171.295 00171.959 00172.683 00173.380 00174.087 00174.803 00175.284 00175.727 00176.136 00176.485 00176.821 00177.118 00177.371 00177.584 00177.677 00177.678 00177.677 00177.677 00177.647 00177.506 00177.336 00177.157 00176.974
-9999.0 -9999.0 -9999.0 -9999.0 -9999.0 -9999.0 -9999.0 -9999.0 -9999.0 -9999.0 -9999.0 -9999.0 -9999.0 -9999.0 -9999.0 -9999.0 -9999.0 -9999.0 -9999.0 -9999.0 -9999.0 -9999.0 -9999.0 -9999.0 -9999.0 -9999.0 -9999.0 -9999.0 00155.962 00158.029 00160.330 00160.767 00162.392 00163.959 00164.898 00167.147 00168.973 00171.001 00171.850 00172.626 00173.423 00174.189 00174.864 00175.398 00175.874 00176.329 00176.778 00177.134 00177.487 00177.677 00177.679 00177.684 00177.685 00177.686 00177.685 00177.684 00177.682 00177.678 00177.677 00177.641 00177.401
-9999.0 -9999.0 -9999.0 -9999.0 -9999.0 -9999.0 -9999.0 -9999.0 -9999.0 -9999.0 -9999.0 -9999.0 -9999.0 -9999.0 -9999.0 -9999.0 -9999.0 -9999.0 -9999.0 -9999.0 -9999.0 -9999.0 -9999.0 -9999.0 -9999.0 -9999.0 -9999.0 -9999.0 00157.279 00159.527 00160.690 00161.910 00163.408 00164.781 00166.610 00168.498 00170.546 00171.705 00172.500 00173.300 00174.123 00174.873 00175.473 00175.973 00176.468 00176.938 00177.414 00177.677 00177.682 00177.686 00177.688 00177.690 00177.692 00177.692 00177.691 00177.690 00177.688 00177.686 00177.684 00177.680 00177.677
-9999.0 -9999.0 -9999.0 -9999.0 -9999.0 -9999.0 -9999.0 -9999.0 -9999.0 -9999.0 -9999.0 -9999.0 -9999.0 -9999.0 -9999.0 -9999.0 -9999.0 -9999.0 -9999.0 -9999.0 -9999.0 -9999.0 -9999.0 -9999.0 -9999.0 -9999.0 -9999.0 00156.414 00158.603 00160.607 00161.024 00162.864 00164.531 00166.031 00167.873 00169.915 00171.324 00172.325 00173.140 00173.979 00174.834 00175.430 00176.028 00176.554 00177.061 00177.572 00177.679 00177.686 00177.689 00177.692 00177.695 00177.696 00177.698 00177.698 00177.696 00177.695 00177.693 00177.691 00177.689 00177.686 00177.684
-9999.0 -9999.0 -9999.0 -9999.0 -9999.0 -9999.0 -9999.0 -9999.0 -9999.0 -9999.0 -9999.0 -9999.0 -9999.0 -9999.0 -9999.0 -9999.0 -9999.0 -9999.0 -9999.0 -9999.0 -9999.0 -9999.0 -9999.0 -9999.0 -9999.0 -9999.0 -9999.0 00157.608 00159.986 00160.742 00162.288 00163.921 00164.899 00167.224 00169.218 00171.299 00172.078 00172.920 00173.789 00174.657 00175.324 00175.932 00176.539 00177.151 00177.676 00177.683 00177.688 00177.692 00177.696 00177.699 00177.701 00177.703 00177.704 00177.703 00177.702 00177.700 00177.698 00177.696 00177.694 00177.691 00177.688
-9999.0 -9999.0 -9999.0 -9999.0 -9999.0 -9999.0 -9999.0 -9999.0 -9999.0 -9999.0 -9999.0 -9999.0 -9999.0 -9999.0 -9999.0 -9999.0 -9999.0 -9999.0 -9999.0 -9999.0 -9999.0 -9999.0 -9999.0 -9999.0 -9999.0 -9999.0 00156.645 00158.916 00160.641 00161.662 00163.219 00164.751 00166.573 00168.502 00170.652 00171.805 00172.646 00173.513 00174.400 00175.046 00175.804 00176.429 00177.056 00177.676 00177.684 00177.689 00177.694 00177.699 00177.702 00177.705 00177.707 00177.709 00177.710 00177.708 00177.707 00177.705 00177.703 00177.701 00177.698 00177.695 00177.692
-9999.0 -9999.0 -9999.0 -9999.0 -9999.0 -9999.0 -9999.0 -9999.0 -9999.0 -9999.0 -9999.0 -9999.0 -9999.0 -9999.0 -9999.0 -9999.0 -9999.0 -9999.0 -9999.0 -9999.0 -9999.0 -9999.0 -9999.0 -9999.0 -9999.0 -9999.0 00157.736 00160.217 00160.768 00162.493 00164.215 00165.760 00167.718 00169.866 00171.324 00172.354 00173.214 00174.102 00174.883 00175.614 00176.271 00176.927 00177.585 00177.684 00177.690 00177.696 00177.701 00177.705 00177.709 00177.712 00177.714 00177.716 00177.715 00177.714 00177.712 00177.710 00177.708 00177.705 00177.703 00177.699 00177.695
-9999.0 -9999.0 -9999.0 -9999.0 -9999.0 -9999.0 -9999.0 -9999.0 -9999.0 -9999.0 -9999.0 -9999.0 -9999.0 -9999.0 -9999.0 -9999.0 -9999.0 -9999.0 -9999.0 -9999.0 -9999.0 -9999.0 -9999.0 -9999.0 -9999.0 00156.426 00158.787 00160.642 00161.762 00163.401 00164.806 00166.865 00168.942 00171.236 00172.049 00172.912 00173.792 00174.703 00175.394 00176.055 00176.726 00177.412 00177.681 00177.689 00177.696 00177.702 00177.707 00177.712 00177.715 00177.718 00177.720 00177.722 00177.721 00177.719 00177.717 00177.715 00177.713 00177.710 00177.706 00177.703 00177.699
-9999.0 -9999.0 -9999.0 -9999.0 -9999.0 -9999.0 -9999.0 -9999.0 -9999.0 -9999.0 -9999.0 -9999.0 -9999.0 -9999.0 -9999.0 -9999.0 -9999.0 -9999.0 -9999.0 -9999.0 -9999.0 -9999.0 -9999.0 -9999.0 -9999.0 00157.324 00159.820 00160.743 00162.429 00164.279 00166.015 00167.991 00170.210 00171.600 00172.557 00173.447 00174.367 00175.031 00175.825 00176.497 00177.183 00177.678 00177.688 00177.695 00177.702 00177.708 00177.713 00177.718 00177.722 00177.724 00177.640 00177.604 00177.680 00177.724 00177.722 00177.720 00177.717 00177.714 00177.710 00177.706 00177.702
-9999.0 -9999.0 -9999.0 -9999.0 -9999.0 -9999.0 -9999.0 -9999.0 -9999.0 -9999.0 -9999.0 -9999.0 -9999.0 -9999.0 -9999.0 -9999.0 -9999.0 -9999.0 -9999.0 -9999.0 -9999.0 -9999.0 -9999.0 -9999.0 00155.891 00158.236 00160.593 00161.144 00163.144 00164.774 00166.866 00169.125 00171.304 00172.174 00173.060 00173.975 00174.863 00175.572 00176.262 00176.944 00177.652 00177.685 00177.693 00177.701 00177.708 00177.714 00177.720 00177.725 00177.584 00177.415 00177.174 00177.209 00177.384 00177.522 00177.637 00177.724 00177.721 00177.717 00177.714 00177.710 00177.706
-9999.0 -9999.0 -9999.0 -9999.0 -9999.0 -9999.0 -9999.0 -9999.0 -9999.0 -9999.0 -9999.0 -9999.0 -9999.0 -9999.0 -9999.0 -9999.0 -9999.0 -9999.0 -9999.0 -9999.0 -9999.0 -9999.0 -9999.0 -9999.0 00156.694 00159.155 00160.682 00162.068 00163.888 00165.206 00167.747 00170.127 00171.730 00172.640 00173.567 00174.503 00175.281 00175.973 00176.673 00177.392 00177.681 00177.690 00177.698 00177.706 00177.713 00177.720 00177.688 00177.424 00177.081 00176.885 00176.715 00176.821 00176.951 00177.101 00177.356 00177.565 00177.725 00177.721 00177.717 00177.713 00177.709
-9999.0 -9999.0 -9999.0 -9999.0 -9999.0 -9999.0 -9999.0 -9999.0 -9999.0 -9999.0 -9999.0 -9999.0 -9999.0 -9999.0 -9999.0 -9999.0 -9999.0 -9999.0 -9999.0 -9999.0 -9999.0 -9999.0 -9999.0 -9999.0 00157.472 00160.035 00160.769 00162.657 00164.602 00166.414 00168.659 00171.163 00172.090 00173.011 00173.964 00174.870 00175.652 00176.373 00177.087 00177.677 00177.687 00177.695 00177.703 00177.711 00177.719 00177.682 00177.295 00176.908 00176.653 00176.452 00176.346 00176.479 00176.610 00176.789 00176.979 00177.293 00177.571 00177.724 00177.721 00177.717 00177.713
-9999.0 -9999.0 -9999.0 -9999.0 -9999.0 -9999.0 -9999.0 -9999.0 -9999.0 -9999.0 -9999.0 -9999.0 -9999.0 -9999.0 -9999.0 -9999.0 -9999.0 -9999.0 -9999.0 -9999.0 -9999.0 -9999.0 -9999.0 00155.725 00158.124 00160.590 00161.295 00163.293 00164.822 00167.168 00169.527 00171.324 00172.442 00173.383 00174.351 00175.152 00175.947 00176.707 00177.497 00177.684 00177.692 00177.701 00177.709 00177.716 00177.724 00177.351 00176.822 00176.497 00176.232 00176.012 00176.001 00176.143 00176.303 00176.478 00176.733 00176.990 00177.323 00177.591 00177.724 00177.720 00177.716
-9999.0 -9999.0 -9999.0 -9999.0 -9999.0 -9999.0 -9999.0 -9999.0 -9999.0 -9999.0 -9999.0 -9999.0 -9999.0 -9999.0 -9999.0 -9999.0 -9999.0 -9999.0 -9999.0 -9999.0 -9999.0 -9999.0 -9999.0 00156.310 00158.793 00160.655 00161.942 00163.814 00165.364 00167.933 00170.425 00171.851 00172.769 00173.721 00174.708 00175.477 00176.236 00177.010 00177.677 00177.689 00177.697 00177.706 00177.714 00177.722 00177.515 00176.907 00176.437 00176.092 00175.810 00175.571 00175.666 00175.827 00175.998 00176.232 00176.489 00176.753 00177.020 00177.367 00177.611 00177.724 00177.720
-9999.0 -9999.0 -9999.0 -9999.0 -9999.0 -9999.0 -9999.0 -9999.0 -9999.0 -9999.0 -9999.0 -9999.0 -9999.0 -9999.0 -9999.0 -9999.0 -9999.0 -9999.0 -9999.0 -9999.0 -9999.0 -9999.0 -9999.0 00156.845 00159.403 00160.715 00162.357 00164.339 00166.226 00168.540 00171.182 00172.131 00173.067 00174.034 00174.889 00175.744 00176.510 00177.297 00177.681 00177.692 00177.702 00177.711 00177.719 00177.642 00177.070 00176.556 00176.079 00175.687 00175.394 00175.177 00175.356 00175.524 00175.743 00175.996 00176.256 00176.518 00176.782 00177.048 00177.413 00177.636 00177.723
-9999.0 -9999.0 -9999.0 -9999.0 -9999.0 -9999.0 -9999.0 -9999.0 -9999.0 -9999.0 -9999.0 -9999.0 -9999.0 -9999.0 -9999.0 -9999.0 -9999.0 -9999.0 -9999.0 -9999.0 -9999.0 -9999.0 -9999.0 00157.328 00159.983 00160.774 00162.771 00164.714 00166.731 00169.141 00171.314 00172.356 00173.297 00174.274 00175.007 00175.934 00176.725 00177.550 00177.686 00177.696 00177.706 00177.716 00177.724 00177.308 00176.730 00176.219 00175.728 00175.289 00174.984 00174.882 00175.061 00175.258 00175.510 00175.766 00176.024 00176.285 00176.547 00176.812 00177.084 00177.499 00177.721
-9999.0 -9999.0 -9999.0 -9999.0 -9999.0 -9999.0 -9999.0 -9999.0 -9999.0 -9999.0 -9999.0 -9999.0 -9999.0 -9999.0 -9999.0 -9999.0 -9999.0 -9999.0 -9999.0 -9999.0 -9999.0 -9999.0 -9999.0 00157.699 00160.401 00160.816 00163.120 00164.808 00167.235 00169.736 00171.336 00172.569 00173.519 00174.505 00175.341 00176.118 00176.917 00177.677 00177.689 00177.699 00177.710 00177.720 00177.543 00176.908 00176.394 00175.888 00175.392 00174.932 00174.588 00174.616 00174.814 00175.039 00175.285 00175.538 00175.794 00176.052 00176.313 00176.579 00176.890 00177.261 00177.612
-9999.0 -9999.0 -9999.0 -9999.0 -9999.0 -9999.0 -9999.0 -9999.0 -9999.0 -9999.0 -9999.0 -9999.0 -9999.0 -9999.0 -9999.0 -9999.0 -9999.0 -9999.0 -9999.0 -9999.0 -9999.0 -9999.0 00155.642 00158.085 00160.591 00161.417 00163.417 00164.880 00167.593 00170.167 00171.811 00172.728 00173.677 00174.663 00175.461 00176.250 00177.058 00177.678 00177.691 00177.702 00177.713 00177.723 00177.199 00176.581 00176.060 00175.561 00175.074 00174.636 -9999.0 -9999.000 00174.616 00174.840 00175.065 00175.312 00175.566 00175.821 00176.084 00176.398 00176.717 00177.066 00177.519
-9999.0 -9999.0 -9999.0 -9999.0 -9999.0 -9999.0 -9999.0 -9999.0 -9999.0 -9999.0 -9999.0 -9999.0 -9999.0 -9999.0 -9999.0 -9999.0 -9999.0 -9999.0 -9999.0 -9999.0 -9999.0 -9999.0 00155.891 00158.382 00160.622 00161.777 00163.691 00165.214 00167.955 00170.595 00171.948 00172.868 00173.816 00174.795 00175.561 00176.353 00177.168 00177.679 00177.693 00177.704 00177.715 00177.665 00176.933 00176.281 00175.735 00175.239 00174.787 -9999.000 -9999.0 -9999.0 -9999.000 00174.641 00174.864 00175.092 00175.338 00175.596 00175.911 00176.229 00176.570 00176.923 00177.362
-9999.0 -9999.0 -9999.0 -9999.0 -9999.0 -9999.0 -9999.0 -9999.0 -9999.0 -9999.0 -9999.0 -9999.0 -9999.0 -9999.0 -9999.0 -9999.0 -9999.0 -9999.0 -9999.0 -9999.0 -9999.0 -9999.0 00156.107 00158.626 00160.645 00161.936 00163.886 00165.842 00168.188 00170.879 00172.038 00172.953 00173.900 00174.854 00175.626 00176.418 00177.241 00177.681 00177.694 00177.706 00177.718 00177.547 00176.734 00176.054 00175.414 00174.936 -9999.000 -9999.0 -9999.0 -9999.0 -9999.0 -9999.000 00174.666 00174.886 00175.122 00175.428 00175.747 00176.080 00176.425 00176.857 00177.430
-9999.0 -9999.0 -9999.0 -9999.0 -9999.0 -9999.0 -9999.0 -9999.0 -9999.0 -9999.0 -9999.0 -9999.0 -9999.0 -9999.0 -9999.0 -9999.0 -9999.0 -9999.0 -9999.0 -9999.0 -9999.0 -9999.0 00156.232 00158.776 00160.661 00162.046 00164.033 00166.001 00168.377 00171.099 00172.104 00173.009 00173.948 00174.865 00175.669 00176.469 00177.232 00177.679 00177.694 00177.707 00177.719 00177.416 00176.559 00175.845 00175.180 00174.650 -9999.0 -9999.0 -9999.0 -9999.0 -9999.0 -9999.0 -9999.000 00174.691 00174.953 00175.251 00175.587 00176.062 00176.519 00176.978 00177.528
-9999.0 -9999.0 -9999.0 -9999.0 -9999.0 -9999.0 -9999.0 -9999.0 -9999.0 -9999.0 -9999.0 -9999.0 -9999.0 -9999.0 -9999.0 -9999.0 -9999.0 -9999.0 -9999.0 -9999.0 -9999.0 -9999.0 00156.306 00158.861 00160.669 00162.107 00164.112 00166.085 00168.472 00171.205 00172.136 00173.046 00173.987 00174.854 00175.565 00176.301 00177.050 00177.677 00177.691 00177.704 00177.716 00177.520 00176.543 00175.642 00174.941 -9999.000 -9999.0 -9999.0 -9999.0 -9999.0 -9999.0 -9999.0 -9999.000 00174.515 00174.857 00175.300 00175.749 00176.192 00176.652 00177.114 00177.622
-9999.0 -9999.0 -9999.0 -9999.0 -9999.0 -9999.0 -9999.0 -9999.0 -9999.0 -9999.0 -9999.0 -9999.0 -9999.0 -9999.0 -9999.0 -9999.0 -9999.0 -9999.0 -9999.0 -9999.0 -9999.0 -9999.0 00156.322 00158.889 00160.672 00162.116 00164.127 00166.105 00168.502 00171.246 00172.157 00172.978 00173.826 00174.695 00175.406 00176.134 00176.857 00177.606 00177.687 00177.700 00177.712 00177.725 00176.882 00176.044 00175.229 -9999.000 -9999.0 -9999.0 -9999.0 -9999.0 -9999.0 -9999.0 -9999.0 00174.630 00175.037 00175.474 00175.918 00176.371 00176.829 00177.375 00177.725
-9999.0 -9999.0 -9999.0 -9999.0 -9999.0 -9999.0 -9999.0 -9999.0 -9999.0 -9999.0 -9999.0 -9999.0 -9999.0 -9999.0 -9999.0 -9999.0 -9999.0 -9999.0 -9999.0 -9999.0 -9999.0 -9999.0 00156.307 00158.841 00160.664 00162.053 00164.023 00165.965 00168.289 00170.940 00172.006 00172.819 00173.650 00174.497 00175.228 00175.929 00176.641 00177.337 00177.681 00177.695 00177.707 00177.719 00177.348 00176.449 00175.666 00174.967 -9999.000 -9999.0 -9999.0 -9999.0 -9999.0 -9999.0 -9999.000 00174.877 00175.282 00175.725 00176.171 00176.626 00177.088 00177.606 00177.721
-9999.0 -9999.0 -9999.0 -9999.0 -9999.0 -9999.0 -9999.0 -9999.0 -9999.0 -9999.0 -9999.0 -9999.0 -9999.0 -9999.0 -9999.0 -9999.0 -9999.0 -9999.0 -9999.0 -9999.0 -9999.0 -9999.0 00155.930 00158.407 00160.622 00161.763 00163.658 00165.034 00167.840 00170.422 00171.858 00172.650 00173.465 00174.274 00174.905 00175.705 00176.378 00177.067 00177.677 00177.689 00177.701 00177.713 00177.725 00176.975 00176.228 00175.511 00174.839 -9999.0 -9999.0 -9999.0 -9999.0 -9999.000 00174.747 00175.140 00175.573 00176.016 00176.465 00176.920 00177.492 00177.724 00177.717
-9999.0 -9999.0 -9999.0 -9999.0 -9999.0 -9999.0 -9999.0 -9999.0 -9999.0 -9999.0 -9999.0 -9999.0 -9999.0 -9999.0 -9999.0 -9999.0 -9999.0 -9999.0 -9999.0 -9999.0 -9999.0 -9999.0 -9999.0 00157.952 00160.576 00161.128 00163.293 00164.849 00167.393 00169.867 00171.526 00172.465 00173.238 00174.034 00174.825 00175.450 00176.118 00176.754 00177.397 00177.681 00177.694 00177.705 00177.716 00177.614 00176.812 00176.080 00175.365 -9999.000 -9999.0 -9999.0 -9999.0 00174.618 00175.001 00175.423 00175.865 00176.312 00176.765 00177.274 00177.696 00177.719 00177.713
-9999.0 -9999.0 -9999.0 -9999.0 -9999.0 -9999.0 -9999.0 -9999.0 -9999.0 -9999.0 -9999.0 -9999.0 -9999.0 -9999.0 -9999.0 -9999.0 -9999.0 -9999.0 -9999.0 -9999.0 -9999.0 -9999.0 -9999.0 00157.494 00160.141 00160.787 00162.881 00164.744 00166.868 00169.278 00171.317 00172.243 00173.010 00173.764 00174.524 00175.126 00175.809 00176.429 00177.053 00177.653 00177.686 00177.697 00177.708 00177.719 00177.508 00176.660 00175.931 00175.218 -9999.000 -9999.0 -9999.000 00174.869 00175.280 00175.720 00176.160 00176.607 00177.066 00177.589 00177.721 00177.715 00177.709
