examples/flatland/Outputs/centerIgnit/d_otherRAWS/flatland_centerIgnit_clockwise1hr_otherRAWS_RAWS/flatland_centerIgnit_clockwise1hr_otherRAWS_RAWS_ReactionIntensity.asc
NCOLS 100
NROWS 100
XLLCORNER 20000.000000
YLLCORNER 20000.000000
CELLSIZE 30.000000
NODATA_VALUE -9999.0
[rows 54 to 80 of 100, columns 0 to 60 of 100]
-9999.0 -9999.0 -9999.0 -9999.0 -9999.0 -9999.0 -9999.0 -9999.0 -9999.0 -9999.0 -9999.0 -9999.0 -9999.0 -9999.0 -9999.0 -9999.0 -9999.0 -9999.0 -9999.0 -9999.0 -9999.0 -9999.0 -9999.0 00156.962 00159.533 00160.728 00162.449 00164.446 00166.307 00168.566 00171.136 00172.021 00172.745 00173.477 00174.226 00174.869 00175.497 00176.099 00176.690 00177.234 00177.677 00177.688 00177.699 00177.710 00177.721 00177.312 00176.516 00175.802 00175.211 -9999.000 00174.906 00175.286 00175.665 00176.053 00176.491 00176.945 00177.509 00177.723 00177.717 00177.711 00177.704
-9999.0 -9999.0 -9999.0 -9999.0 -9999.0 -9999.0 -9999.0 -9999.0 -9999.0 -9999.0 -9999.0 -9999.0 -9999.0 -9999.0 -9999.0 -9999.0 -9999.0 -9999.0 -9999.0 -9999.0 -9999.0 -9999.0 -9999.0 00156.415 00158.877 00160.660 00161.965 00163.830 00165.353 00167.861 00170.312 00171.763 00172.468 00173.188 00173.887 00174.583 00175.055 00175.768 00176.297 00176.831 00177.360 00177.678 00177.691 00177.701 00177.712 00177.723 00177.153 00176.504 00175.994 00175.521 00175.506 00175.851 00176.176 00176.567 00176.964 00177.485 00177.724 00177.718 00177.712 00177.706 00177.699
-9999.0 -9999.0 -9999.0 -9999.0 -9999.0 -9999.0 -9999.0 -9999.0 -9999.0 -9999.0 -9999.0 -9999.0 -9999.0 -9999.0 -9999.0 -9999.0 -9999.0 -9999.0 -9999.0 -9999.0 -9999.0 -9999.0 -9999.0 00155.733 00158.106 00160.585 00161.147 00163.241 00164.816 00167.091 00169.376 00171.316 00172.191 00172.871 00173.542 00174.216 00174.860 00175.387 00175.907 00176.428 00176.942 00177.474 00177.680 00177.693 00177.703 00177.714 00177.723 00177.403 00176.816 00176.442 00176.185 00176.508 00176.812 00177.143 00177.563 00177.723 00177.717 00177.712 00177.706 00177.700 00177.694
-9999.0 -9999.0 -9999.0 -9999.0 -9999.0 -9999.0 -9999.0 -9999.0 -9999.0 -9999.0 -9999.0 -9999.0 -9999.0 -9999.0 -9999.0 -9999.0 -9999.0 -9999.0 -9999.0 -9999.0 -9999.0 -9999.0 -9999.0 -9999.0 00157.376 00159.957 00160.759 00162.578 00164.515 00166.306 00168.456 00170.894 00171.895 00172.540 00173.194 00173.850 00174.486 00174.901 00175.523 00176.026 00176.534 00177.049 00177.584 00177.683 00177.694 00177.704 00177.712 00177.719 00177.699 00177.441 00177.031 00177.271 00177.566 00177.724 00177.720 00177.715 00177.710 00177.704 00177.699 00177.693 00177.688
-9999.0 -9999.0 -9999.0 -9999.0 -9999.0 -9999.0 -9999.0 -9999.0 -9999.0 -9999.0 -9999.0 -9999.0 -9999.0 -9999.0 -9999.0 -9999.0 -9999.0 -9999.0 -9999.0 -9999.0 -9999.0 -9999.0 -9999.0 -9999.0 00156.582 00158.998 00160.665 00161.952 00163.728 00164.917 00167.561 00169.785 00171.326 00172.213 00172.841 00173.489 00174.062 00174.648 00174.934 00175.628 00176.129 00176.637 00177.137 00177.634 00177.684 00177.692 00177.700 00177.708 00177.713 00177.718 00177.722 00177.722 00177.718 00177.715 00177.711 00177.706 00177.702 00177.697 00177.692 00177.686 00177.678
-9999.0 -9999.0 -9999.0 -9999.0 -9999.0 -9999.0 -9999.0 -9999.0 -9999.0 -9999.0 -9999.0 -9999.0 -9999.0 -9999.0 -9999.0 -9999.0 -9999.0 -9999.0 -9999.0 -9999.0 -9999.0 -9999.0 -9999.0 -9999.0 00155.723 00158.018 00160.567 00160.816 00162.981 00164.735 00166.584 00168.649 00170.971 00171.873 00172.493 00173.082 00173.646 00174.217 00174.779 00175.235 00175.731 00176.230 00176.704 00177.174 00177.616 00177.678 00177.688 00177.695 00177.701 00177.705 00177.708 00177.711 00177.708 00177.705 00177.701 00177.698 00177.693 00177.688 00177.684 00177.678 00177.656
-9999.0 -9999.0 -9999.0 -9999.0 -9999.0 -9999.0 -9999.0 -9999.0 -9999.0 -9999.0 -9999.0 -9999.0 -9999.0 -9999.0 -9999.0 -9999.0 -9999.0 -9999.0 -9999.0 -9999.0 -9999.0 -9999.0 -9999.0 -9999.0 -9999.0 00157.092 00159.552 00160.717 00162.209 00163.953 00165.156 00167.571 00169.702 00171.320 00172.132 00172.682 00173.233 00173.786 00174.332 00174.858 00175.334 00175.813 00176.278 00176.728 00177.117 00177.458 00177.677 00177.682 00177.688 00177.692 00177.696 00177.698 00177.697 00177.694 00177.691 00177.688 00177.684 00177.678 00177.676 00177.556 00177.364
-9999.0 -9999.0 -9999.0 -9999.0 -9999.0 -9999.0 -9999.0 -9999.0 -9999.0 -9999.0 -9999.0 -9999.0 -9999.0 -9999.0 -9999.0 -9999.0 -9999.0 -9999.0 -9999.0 -9999.0 -9999.0 -9999.0 -9999.0 -9999.0 -9999.0 00156.158 00158.410 00160.597 00161.056 00163.039 00164.729 00166.505 00168.496 00170.727 00171.746 00172.287 00172.827 00173.359 00173.897 00174.445 00174.883 00175.400 00175.847 00176.293 00176.640 00176.967 00177.273 00177.526 00177.677 00177.678 00177.682 00177.685 00177.686 00177.683 00177.678 00177.677 00177.676 00177.560 00177.392 00177.229 00177.062
-9999.0 -9999.0 -9999.0 -9999.0 -9999.0 -9999.0 -9999.0 -9999.0 -9999.0 -9999.0 -9999.0 -9999.0 -9999.0 -9999.0 -9999.0 -9999.0 -9999.0 -9999.0 -9999.0 -9999.0 -9999.0 -9999.0 -9999.0 -9999.0 -9999.0 -9999.0 00157.257 00159.642 00160.716 00162.172 00163.856 00164.911 00167.353 00169.254 00171.296 00171.895 00172.419 00172.939 00173.469 00174.005 00174.543 00174.897 00175.423 00175.847 00176.172 00176.491 00176.790 00177.025 00177.239 00177.401 00177.538 00177.630 00177.676 00177.632 00177.547 00177.443 00177.327 00177.199 00177.068 00176.912 00176.753
-9999.0 -9999.0 -9999.0 -9999.0 -9999.0 -9999.0 -9999.0 -9999.0 -9999.0 -9999.0 -9999.0 -9999.0 -9999.0 -9999.0 -9999.0 -9999.0 -9999.0 -9999.0 -9999.0 -9999.0 -9999.0 -9999.0 -9999.0 -9999.0 -9999.0 -9999.0 00156.163 00158.368 00160.588 00160.821 00162.877 00164.665 00166.133 00167.881 00169.821 00171.316 00172.014 00172.526 00173.047 00173.573 00174.084 00174.586 00174.900 00175.390 00175.711 00176.023 00176.317 00176.549 00176.754 00176.921 00177.058 00177.150 00177.219 00177.227 00177.148 00177.065 00176.965 00176.853 00176.726 00176.599 00176.443
-9999.0 -9999.0 -9999.0 -9999.0 -9999.0 -9999.0 -9999.0 -9999.0 -9999.0 -9999.0 -9999.0 -9999.0 -9999.0 -9999.0 -9999.0 -9999.0 -9999.0 -9999.0 -9999.0 -9999.0 -9999.0 -9999.0 -9999.0 -9999.0 -9999.0 -9999.0 -9999.0 00157.137 00159.442 00160.690 00161.979 00163.468 00164.792 00166.612 00168.391 00170.310 00171.331 00172.118 00172.630 00173.144 00173.634 00174.117 00174.598 00174.884 00175.257 00175.560 00175.849 00176.076 00176.281 00176.452 00176.590 00176.688 00176.760 00176.821 00176.761 00176.685 00176.603 00176.504 00176.388 00176.264 00176.134
-9999.0 -9999.0 -9999.0 -9999.0 -9999.0 -9999.0 -9999.0 -9999.0 -9999.0 -9999.0 -9999.0 -9999.0 -9999.0 -9999.0 -9999.0 -9999.0 -9999.0 -9999.0 -9999.0 -9999.0 -9999.0 -9999.0 -9999.0 -9999.0 -9999.0 -9999.0 -9999.0 00155.931 00158.077 00160.390 00160.769 00162.386 00163.953 00164.893 00167.036 00168.790 00170.728 00171.717 00172.218 00172.710 00173.192 00173.657 00174.121 00174.493 00174.849 00174.926 00175.390 00175.612 00175.812 00175.992 00176.126 00176.237 00176.317 00176.372 00176.379 00176.311 00176.236 00176.146 00176.049 00175.931 00175.807
-9999.0 -9999.0 -9999.0 -9999.0 -9999.0 -9999.0 -9999.0 -9999.0 -9999.0 -9999.0 -9999.0 -9999.0 -9999.0 -9999.0 -9999.0 -9999.0 -9999.0 -9999.0 -9999.0 -9999.0 -9999.0 -9999.0 -9999.0 -9999.0 -9999.0 -9999.0 -9999.0 -9999.0 00156.710 00158.823 00160.615 00160.972 00162.789 00164.381 00165.601 00167.387 00169.175 00171.130 00171.813 00172.283 00172.749 00173.201 00173.639 00173.996 00174.348 00174.679 00174.882 00174.982 00175.354 00175.536 00175.671 00175.789 00175.876 00175.933 00175.988 00175.931 00175.863 00175.790 00175.697 00175.600 00175.479
-9999.0 -9999.0 -9999.0 -9999.0 -9999.0 -9999.0 -9999.0 -9999.0 -9999.0 -9999.0 -9999.0 -9999.0 -9999.0 -9999.0 -9999.0 -9999.0 -9999.0 -9999.0 -9999.0 -9999.0 -9999.0 -9999.0 -9999.0 -9999.0 -9999.0 -9999.0 -9999.0 -9999.0 -9999.0 00157.290 00159.451 00160.674 00161.745 00163.134 00164.692 00166.089 00167.729 00169.541 00171.300 00171.863 00172.312 00172.753 00173.160 00173.512 00173.854 00174.172 00174.482 00174.729 00174.873 00174.922 00175.205 00175.349 00175.435 00175.500 00175.550 00175.553 00175.491 00175.425 00175.348 00175.252 00174.981
-9999.0 -9999.0 -9999.0 -9999.0 -9999.0 -9999.0 -9999.0 -9999.0 -9999.0 -9999.0 -9999.0 -9999.0 -9999.0 -9999.0 -9999.0 -9999.0 -9999.0 -9999.0 -9999.0 -9999.0 -9999.0 -9999.0 -9999.0 -9999.0 -9999.0 -9999.0 -9999.0 -9999.0 -9999.0 00155.857 00157.813 00160.005 00160.722 00162.023 00163.438 00164.766 00166.397 00168.046 00169.777 00171.306 00171.883 00172.311 00172.689 00173.034 00173.369 00173.676 00173.979 00174.216 00174.439 00174.659 00174.815 00174.874 00174.898 00174.918 00174.932 00175.023 00174.930 00174.914 00174.895 00174.872 00174.841
-9999.0 -9999.0 -9999.0 -9999.0 -9999.0 -9999.0 -9999.0 -9999.0 -9999.0 -9999.0 -9999.0 -9999.0 -9999.0 -9999.0 -9999.0 -9999.0 -9999.0 -9999.0 -9999.0 -9999.0 -9999.0 -9999.0 -9999.0 -9999.0 -9999.0 -9999.0 -9999.0 -9999.0 -9999.0 -9999.0 00156.336 00158.300 00160.453 00160.765 00162.295 00163.744 00164.832 00166.623 00168.217 00169.894 00171.308 00171.875 00172.227 00172.563 00172.889 00173.190 00173.487 00173.716 00173.938 00174.148 00174.306 00174.452 00174.567 00174.664 00174.728 00174.776 00174.767 00174.698 00174.619 00174.531 00174.415
-9999.0 -9999.0 -9999.0 -9999.0 -9999.0 -9999.0 -9999.0 -9999.0 -9999.0 -9999.0 -9999.0 -9999.0 -9999.0 -9999.0 -9999.0 -9999.0 -9999.0 -9999.0 -9999.0 -9999.0 -9999.0 -9999.0 -9999.0 -9999.0 -9999.0 -9999.0 -9999.0 -9999.0 -9999.0 -9999.0 -9999.0 00156.732 00158.745 00160.600 00160.805 00162.541 00163.999 00164.869 00166.748 00168.283 00169.886 00171.304 00171.771 00172.099 00172.417 00172.713 00173.002 00173.225 00173.445 00173.649 00173.811 00173.955 00174.072 00174.170 00174.237 00174.287 00174.319 00174.252 00174.184 00174.099 00173.999
-9999.0 -9999.0 -9999.0 -9999.0 -9999.0 -9999.0 -9999.0 -9999.0 -9999.0 -9999.0 -9999.0 -9999.0 -9999.0 -9999.0 -9999.0 -9999.0 -9999.0 -9999.0 -9999.0 -9999.0 -9999.0 -9999.0 -9999.0 -9999.0 -9999.0 -9999.0 -9999.0 -9999.0 -9999.0 -9999.0 -9999.0 -9999.0 00157.123 00159.168 00160.639 00161.130 00162.714 00164.154 00164.889 00166.766 00168.240 00169.682 00171.075 00171.335 00171.955 00172.243 00172.525 00172.744 00172.959 00173.161 00173.323 00173.467 00173.588 00173.684 00173.758 00173.811 00173.853 00173.817 00173.749 00173.674 00173.590
-9999.0 -9999.0 -9999.0 -9999.0 -9999.0 -9999.0 -9999.0 -9999.0 -9999.0 -9999.0 -9999.0 -9999.0 -9999.0 -9999.0 -9999.0 -9999.0 -9999.0 -9999.0 -9999.0 -9999.0 -9999.0 -9999.0 -9999.0 -9999.0 -9999.0 -9999.0 -9999.0 -9999.0 -9999.0 -9999.0 -9999.0 -9999.0 -9999.0 00157.474 00159.517 00160.664 00161.473 00162.812 00164.198 00164.885 00166.718 00167.933 00169.216 00170.526 00171.313 00171.781 00172.055 00172.272 00172.482 00172.682 00172.843 00172.986 00173.114 00173.207 00173.286 00173.344 00173.385 00173.385 00173.320 00173.254 00173.173
-9999.0 -9999.0 -9999.0 -9999.0 -9999.0 -9999.0 -9999.0 -9999.0 -9999.0 -9999.0 -9999.0 -9999.0 -9999.0 -9999.0 -9999.0 -9999.0 -9999.0 -9999.0 -9999.0 -9999.0 -9999.0 -9999.0 -9999.0 -9999.0 -9999.0 -9999.0 -9999.0 -9999.0 -9999.0 -9999.0 -9999.0 -9999.0 -9999.0 00155.882 00157.692 00159.727 00160.679 00161.609 00162.818 00164.145 00164.856 00166.357 00167.508 00168.691 00169.871 00171.065 00171.327 00171.807 00172.015 00172.210 00172.374 00172.514 00172.647 00172.739 00172.823 00172.883 00172.924 00172.958 00172.898 00172.835 00172.763
-9999.0 -9999.0 -9999.0 -9999.0 -9999.0 -9999.0 -9999.0 -9999.0 -9999.0 -9999.0 -9999.0 -9999.0 -9999.0 -9999.0 -9999.0 -9999.0 -9999.0 -9999.0 -9999.0 -9999.0 -9999.0 -9999.0 -9999.0 -9999.0 -9999.0 -9999.0 -9999.0 -9999.0 -9999.0 -9999.0 -9999.0 -9999.0 -9999.0 -9999.0 00156.070 00157.831 00159.812 00160.682 00161.541 00162.770 00163.896 00164.769 00165.947 00167.024 00168.073 00169.152 00170.227 00171.152 00171.321 00171.746 00171.913 00172.050 00172.184 00172.279 00172.369 00172.427 00172.471 00172.510 00172.479 00172.421 00172.358
-9999.0 -9999.0 -9999.0 -9999.0 -9999.0 -9999.0 -9999.0 -9999.0 -9999.0 -9999.0 -9999.0 -9999.0 -9999.0 -9999.0 -9999.0 -9999.0 -9999.0 -9999.0 -9999.0 -9999.0 -9999.0 -9999.0 -9999.0 -9999.0 -9999.0 -9999.0 -9999.0 -9999.0 -9999.0 -9999.0 -9999.0 -9999.0 -9999.0 -9999.0 -9999.0 00156.140 00157.861 00159.786 00160.676 00161.222 00162.454 00163.500 00164.619 00164.910 00166.443 00167.411 00168.365 00169.207 00170.055 00170.890 00171.306 00171.327 00171.725 00171.827 00171.917 00171.980 00172.028 00172.065 00172.066 00172.014 00171.955
-9999.0 -9999.0 -9999.0 -9999.0 -9999.0 -9999.0 -9999.0 -9999.0 -9999.0 -9999.0 -9999.0 -9999.0 -9999.0 -9999.0 -9999.0 -9999.0 -9999.0 -9999.0 -9999.0 -9999.0 -9999.0 -9999.0 -9999.0 -9999.0 -9999.0 -9999.0 -9999.0 -9999.0 -9999.0 -9999.0 -9999.0 -9999.0 -9999.0 -9999.0 -9999.0 -9999.0 00156.110 00157.787 00159.629 00160.638 00160.795 00162.116 00163.077 00164.090 00164.778 00165.807 00166.664 00167.436 00168.210 00168.953 00169.656 00170.246 00170.817 00171.284 00171.308 00171.319 00171.327 00171.332 00171.337 00171.329 00171.321
-9999.0 -9999.0 -9999.0 -9999.0 -9999.0 -9999.0 -9999.0 -9999.0 -9999.0 -9999.0 -9999.0 -9999.0 -9999.0 -9999.0 -9999.0 -9999.0 -9999.0 -9999.0 -9999.0 -9999.0 -9999.0 -9999.0 -9999.0 -9999.0 -9999.0 -9999.0 -9999.0 -9999.0 -9999.0 -9999.0 -9999.0 -9999.0 -9999.0 -9999.0 -9999.0 -9999.0 -9999.0 00156.001 00157.480 00159.100 00160.584 00160.736 00161.725 00162.568 00163.478 00164.448 00164.822 00165.815 00166.529 00167.211 00167.836 00168.388 00168.899 00169.374 00169.743 00170.061 00170.314 00170.490 00170.634 00170.572 00170.358
-9999.0 -9999.0 -9999.0 -9999.0 -9999.0 -9999.0 -9999.0 -9999.0 -9999.0 -9999.0 -9999.0 -9999.0 -9999.0 -9999.0 -9999.0 -9999.0 -9999.0 -9999.0 -9999.0 -9999.0 -9999.0 -9999.0 -9999.0 -9999.0 -9999.0 -9999.0 -9999.0 -9999.0 -9999.0 -9999.0 -9999.0 -9999.0 -9999.0 -9999.0 -9999.0 -9999.0 -9999.0 -9999.0 -9999.0 00156.998 00158.499 00160.076 00160.667 00160.807 00162.053 00162.880 00163.628 00164.413 00164.789 00165.100 00166.208 00166.692 00167.174 00167.615 00167.953 00168.287 00168.512 00168.693 00168.820 00168.906 00168.723
-9999.0 -9999.0 -9999.0 -9999.0 -9999.0 -9999.0 -9999.0 -9999.0 -9999.0 -9999.0 -9999.0 -9999.0 -9999.0 -9999.0 -9999.0 -9999.0 -9999.0 -9999.0 -9999.0 -9999.0 -9999.0 -9999.0 -9999.0 -9999.0 -9999.0 -9999.0 -9999.0 -9999.0 -9999.0 -9999.0 -9999.0 -9999.0 -9999.0 -9999.0 -9999.0 -9999.0 -9999.0 -9999.0 -9999.0 -9999.0 00156.428 00157.806 00159.282 00160.584 00160.718 00161.264 00162.152 00162.813 00163.479 00164.174 00164.712 00164.828 00165.033 00166.025 00166.340 00166.640 00166.859 00167.056 00167.192 00167.287 00167.223
-9999.0 -9999.0 -9999.0 -9999.0 -9999.0 -9999.0 -9999.0 -9999.0 -9999.0 -9999.0 -9999.0 -9999.0 -9999.0 -9999.0 -9999.0 -9999.0 -9999.0 -9999.0 -9999.0 -9999.0 -9999.0 -9999.0 -9999.0 -9999.0 -9999.0 -9999.0 -9999.0 -9999.0 -9999.0 -9999.0 -9999.0 -9999.0 -9999.0 -9999.0 -9999.0 -9999.0 -9999.0 -9999.0 -9999.0 -9999.0 -9999.0 00155.750 00157.056 00158.372 00159.781 00160.615 00160.728 00161.041 00162.014 00162.584 00163.159 00163.643 00164.146 00164.626 00164.748 00164.821 00164.879 00164.926 00165.325 00165.641 00165.831
