examples/flatland/Outputs/centerIgnit/d_otherRAWS/flatland_centerIgnit_clockwise1hr_otherRAWS_RAWS/flatland_centerIgnit_clockwise1hr_otherRAWS_RAWS_ArrivalTime.asc
NCOLS 100
NROWS 100
XLLCORNER 20000.000000
YLLCORNER 20000.000000
CELLSIZE 30.000000
NODATA_VALUE -9999.0
[rows 27 to 53 of 100, columns 0 to 60 of 100]
-9999.0 -9999.0 -9999.0 -9999.0 -9999.0 -9999.0 -9999.0 -9999.0 -9999.0 -9999.0 -9999.0 -9999.0 -9999.0 -9999.0 -9999.0 -9999.0 -9999.0 -9999.0 -9999.0 -9999.0 -9999.0 -9999.0 -9999.0 -9999.0 -9999.0 -9999.0 -9999.0 -9999.0 -9999.0 00410.798 00393.074 00375.772 00358.351 00337.005 00316.212 00297.119 00280.473 00264.584 00249.172 00234.686 00222.022 00210.218 00198.596 00187.230 00176.790 00167.116 00158.297 00150.899 00143.887 00137.747 00132.633 00128.487 00125.217 00122.513 00122.942 00124.949 00127.240 00130.025 00133.330 00136.998 00140.715
-9999.0 -9999.0 -9999.0 -9999.0 -9999.0 -9999.0 -9999.0 -9999.0 -9999.0 -9999.0 -9999.0 -9999.0 -9999.0 -9999.0 -9999.0 -9999.0 -9999.0 -9999.0 -9999.0 -9999.0 -9999.0 -9999.0 -9999.0 -9999.0 -9999.0 -9999.0 -9999.0 -9999.0 00417.114 00399.038 00381.668 00364.352 00343.694 00322.495 00301.757 00284.108 00267.663 00251.547 00236.626 00223.005 00209.504 00196.965 00185.342 00174.279 00163.908 00154.226 00144.774 00137.438 00130.382 00124.136 00119.448 00117.105 00115.273 00113.672 00114.959 00116.232 00117.938 00119.975 00123.603 00127.358 00132.067
-9999.0 -9999.0 -9999.0 -9999.0 -9999.0 -9999.0 -9999.0 -9999.0 -9999.0 -9999.0 -9999.0 -9999.0 -9999.0 -9999.0 -9999.0 -9999.0 -9999.0 -9999.0 -9999.0 -9999.0 -9999.0 -9999.0 -9999.0 -9999.0 -9999.0 -9999.0 -9999.0 -9999.0 00405.433 00387.764 00370.359 00351.118 00329.463 00308.267 00289.292 00271.807 00255.042 00239.213 00225.148 00211.528 00198.038 00184.649 00172.635 00161.819 00151.257 00141.439 00131.808 00124.026 00118.200 00114.514 00111.560 00109.303 00107.485 00106.858 00108.181 00109.687 00111.465 00113.782 00116.147 00119.322 00123.746
-9999.0 -9999.0 -9999.0 -9999.0 -9999.0 -9999.0 -9999.0 -9999.0 -9999.0 -9999.0 -9999.0 -9999.0 -9999.0 -9999.0 -9999.0 -9999.0 -9999.0 -9999.0 -9999.0 -9999.0 -9999.0 -9999.0 -9999.0 -9999.0 -9999.0 -9999.0 -9999.0 00413.119 00394.731 00376.842 00358.836 00336.949 00315.460 00295.174 00277.284 00259.950 00243.008 00228.213 00214.222 00200.334 00186.744 00173.573 00160.607 00149.474 00138.902 00128.721 00119.463 00114.460 00110.284 00106.623 00103.673 00101.496 00099.630 00100.076 00101.442 00103.144 00105.271 00107.586 00110.529 00113.730 00117.096
-9999.0 -9999.0 -9999.0 -9999.0 -9999.0 -9999.0 -9999.0 -9999.0 -9999.0 -9999.0 -9999.0 -9999.0 -9999.0 -9999.0 -9999.0 -9999.0 -9999.0 -9999.0 -9999.0 -9999.0 -9999.0 -9999.0 -9999.0 -9999.0 -9999.0 -9999.0 -9999.0 00402.497 00384.290 00366.336 00345.300 00322.957 00301.710 00283.372 00265.655 00248.316 00232.539 00217.946 00203.451 00189.538 00175.901 00162.688 00149.775 00137.108 00126.593 00117.620 00111.721 00106.532 00102.360 00098.716 00095.815 00093.700 00091.822 00093.318 00094.898 00096.762 00099.074 00101.729 00104.922 00108.255 00111.699
-9999.0 -9999.0 -9999.0 -9999.0 -9999.0 -9999.0 -9999.0 -9999.0 -9999.0 -9999.0 -9999.0 -9999.0 -9999.0 -9999.0 -9999.0 -9999.0 -9999.0 -9999.0 -9999.0 -9999.0 -9999.0 -9999.0 -9999.0 -9999.0 -9999.0 -9999.0 00411.121 00392.433 00374.204 00354.945 00332.071 00309.887 00289.675 00271.768 00254.214 00237.422 00222.643 00207.989 00193.570 00179.255 00165.405 00152.071 00139.007 00126.165 00116.466 00110.007 00103.983 00098.596 00094.430 00090.820 00088.010 00085.841 00085.020 00086.659 00088.351 00090.564 00092.922 00096.129 00099.413 00102.762 00107.178
-9999.0 -9999.0 -9999.0 -9999.0 -9999.0 -9999.0 -9999.0 -9999.0 -9999.0 -9999.0 -9999.0 -9999.0 -9999.0 -9999.0 -9999.0 -9999.0 -9999.0 -9999.0 -9999.0 -9999.0 -9999.0 -9999.0 -9999.0 -9999.0 -9999.0 -9999.0 00401.354 00382.561 00364.278 00342.135 00319.347 00297.421 00278.710 00260.350 00242.972 00227.705 00212.962 00198.343 00183.852 00169.548 00155.432 00141.667 00128.462 00117.051 00108.831 00102.385 00096.248 00090.669 00086.509 00082.922 00080.180 00077.929 00078.306 00080.073 00082.057 00084.363 00087.330 00090.577 00093.893 00098.200 00102.680
-9999.0 -9999.0 -9999.0 -9999.0 -9999.0 -9999.0 -9999.0 -9999.0 -9999.0 -9999.0 -9999.0 -9999.0 -9999.0 -9999.0 -9999.0 -9999.0 -9999.0 -9999.0 -9999.0 -9999.0 -9999.0 -9999.0 -9999.0 -9999.0 -9999.0 00413.044 00393.378 00374.186 00353.421 00329.581 00306.927 00286.754 00267.912 00249.742 00233.072 00218.083 00203.390 00188.812 00174.364 00160.026 00145.821 00131.826 00118.767 00110.081 00101.593 00094.756 00088.514 00082.742 00078.589 00075.020 00072.290 00069.878 00071.732 00073.551 00075.851 00078.522 00081.757 00085.030 00089.223 00093.710 00098.209
-9999.0 -9999.0 -9999.0 -9999.0 -9999.0 -9999.0 -9999.0 -9999.0 -9999.0 -9999.0 -9999.0 -9999.0 -9999.0 -9999.0 -9999.0 -9999.0 -9999.0 -9999.0 -9999.0 -9999.0 -9999.0 -9999.0 -9999.0 -9999.0 -9999.0 00405.038 00385.554 00366.233 00343.132 00318.586 00295.358 00276.263 00257.604 00239.445 00224.171 00209.083 00194.106 00179.356 00164.949 00150.638 00136.424 00122.315 00112.109 00103.219 00094.631 00087.114 00080.792 00074.815 00070.669 00067.116 00064.309 00063.294 00065.224 00067.342 00069.711 00072.941 00076.180 00080.241 00084.740 00089.251 00093.977
-9999.0 -9999.0 -9999.0 -9999.0 -9999.0 -9999.0 -9999.0 -9999.0 -9999.0 -9999.0 -9999.0 -9999.0 -9999.0 -9999.0 -9999.0 -9999.0 -9999.0 -9999.0 -9999.0 -9999.0 -9999.0 -9999.0 -9999.0 -9999.0 00417.748 00397.489 00377.950 00358.142 00333.099 00308.624 00286.748 00266.425 00247.403 00230.876 00215.583 00200.413 00185.381 00170.469 00155.611 00141.309 00127.126 00115.223 00105.657 00096.377 00087.698 00079.415 00073.103 00067.045 00062.748 00059.247 00056.345 00056.789 00058.861 00061.122 00064.125 00067.351 00071.245 00075.765 00080.294 00085.022 00089.755
-9999.0 -9999.0 -9999.0 -9999.0 -9999.0 -9999.0 -9999.0 -9999.0 -9999.0 -9999.0 -9999.0 -9999.0 -9999.0 -9999.0 -9999.0 -9999.0 -9999.0 -9999.0 -9999.0 -9999.0 -9999.0 -9999.0 -9999.0 -9999.0 00410.674 00390.624 00371.008 00348.700 00323.361 00299.142 00278.435 00258.239 00238.772 00222.764 00207.088 00191.955 00176.860 00161.811 00146.939 00132.210 00118.544 00108.878 00099.233 00089.733 00080.834 00072.110 00065.430 00059.339 00055.000 00051.533 00048.471 00050.396 00052.682 00055.336 00058.534 00062.243 00066.785 00071.338 00076.067 00080.801 00085.537
-9999.0 -9999.0 -9999.0 -9999.0 -9999.0 -9999.0 -9999.0 -9999.0 -9999.0 -9999.0 -9999.0 -9999.0 -9999.0 -9999.0 -9999.0 -9999.0 -9999.0 -9999.0 -9999.0 -9999.0 -9999.0 -9999.0 -9999.0 -9999.0 00403.733 00383.946 00364.230 00339.784 00314.587 00291.291 00270.390 00250.298 00232.331 00216.400 00200.585 00184.851 00168.726 00153.268 00138.374 00123.627 00112.301 00102.539 00092.881 00083.290 00073.988 00065.254 00057.806 00051.922 00047.312 00043.670 00041.707 00044.155 00046.546 00049.742 00053.190 00057.781 00062.370 00067.111 00071.848 00076.584 00081.319
-9999.0 -9999.0 -9999.0 -9999.0 -9999.0 -9999.0 -9999.0 -9999.0 -9999.0 -9999.0 -9999.0 -9999.0 -9999.0 -9999.0 -9999.0 -9999.0 -9999.0 -9999.0 -9999.0 -9999.0 -9999.0 -9999.0 -9999.0 00419.212 00398.333 00378.184 00357.271 00331.072 00306.012 00283.926 00263.135 00242.824 00226.148 00210.158 00194.368 00178.546 00162.349 00146.225 00130.178 00116.560 00106.296 00096.190 00086.542 00076.892 00067.354 00058.474 00050.363 00044.478 00039.618 00035.564 00035.367 00037.977 00040.926 00044.120 00048.724 00053.351 00058.124 00062.882 00067.628 00072.366 00077.145
-9999.0 -9999.0 -9999.0 -9999.0 -9999.0 -9999.0 -9999.0 -9999.0 -9999.0 -9999.0 -9999.0 -9999.0 -9999.0 -9999.0 -9999.0 -9999.0 -9999.0 -9999.0 -9999.0 -9999.0 -9999.0 -9999.0 -9999.0 00414.048 00393.321 00373.153 00350.639 00324.262 00298.654 00276.758 00255.984 00236.612 00220.524 00204.568 00188.736 00172.539 00156.170 00139.947 00123.965 00111.005 00100.283 00090.062 00080.196 00070.546 00060.926 00051.907 00043.352 00036.999 00031.820 00027.380 00029.122 00032.095 00035.270 00039.622 00044.289 00049.083 00053.868 00058.645 00063.401 00068.194 00073.056
-9999.0 -9999.0 -9999.0 -9999.0 -9999.0 -9999.0 -9999.0 -9999.0 -9999.0 -9999.0 -9999.0 -9999.0 -9999.0 -9999.0 -9999.0 -9999.0 -9999.0 -9999.0 -9999.0 -9999.0 -9999.0 -9999.0 -9999.0 00409.307 00388.715 00368.412 00344.237 00317.834 00293.202 00271.437 00250.154 00231.632 00215.470 00199.431 00183.435 00166.724 00150.372 00134.126 00118.483 00106.394 00094.348 00084.020 00073.856 00064.210 00054.770 00045.533 00036.755 00029.446 00023.895 00019.709 00023.143 00026.380 00030.478 00035.190 00040.003 00044.809 00049.606 00054.390 00059.212 00064.078 00069.330
-9999.0 -9999.0 -9999.0 -9999.0 -9999.0 -9999.0 -9999.0 -9999.0 -9999.0 -9999.0 -9999.0 -9999.0 -9999.0 -9999.0 -9999.0 -9999.0 -9999.0 -9999.0 -9999.0 -9999.0 -9999.0 -9999.0 -9999.0 00405.018 00384.332 00363.822 00338.221 00311.934 00288.065 00266.293 00245.035 00227.677 00211.576 00195.607 00179.520 00162.636 00145.840 00129.149 00114.087 00101.901 00089.789 00077.955 00067.787 00057.939 00048.662 00039.339 00030.190 00021.868 00015.831 00013.665 00017.359 00021.282 00026.054 00030.889 00035.715 00040.529 00045.333 00050.166 00055.046 00060.519 00066.249
-9999.0 -9999.0 -9999.0 -9999.0 -9999.0 -9999.0 -9999.0 -9999.0 -9999.0 -9999.0 -9999.0 -9999.0 -9999.0 -9999.0 -9999.0 -9999.0 -9999.0 -9999.0 -9999.0 -9999.0 -9999.0 -9999.0 -9999.0 00401.688 00381.145 00360.528 00333.449 00306.784 00283.291 00261.422 00240.252 00223.979 00207.890 00191.924 00175.545 00158.657 00141.891 00125.231 00110.916 00097.642 00085.315 00073.154 00061.685 00051.922 00042.542 00033.184 00023.819 00014.687 00007.289 00007.876 00012.042 00016.885 00021.737 00026.582 00031.417 00036.242 00041.083 00045.963 00051.590 00057.390 00063.460
-9999.0 -9999.0 -9999.0 -9999.0 -9999.0 -9999.0 -9999.0 -9999.0 -9999.0 -9999.0 -9999.0 -9999.0 -9999.0 -9999.0 -9999.0 -9999.0 -9999.0 -9999.0 -9999.0 -9999.0 -9999.0 -9999.0 00419.939 00398.632 00378.087 00356.562 00329.357 00302.770 00279.900 00257.929 00237.321 00221.238 00205.282 00189.445 00172.900 00155.881 00138.963 00122.155 00107.847 00094.530 00081.243 00068.707 00056.643 00045.999 00036.392 00027.020 00017.601 00008.171 0.0 00000.000 00007.679 00012.551 00017.416 00022.268 00027.111 00031.962 00036.844 00042.634 00048.467 00054.737 00061.067
-9999.0 -9999.0 -9999.0 -9999.0 -9999.0 -9999.0 -9999.0 -9999.0 -9999.0 -9999.0 -9999.0 -9999.0 -9999.0 -9999.0 -9999.0 -9999.0 -9999.0 -9999.0 -9999.0 -9999.0 -9999.0 -9999.0 00417.750 00396.397 00375.701 00353.182 00325.771 00299.117 00276.567 00254.668 00234.889 00218.824 00203.016 00187.361 00170.707 00153.685 00136.770 00119.939 00105.769 00091.823 00078.137 00064.835 00052.374 00040.526 00030.333 00020.841 00011.398 00000.000 0.0 0.0 00000.000 00008.213 00013.083 00017.946 00022.806 00027.734 00033.646 00039.614 00045.851 00052.201 00058.632
-9999.0 -9999.0 -9999.0 -9999.0 -9999.0 -9999.0 -9999.0 -9999.0 -9999.0 -9999.0 -9999.0 -9999.0 -9999.0 -9999.0 -9999.0 -9999.0 -9999.0 -9999.0 -9999.0 -9999.0 -9999.0 -9999.0 00415.843 00394.567 00373.859 00350.737 00323.382 00297.089 00274.532 00252.491 00233.256 00217.389 00201.647 00186.028 00169.322 00152.286 00135.276 00118.555 00104.107 00089.768 00075.667 00061.805 00048.761 00036.280 00024.253 00014.647 00000.000 0.0 0.0 0.0 0.0 00000.000 00008.746 00013.616 00018.641 00024.535 00030.589 00036.782 00043.134 00051.106 00059.429
-9999.0 -9999.0 -9999.0 -9999.0 -9999.0 -9999.0 -9999.0 -9999.0 -9999.0 -9999.0 -9999.0 -9999.0 -9999.0 -9999.0 -9999.0 -9999.0 -9999.0 -9999.0 -9999.0 -9999.0 -9999.0 -9999.0 00414.751 00393.454 00372.674 00349.055 00321.603 00295.484 00272.882 00250.802 00232.097 00216.442 00200.868 00185.262 00168.378 00151.238 00135.468 00119.782 00103.863 00088.074 00073.375 00059.271 00045.637 00032.489 00019.811 00008.443 0.0 0.0 0.0 0.0 0.0 0.0 00000.000 00009.431 00015.168 00021.192 00027.708 00036.437 00044.908 00053.157 00061.275
-9999.0 -9999.0 -9999.0 -9999.0 -9999.0 -9999.0 -9999.0 -9999.0 -9999.0 -9999.0 -9999.0 -9999.0 -9999.0 -9999.0 -9999.0 -9999.0 -9999.0 -9999.0 -9999.0 -9999.0 -9999.0 -9999.0 00414.089 00392.803 00372.001 00348.125 00320.646 00294.649 00272.055 00249.984 00231.548 00215.873 00200.212 00186.079 00170.639 00154.801 00139.125 00123.680 00108.243 00092.649 00076.948 00061.113 00045.372 00028.603 00014.907 00000.000 0.0 0.0 0.0 0.0 0.0 0.0 00000.000 00005.463 00013.106 00022.142 00030.626 00038.949 00047.286 00055.572 00063.732
-9999.0 -9999.0 -9999.0 -9999.0 -9999.0 -9999.0 -9999.0 -9999.0 -9999.0 -9999.0 -9999.0 -9999.0 -9999.0 -9999.0 -9999.0 -9999.0 -9999.0 -9999.0 -9999.0 -9999.0 -9999.0 -9999.0 00414.041 00392.744 00371.926 00347.989 00320.461 00294.444 00271.797 00249.667 00231.200 00216.975 00202.883 00188.974 00174.117 00158.334 00143.150 00128.057 00112.901 00097.530 00082.149 00066.767 00051.453 00036.137 00020.785 00000.000 0.0 0.0 0.0 0.0 0.0 0.0 0.0 00008.183 00016.887 00025.415 00033.792 00042.148 00050.471 00058.759 00066.849
-9999.0 -9999.0 -9999.0 -9999.0 -9999.0 -9999.0 -9999.0 -9999.0 -9999.0 -9999.0 -9999.0 -9999.0 -9999.0 -9999.0 -9999.0 -9999.0 -9999.0 -9999.0 -9999.0 -9999.0 -9999.0 -9999.0 00414.179 00392.993 00372.420 00348.978 00321.761 00295.867 00273.690 00252.066 00233.851 00219.655 00205.709 00192.037 00178.015 00162.749 00147.640 00133.305 00118.676 00103.287 00088.294 00073.370 00058.440 00043.567 00029.039 00015.351 00000.000 0.0 0.0 0.0 0.0 0.0 00000.000 00013.368 00021.752 00030.140 00038.490 00046.816 00055.116 00063.302 00071.269
-9999.0 -9999.0 -9999.0 -9999.0 -9999.0 -9999.0 -9999.0 -9999.0 -9999.0 -9999.0 -9999.0 -9999.0 -9999.0 -9999.0 -9999.0 -9999.0 -9999.0 -9999.0 -9999.0 -9999.0 -9999.0 -9999.0 00417.423 00396.243 00375.712 00353.409 00326.183 00299.675 00277.572 00255.982 00236.506 00222.583 00208.804 00195.611 00182.267 00167.591 00153.149 00138.781 00125.274 00110.811 00095.884 00080.940 00066.700 00053.099 00039.529 00026.070 00012.542 0.0 0.0 0.0 0.0 00000.000 00010.532 00018.901 00027.242 00035.556 00043.839 00052.093 00060.316 00068.284 00076.138
-9999.0 -9999.0 -9999.0 -9999.0 -9999.0 -9999.0 -9999.0 -9999.0 -9999.0 -9999.0 -9999.0 -9999.0 -9999.0 -9999.0 -9999.0 -9999.0 -9999.0 -9999.0 -9999.0 -9999.0 -9999.0 -9999.0 -9999.0 00399.620 00379.216 00358.235 00331.062 00304.491 00281.788 00260.351 00239.601 00225.762 00212.559 00199.442 00186.882 00173.147 00158.671 00145.267 00132.142 00118.442 00104.301 00090.596 00076.944 00063.474 00050.146 00036.759 00023.292 00000.000 0.0 0.0 0.0 00007.694 00016.073 00024.425 00032.746 00041.038 00049.301 00057.530 00065.588 00073.451 00081.282
-9999.0 -9999.0 -9999.0 -9999.0 -9999.0 -9999.0 -9999.0 -9999.0 -9999.0 -9999.0 -9999.0 -9999.0 -9999.0 -9999.0 -9999.0 -9999.0 -9999.0 -9999.0 -9999.0 -9999.0 -9999.0 -9999.0 -9999.0 00403.528 00383.120 00362.783 00336.713 00310.280 00286.722 00265.182 00244.525 00229.661 00216.431 00203.871 00191.623 00178.716 00165.312 00152.060 00139.058 00127.111 00114.428 00100.746 00087.397 00074.058 00060.724 00047.396 00033.991 00020.511 00000.000 0.0 00000.000 00013.304 00021.715 00030.038 00038.290 00046.483 00054.715 00062.859 00070.780 00078.629 00086.461
