examples/flatland/Outputs/centerIgnit/d_otherRAWS/flatland_centerIgnit_clockwise1hr_otherRAWS_RAWS/flatland_centerIgnit_clockwise1hr_otherRAWS_RAWS_SpreadRate.asc
NCOLS 100
NROWS 100
XLLCORNER 20000.000000
YLLCORNER 20000.000000
CELLSIZE 30.000000
NODATA_VALUE -9999.0
[rows 33 to 65 of 100, columns 0 to 72 of 100]
-9999.0 -9999.0 -9999.0 -9999.0 -9999.0 -9999.0 -9999.0 -9999.0 -9999.0 -9999.0 -9999.0 -9999.0 -9999.0 -9999.0 -9999.0 -9999.0 -9999.0 -9999.0 -9999.0 -9999.0 -9999.0 -9999.0 -9999.0 -9999.0 -9999.0 -9999.0 01.44 01.50 01.20 01.14 01.17 01.37 01.40 01.44 01.61 01.70 01.71 01.72 01.74 01.75 01.77 01.78 01.80 02.78 02.90 03.00 03.12 03.26 03.38 03.52 03.70 04.03 04.25 04.42 04.53 04.58 04.63 04.68 04.72 04.73 04.73 04.73 04.73 04.73 04.45 03.67 03.67 03.67 03.67 03.67 03.67 03.68 03.68
-9999.0 -9999.0 -9999.0 -9999.0 -9999.0 -9999.0 -9999.0 -9999.0 -9999.0 -9999.0 -9999.0 -9999.0 -9999.0 -9999.0 -9999.0 -9999.0 -9999.0 -9999.0 -9999.0 -9999.0 -9999.0 -9999.0 -9999.0 -9999.0 -9999.0 01.41 01.47 01.39 01.12 01.15 01.26 01.39 01.42 01.45 01.70 01.71 01.72 01.73 01.75 01.76 01.77 01.78 02.68 02.74 02.86 02.97 03.10 03.25 03.38 03.52 03.74 04.16 04.33 04.50 04.57 04.63 04.67 04.71 04.73 04.73 04.73 04.73 04.73 04.73 04.73 04.36 03.72 03.73 03.74 03.71 03.74 03.77 03.79
-9999.0 -9999.0 -9999.0 -9999.0 -9999.0 -9999.0 -9999.0 -9999.0 -9999.0 -9999.0 -9999.0 -9999.0 -9999.0 -9999.0 -9999.0 -9999.0 -9999.0 -9999.0 -9999.0 -9999.0 -9999.0 -9999.0 -9999.0 -9999.0 -9999.0 01.43 01.49 01.23 01.13 01.15 01.36 01.39 01.43 01.70 01.71 01.72 01.74 01.74 01.75 01.76 01.77 02.33 02.65 02.70 02.81 02.94 03.07 03.24 03.38 03.51 03.86 04.22 04.44 04.55 04.62 04.66 04.70 04.72 04.73 04.73 04.73 04.73 04.73 04.73 04.73 04.72 04.24 03.81 03.82 03.84 03.87 03.88 03.89
-9999.0 -9999.0 -9999.0 -9999.0 -9999.0 -9999.0 -9999.0 -9999.0 -9999.0 -9999.0 -9999.0 -9999.0 -9999.0 -9999.0 -9999.0 -9999.0 -9999.0 -9999.0 -9999.0 -9999.0 -9999.0 -9999.0 -9999.0 -9999.0 01.40 01.46 01.47 01.10 01.13 01.22 01.36 01.40 01.49 01.72 01.73 01.74 01.74 01.74 01.75 01.77 01.78 02.60 02.63 02.68 02.74 02.87 03.04 03.22 03.45 03.73 04.00 04.31 04.58 04.63 04.66 04.69 04.72 04.73 04.73 04.73 04.73 04.73 04.73 04.73 04.72 04.71 04.69 04.08 03.94 03.95 03.97 03.97 03.98
-9999.0 -9999.0 -9999.0 -9999.0 -9999.0 -9999.0 -9999.0 -9999.0 -9999.0 -9999.0 -9999.0 -9999.0 -9999.0 -9999.0 -9999.0 -9999.0 -9999.0 -9999.0 -9999.0 -9999.0 -9999.0 -9999.0 -9999.0 -9999.0 01.42 01.48 01.32 01.11 01.14 01.33 01.37 01.40 01.73 01.73 01.75 01.76 01.73 01.74 01.76 01.77 02.58 02.60 02.61 02.65 02.72 02.82 03.02 03.29 03.47 03.75 04.22 04.41 04.58 04.66 04.70 04.72 04.72 04.73 04.73 04.73 04.73 04.73 04.72 04.71 04.70 04.68 04.65 04.49 04.07 04.07 04.07 04.07 04.07
-9999.0 -9999.0 -9999.0 -9999.0 -9999.0 -9999.0 -9999.0 -9999.0 -9999.0 -9999.0 -9999.0 -9999.0 -9999.0 -9999.0 -9999.0 -9999.0 -9999.0 -9999.0 -9999.0 -9999.0 -9999.0 -9999.0 -9999.0 -9999.0 01.44 01.50 01.18 01.12 01.15 01.35 01.38 01.41 01.75 01.76 01.77 01.76 01.73 01.74 01.76 02.12 02.56 02.59 02.60 02.63 02.70 02.81 03.08 03.25 03.42 03.77 04.26 04.47 04.62 04.66 04.70 04.71 04.71 04.73 04.73 04.73 04.73 04.72 04.71 04.70 04.67 04.65 04.61 04.59 04.27 04.16 04.16 04.15 04.15
-9999.0 -9999.0 -9999.0 -9999.0 -9999.0 -9999.0 -9999.0 -9999.0 -9999.0 -9999.0 -9999.0 -9999.0 -9999.0 -9999.0 -9999.0 -9999.0 -9999.0 -9999.0 -9999.0 -9999.0 -9999.0 -9999.0 -9999.0 01.39 01.45 01.47 01.09 01.12 01.24 01.35 01.39 01.65 01.76 01.77 01.79 01.72 01.73 01.74 01.76 02.47 02.52 02.57 02.60 02.60 02.66 02.88 03.02 03.20 03.44 03.87 04.23 04.53 04.64 04.68 04.69 04.69 04.69 04.71 04.73 04.73 04.72 04.71 04.69 04.67 04.64 04.62 04.58 04.55 04.43 04.24 04.23 04.22 04.21
-9999.0 -9999.0 -9999.0 -9999.0 -9999.0 -9999.0 -9999.0 -9999.0 -9999.0 -9999.0 -9999.0 -9999.0 -9999.0 -9999.0 -9999.0 -9999.0 -9999.0 -9999.0 -9999.0 -9999.0 -9999.0 -9999.0 -9999.0 01.41 01.47 01.36 01.10 01.13 01.32 01.36 01.39 01.77 01.78 01.79 01.80 01.73 01.74 01.75 02.00 02.41 02.49 02.53 02.59 02.60 02.71 02.80 02.95 03.16 03.45 04.02 04.36 04.62 04.66 04.67 04.67 04.67 04.68 04.69 04.71 04.72 04.71 04.69 04.66 04.63 04.60 04.57 04.53 04.51 04.47 04.31 04.31 04.31 04.30
-9999.0 -9999.0 -9999.0 -9999.0 -9999.0 -9999.0 -9999.0 -9999.0 -9999.0 -9999.0 -9999.0 -9999.0 -9999.0 -9999.0 -9999.0 -9999.0 -9999.0 -9999.0 -9999.0 -9999.0 -9999.0 -9999.0 -9999.0 01.42 01.48 01.26 01.10 01.13 01.33 01.36 01.40 01.79 01.80 01.81 01.77 01.73 01.74 01.75 02.30 02.36 02.45 02.48 02.56 02.64 02.70 02.73 02.87 03.07 03.39 04.16 04.44 04.61 04.65 04.65 04.65 04.66 04.67 04.68 04.68 04.68 04.67 04.65 04.62 04.58 04.54 04.50 04.49 04.46 04.36 04.40 04.41 04.40 04.38
-9999.0 -9999.0 -9999.0 -9999.0 -9999.0 -9999.0 -9999.0 -9999.0 -9999.0 -9999.0 -9999.0 -9999.0 -9999.0 -9999.0 -9999.0 -9999.0 -9999.0 -9999.0 -9999.0 -9999.0 -9999.0 -9999.0 -9999.0 01.43 01.50 01.16 01.11 01.15 01.33 01.37 01.58 01.81 01.82 01.84 01.72 01.74 01.75 01.76 02.25 02.30 02.37 02.43 02.51 02.69 02.69 02.69 02.76 02.99 03.57 04.19 04.48 04.63 04.63 04.64 04.65 04.66 04.66 04.66 04.64 04.61 04.62 04.60 04.57 04.53 04.46 04.41 04.36 04.27 04.20 04.37 04.51 04.50 04.48
-9999.0 -9999.0 -9999.0 -9999.0 -9999.0 -9999.0 -9999.0 -9999.0 -9999.0 -9999.0 -9999.0 -9999.0 -9999.0 -9999.0 -9999.0 -9999.0 -9999.0 -9999.0 -9999.0 -9999.0 -9999.0 -9999.0 -9999.0 01.44 01.51 01.09 01.11 01.22 01.34 01.37 01.80 01.83 01.85 01.86 01.73 01.74 01.75 01.86 02.21 02.25 02.31 02.38 02.53 02.64 02.69 02.68 02.69 02.83 03.59 04.36 04.61 04.61 04.62 04.63 04.64 04.65 04.64 04.62 04.57 04.53 04.54 04.55 04.47 04.39 04.36 04.31 04.18 04.10 04.05 04.39 04.60 04.61 04.58
-9999.0 -9999.0 -9999.0 -9999.0 -9999.0 -9999.0 -9999.0 -9999.0 -9999.0 -9999.0 -9999.0 -9999.0 -9999.0 -9999.0 -9999.0 -9999.0 -9999.0 -9999.0 -9999.0 -9999.0 -9999.0 -9999.0 01.39 01.45 01.47 01.08 01.11 01.27 01.34 01.37 01.84 01.85 01.87 01.87 01.74 01.75 01.76 02.02 02.17 02.20 02.25 02.31 02.48 02.57 02.67 02.67 02.66 02.66 -9999.0 -9999.00 04.59 04.60 04.61 04.62 04.63 04.62 04.59 04.55 04.50 04.41 04.41 04.37 04.28 04.22 04.15 04.06 03.98 03.94 03.91 04.44 04.64 04.66 04.65
-9999.0 -9999.0 -9999.0 -9999.0 -9999.0 -9999.0 -9999.0 -9999.0 -9999.0 -9999.0 -9999.0 -9999.0 -9999.0 -9999.0 -9999.0 -9999.0 -9999.0 -9999.0 -9999.0 -9999.0 -9999.0 -9999.0 01.40 01.46 01.42 01.09 01.11 01.31 01.34 01.38 01.85 01.87 01.89 01.89 01.75 01.76 01.78 02.08 02.13 02.16 02.19 02.26 02.38 02.48 02.60 02.66 02.65 -9999.00 -9999.0 -9999.0 -9999.00 04.59 04.60 04.61 04.60 04.57 04.53 04.44 04.29 04.22 04.15 04.12 04.06 03.96 03.86 03.85 03.84 03.82 03.80 04.57 04.68 04.68 04.66
-9999.0 -9999.0 -9999.0 -9999.0 -9999.0 -9999.0 -9999.0 -9999.0 -9999.0 -9999.0 -9999.0 -9999.0 -9999.0 -9999.0 -9999.0 -9999.0 -9999.0 -9999.0 -9999.0 -9999.0 -9999.0 -9999.0 01.40 01.46 01.38 01.09 01.11 01.32 01.35 01.38 01.88 01.90 01.92 01.90 01.76 01.78 01.80 02.02 02.03 02.08 02.10 02.23 02.26 02.38 02.48 02.65 -9999.00 -9999.0 -9999.0 -9999.0 -9999.0 -9999.00 04.59 04.59 04.53 04.37 04.33 04.18 04.06 03.96 03.79 03.86 03.83 03.79 03.76 03.75 03.74 03.72 03.91 04.61 04.69 04.69 04.68
-9999.0 -9999.0 -9999.0 -9999.0 -9999.0 -9999.0 -9999.0 -9999.0 -9999.0 -9999.0 -9999.0 -9999.0 -9999.0 -9999.0 -9999.0 -9999.0 -9999.0 -9999.0 -9999.0 -9999.0 -9999.0 -9999.0 01.40 01.47 01.35 01.09 01.11 01.32 01.35 01.38 01.90 01.93 01.97 01.93 01.79 01.82 01.83 01.94 01.93 01.96 02.01 02.07 02.13 02.21 02.30 02.61 -9999.0 -9999.0 -9999.0 -9999.0 -9999.0 -9999.0 -9999.00 04.50 04.26 04.10 03.98 03.81 03.73 03.60 03.58 03.68 03.68 03.66 03.65 03.66 03.65 03.64 04.11 04.64 04.70 04.70 04.68
-9999.0 -9999.0 -9999.0 -9999.0 -9999.0 -9999.0 -9999.0 -9999.0 -9999.0 -9999.0 -9999.0 -9999.0 -9999.0 -9999.0 -9999.0 -9999.0 -9999.0 -9999.0 -9999.0 -9999.0 -9999.0 -9999.0 01.41 01.47 01.33 01.09 01.11 01.32 01.35 01.39 01.94 01.98 02.01 02.01 01.83 01.85 01.88 01.89 01.87 01.88 01.90 01.93 01.98 01.94 02.06 -9999.00 -9999.0 -9999.0 -9999.0 -9999.0 -9999.0 -9999.0 -9999.00 04.12 03.84 03.70 03.42 03.41 03.44 03.43 03.50 03.56 03.56 03.55 03.55 03.55 03.55 03.54 04.45 04.68 04.70 04.70 04.69
-9999.0 -9999.0 -9999.0 -9999.0 -9999.0 -9999.0 -9999.0 -9999.0 -9999.0 -9999.0 -9999.0 -9999.0 -9999.0 -9999.0 -9999.0 -9999.0 -9999.0 -9999.0 -9999.0 -9999.0 -9999.0 -9999.0 01.41 01.47 01.33 01.09 01.11 01.32 01.35 01.39 02.01 02.04 02.08 02.12 01.86 01.88 01.91 01.93 01.84 01.84 01.83 01.82 01.86 01.81 01.87 -9999.00 -9999.0 -9999.0 -9999.0 -9999.0 -9999.0 -9999.0 -9999.0 03.20 03.26 03.28 03.25 03.26 03.28 03.29 03.42 03.44 03.44 03.44 03.41 03.41 03.41 03.76 04.59 04.70 04.70 04.69 04.68
-9999.0 -9999.0 -9999.0 -9999.0 -9999.0 -9999.0 -9999.0 -9999.0 -9999.0 -9999.0 -9999.0 -9999.0 -9999.0 -9999.0 -9999.0 -9999.0 -9999.0 -9999.0 -9999.0 -9999.0 -9999.0 -9999.0 01.41 01.47 01.34 01.09 01.11 01.32 01.36 01.39 02.05 02.09 02.14 02.17 01.88 01.90 01.93 01.96 01.82 01.81 01.81 01.80 01.81 01.79 01.77 01.74 -9999.00 -9999.0 -9999.0 -9999.0 -9999.0 -9999.0 -9999.00 02.99 03.02 03.06 03.09 03.11 03.14 03.22 03.31 03.32 03.33 03.32 03.32 03.32 03.32 04.27 04.63 04.69 04.69 04.69 04.68
-9999.0 -9999.0 -9999.0 -9999.0 -9999.0 -9999.0 -9999.0 -9999.0 -9999.0 -9999.0 -9999.0 -9999.0 -9999.0 -9999.0 -9999.0 -9999.0 -9999.0 -9999.0 -9999.0 -9999.0 -9999.0 -9999.0 01.40 01.46 01.42 01.08 01.11 01.32 01.36 01.39 02.08 02.12 02.17 02.20 02.00 01.93 01.95 01.98 01.95 01.79 01.79 01.78 01.78 01.77 01.75 01.74 01.73 -9999.0 -9999.0 -9999.0 -9999.0 -9999.00 02.98 02.99 03.00 03.02 03.03 03.04 03.07 03.20 03.22 03.23 03.24 03.25 03.25 03.26 03.74 04.55 04.66 04.68 04.68 04.68 04.67
-9999.0 -9999.0 -9999.0 -9999.0 -9999.0 -9999.0 -9999.0 -9999.0 -9999.0 -9999.0 -9999.0 -9999.0 -9999.0 -9999.0 -9999.0 -9999.0 -9999.0 -9999.0 -9999.0 -9999.0 -9999.0 -9999.0 -9999.0 01.45 01.49 01.08 01.10 01.26 01.36 01.39 02.11 02.15 02.19 02.23 02.23 01.94 01.97 02.01 02.04 01.78 01.78 01.77 01.77 01.77 01.76 01.75 01.74 -9999.00 -9999.0 -9999.0 -9999.0 02.98 02.99 03.00 03.01 03.02 03.03 03.05 03.16 03.19 03.20 03.20 03.20 03.20 03.20 03.27 04.47 04.62 04.66 04.66 04.66 04.65 04.65
-9999.0 -9999.0 -9999.0 -9999.0 -9999.0 -9999.0 -9999.0 -9999.0 -9999.0 -9999.0 -9999.0 -9999.0 -9999.0 -9999.0 -9999.0 -9999.0 -9999.0 -9999.0 -9999.0 -9999.0 -9999.0 -9999.0 -9999.0 01.44 01.50 01.13 01.10 01.17 01.35 01.39 01.79 02.18 02.21 02.26 02.30 01.96 01.99 02.03 02.09 02.09 01.77 01.76 01.76 01.76 01.77 01.76 01.75 01.74 -9999.00 -9999.0 -9999.00 02.84 02.87 02.91 02.95 02.98 03.00 03.06 03.15 03.18 03.18 03.19 03.20 03.20 03.20 04.05 04.56 04.64 04.65 04.65 04.64 04.64 04.63
-9999.0 -9999.0 -9999.0 -9999.0 -9999.0 -9999.0 -9999.0 -9999.0 -9999.0 -9999.0 -9999.0 -9999.0 -9999.0 -9999.0 -9999.0 -9999.0 -9999.0 -9999.0 -9999.0 -9999.0 -9999.0 -9999.0 -9999.0 01.42 01.49 01.24 01.10 01.12 01.35 01.38 01.42 02.20 02.24 02.29 02.35 02.25 02.02 02.06 02.12 02.15 01.99 01.76 01.76 01.76 01.76 01.76 01.75 01.73 01.76 -9999.00 02.27 02.53 02.63 02.71 02.77 02.82 02.90 03.04 03.09 03.11 03.12 03.13 03.14 03.15 03.62 04.51 04.63 04.65 04.64 04.63 04.63 04.62 04.62
-9999.0 -9999.0 -9999.0 -9999.0 -9999.0 -9999.0 -9999.0 -9999.0 -9999.0 -9999.0 -9999.0 -9999.0 -9999.0 -9999.0 -9999.0 -9999.0 -9999.0 -9999.0 -9999.0 -9999.0 -9999.0 -9999.0 -9999.0 01.41 01.47 01.35 01.09 01.12 01.34 01.38 01.41 02.22 02.27 02.33 02.38 02.40 02.03 02.08 02.13 02.16 02.19 01.86 01.76 01.76 01.76 01.76 01.75 01.74 01.74 01.84 02.07 02.30 02.43 02.54 02.62 02.70 02.89 02.94 02.96 03.00 03.03 03.06 03.07 03.23 04.44 04.58 04.63 04.64 04.63 04.62 04.62 04.61 04.60
-9999.0 -9999.0 -9999.0 -9999.0 -9999.0 -9999.0 -9999.0 -9999.0 -9999.0 -9999.0 -9999.0 -9999.0 -9999.0 -9999.0 -9999.0 -9999.0 -9999.0 -9999.0 -9999.0 -9999.0 -9999.0 -9999.0 -9999.0 01.39 01.45 01.48 01.08 01.11 01.25 01.38 01.41 01.85 02.30 02.35 02.40 02.45 02.39 02.10 02.15 02.17 02.19 02.18 01.76 01.76 01.76 01.76 01.76 01.76 01.76 01.83 01.99 02.21 02.34 02.42 02.50 02.64 02.71 02.77 02.82 02.86 02.90 02.93 02.97 04.14 04.52 04.60 04.61 04.62 04.62 04.61 04.61 04.60 04.59
-9999.0 -9999.0 -9999.0 -9999.0 -9999.0 -9999.0 -9999.0 -9999.0 -9999.0 -9999.0 -9999.0 -9999.0 -9999.0 -9999.0 -9999.0 -9999.0 -9999.0 -9999.0 -9999.0 -9999.0 -9999.0 -9999.0 -9999.0 -9999.0 01.43 01.50 01.19 01.11 01.13 01.37 01.40 01.44 02.32 02.37 02.42 02.48 02.53 02.29 02.15 02.17 02.19 02.20 02.19 01.76 01.76 01.76 01.77 01.78 01.80 01.84 01.97 02.11 02.27 02.41 02.48 02.54 02.60 02.66 02.71 02.75 02.79 02.82 03.86 04.44 04.55 04.58 04.59 04.59 04.59 04.59 04.59 04.59 04.58
-9999.0 -9999.0 -9999.0 -9999.0 -9999.0 -9999.0 -9999.0 -9999.0 -9999.0 -9999.0 -9999.0 -9999.0 -9999.0 -9999.0 -9999.0 -9999.0 -9999.0 -9999.0 -9999.0 -9999.0 -9999.0 -9999.0 -9999.0 -9999.0 01.41 01.47 01.35 01.10 01.13 01.35 01.40 01.43 02.10 02.39 02.44 02.50 02.57 02.59 02.15 02.17 02.18 02.21 02.24 02.23 01.76 01.77 01.78 01.79 01.82 01.86 01.95 02.09 02.27 02.35 02.41 02.47 02.52 02.57 02.63 02.67 02.79 03.96 04.33 04.48 04.53 04.54 04.55 04.56 04.57 04.57 04.57 04.57 04.56
-9999.0 -9999.0 -9999.0 -9999.0 -9999.0 -9999.0 -9999.0 -9999.0 -9999.0 -9999.0 -9999.0 -9999.0 -9999.0 -9999.0 -9999.0 -9999.0 -9999.0 -9999.0 -9999.0 -9999.0 -9999.0 -9999.0 -9999.0 -9999.0 01.39 01.45 01.51 01.10 01.12 01.19 01.39 01.43 01.46 02.40 02.46 02.53 02.60 02.63 02.61 02.16 02.18 02.21 02.26 02.33 02.36 01.80 01.78 01.80 01.82 01.85 01.93 02.07 02.18 02.27 02.34 02.40 02.43 02.49 02.56 03.10 04.13 04.29 04.38 04.41 04.46 04.50 04.52 04.52 04.54 04.54 04.55 04.54 04.57
-9999.0 -9999.0 -9999.0 -9999.0 -9999.0 -9999.0 -9999.0 -9999.0 -9999.0 -9999.0 -9999.0 -9999.0 -9999.0 -9999.0 -9999.0 -9999.0 -9999.0 -9999.0 -9999.0 -9999.0 -9999.0 -9999.0 -9999.0 -9999.0 -9999.0 01.43 01.49 01.26 01.11 01.14 01.38 01.42 01.45 02.05 02.48 02.55 02.60 02.64 02.66 02.55 02.19 02.22 02.27 02.36 02.45 02.50 02.27 01.81 01.83 01.86 01.91 01.98 02.12 02.24 02.29 02.33 02.38 02.75 03.69 04.10 04.26 04.31 04.35 04.37 04.39 04.43 04.46 04.48 04.50 04.52 04.52 04.56 04.59
-9999.0 -9999.0 -9999.0 -9999.0 -9999.0 -9999.0 -9999.0 -9999.0 -9999.0 -9999.0 -9999.0 -9999.0 -9999.0 -9999.0 -9999.0 -9999.0 -9999.0 -9999.0 -9999.0 -9999.0 -9999.0 -9999.0 -9999.0 -9999.0 -9999.0 01.40 01.46 01.46 01.10 01.13 01.19 01.41 01.44 01.49 02.51 02.57 02.61 02.64 02.66 02.67 02.46 02.23 02.28 02.38 02.46 02.55 02.62 02.67 02.49 02.05 01.89 01.97 02.07 02.17 02.34 02.94 03.68 03.90 04.06 04.15 04.23 04.28 04.30 04.34 04.36 04.37 04.39 04.42 04.44 04.47 04.53 04.60 04.59
-9999.0 -9999.0 -9999.0 -9999.0 -9999.0 -9999.0 -9999.0 -9999.0 -9999.0 -9999.0 -9999.0 -9999.0 -9999.0 -9999.0 -9999.0 -9999.0 -9999.0 -9999.0 -9999.0 -9999.0 -9999.0 -9999.0 -9999.0 -9999.0 -9999.0 -9999.0 01.43 01.49 01.27 01.12 01.15 01.38 01.44 01.48 01.55 02.57 02.61 02.64 02.65 02.69 02.71 02.45 02.29 02.36 02.46 02.55 02.63 02.74 02.85 02.92 02.96 03.05 03.18 03.47 03.64 03.79 03.92 03.98 04.04 04.10 04.16 04.20 04.23 04.29 04.32 04.34 04.35 04.37 04.39 04.46 04.60 04.60 04.59
-9999.0 -9999.0 -9999.0 -9999.0 -9999.0 -9999.0 -9999.0 -9999.0 -9999.0 -9999.0 -9999.0 -9999.0 -9999.0 -9999.0 -9999.0 -9999.0 -9999.0 -9999.0 -9999.0 -9999.0 -9999.0 -9999.0 -9999.0 -9999.0 -9999.0 -9999.0 01.40 01.46 01.48 01.11 01.14 01.17 01.43 01.46 01.50 02.05 02.61 02.63 02.65 02.69 02.74 02.77 02.50 02.38 02.49 02.55 02.62 02.72 02.84 02.94 03.02 03.13 03.35 03.54 03.67 03.79 03.88 03.94 03.99 04.04 04.09 04.14 04.17 04.21 04.26 04.30 04.31 04.33 04.44 04.59 04.60 04.60 04.58
-9999.0 -9999.0 -9999.0 -9999.0 -9999.0 -9999.0 -9999.0 -9999.0 -9999.0 -9999.0 -9999.0 -9999.0 -9999.0 -9999.0 -9999.0 -9999.0 -9999.0 -9999.0 -9999.0 -9999.0 -9999.0 -9999.0 -9999.0 -9999.0 -9999.0 -9999.0 -9999.0 01.43 01.48 01.32 01.13 01.16 01.28 01.45 01.48 01.52 02.44 02.62 02.65 02.70 02.75 02.80 02.87 02.71 02.49 02.55 02.61 02.71 02.82 02.91 03.00 03.10 03.24 03.41 03.62 03.75 03.81 03.88 03.94 03.98 04.03 04.08 04.12 04.16 04.19 04.24 04.27 04.45 04.58 04.60 04.60 04.59 04.58
-9999.0 -9999.0 -9999.0 -9999.0 -9999.0 -9999.0 -9999.0 -9999.0 -9999.0 -9999.0 -9999.0 -9999.0 -9999.0 -9999.0 -9999.0 -9999.0 -9999.0 -9999.0 -9999.0 -9999.0 -9999.0 -9999.0 -9999.0 -9999.0 -9999.0 -9999.0 -9999.0 01.40 01.45 01.51 01.20 01.15 01.17 01.40 01.47 01.50 01.53 02.62 02.66 02.70 02.75 02.80 02.94 03.02 03.03 02.60 02.61 02.70 02.80 02.89 02.97 03.06 03.18 03.32 03.48 03.69 03.76 03.82 03.88 03.92 03.98 04.04 04.07 04.10 04.14 04.25 04.48 04.57 04.59 04.59 04.58 04.58 04.57
