examples/flatland/Outputs/centerIgnit/d_otherRAWS/flatland_centerIgnit_clockwise1hr_otherRAWS_RAWS/flatland_centerIgnit_clockwise1hr_otherRAWS_RAWS_ArrivalTime.asc
NCOLS 100
NROWS 100
XLLCORNER 20000.000000
YLLCORNER 20000.000000
CELLSIZE 30.000000
NODATA_VALUE -9999.0
[rows 54 to 80 of 100, columns 0 to 60 of 100]
-9999.0 -9999.0 -9999.0 -9999.0 -9999.0 -9999.0 -9999.0 -9999.0 -9999.0 -9999.0 -9999.0 -9999.0 -9999.0 -9999.0 -9999.0 -9999.0 -9999.0 -9999.0 -9999.0 -9999.0 -9999.0 -9999.0 -9999.0 00408.265 00387.728 00367.421 00342.807 00316.522 00292.385 00271.214 00250.511 00233.563 00220.953 00208.600 00196.386 00184.916 00172.109 00159.068 00146.599 00135.409 00124.077 00111.322 00097.983 00084.647 00071.313 00057.985 00044.817 00031.617 00020.399 00000.000 00014.164 00021.828 00029.047 00036.267 00044.356 00052.595 00060.766 00068.631 00076.389 00084.120 00091.835
-9999.0 -9999.0 -9999.0 -9999.0 -9999.0 -9999.0 -9999.0 -9999.0 -9999.0 -9999.0 -9999.0 -9999.0 -9999.0 -9999.0 -9999.0 -9999.0 -9999.0 -9999.0 -9999.0 -9999.0 -9999.0 -9999.0 -9999.0 00413.139 00392.703 00372.729 00350.293 00324.072 00298.687 00277.388 00256.835 00238.182 00225.707 00213.414 00201.862 00190.696 00179.194 00166.218 00154.894 00143.663 00132.833 00121.672 00108.574 00095.246 00081.920 00069.010 00056.078 00044.593 00035.190 00026.513 00026.117 00032.594 00038.590 00045.766 00052.936 00060.136 00067.212 00074.596 00082.375 00090.112 00097.820
-9999.0 -9999.0 -9999.0 -9999.0 -9999.0 -9999.0 -9999.0 -9999.0 -9999.0 -9999.0 -9999.0 -9999.0 -9999.0 -9999.0 -9999.0 -9999.0 -9999.0 -9999.0 -9999.0 -9999.0 -9999.0 -9999.0 -9999.0 00419.145 00398.478 00378.592 00358.128 00331.793 00306.320 00284.636 00264.380 00244.636 00230.586 00218.768 00207.519 00196.548 00185.632 00174.547 00163.199 00152.081 00141.340 00130.615 00119.190 00105.902 00093.180 00080.411 00068.468 00059.095 00050.239 00043.492 00038.873 00044.718 00050.165 00055.958 00062.220 00069.074 00075.850 00082.778 00089.731 00096.704 00103.959
-9999.0 -9999.0 -9999.0 -9999.0 -9999.0 -9999.0 -9999.0 -9999.0 -9999.0 -9999.0 -9999.0 -9999.0 -9999.0 -9999.0 -9999.0 -9999.0 -9999.0 -9999.0 -9999.0 -9999.0 -9999.0 -9999.0 -9999.0 -9999.0 00404.585 00384.538 00364.976 00340.857 00315.659 00292.391 00272.185 00252.383 00235.825 00224.470 00213.304 00202.458 00192.213 00182.532 00171.518 00160.643 00149.866 00139.141 00128.474 00117.300 00104.625 00092.257 00082.722 00073.368 00065.697 00059.562 00054.182 00057.527 00062.258 00067.189 00072.737 00078.281 00084.815 00091.524 00098.213 00105.174 00112.154
-9999.0 -9999.0 -9999.0 -9999.0 -9999.0 -9999.0 -9999.0 -9999.0 -9999.0 -9999.0 -9999.0 -9999.0 -9999.0 -9999.0 -9999.0 -9999.0 -9999.0 -9999.0 -9999.0 -9999.0 -9999.0 -9999.0 -9999.0 -9999.0 00411.642 00391.773 00372.309 00350.489 00325.320 00300.695 00280.205 00261.022 00242.518 00230.197 00219.274 00208.408 00198.992 00189.675 00180.082 00169.232 00158.421 00147.710 00137.369 00127.503 00116.225 00106.363 00096.863 00087.639 00080.932 00075.263 00070.704 00070.635 00074.650 00078.978 00083.647 00089.192 00094.745 00100.601 00107.293 00113.956 00120.446
-9999.0 -9999.0 -9999.0 -9999.0 -9999.0 -9999.0 -9999.0 -9999.0 -9999.0 -9999.0 -9999.0 -9999.0 -9999.0 -9999.0 -9999.0 -9999.0 -9999.0 -9999.0 -9999.0 -9999.0 -9999.0 -9999.0 -9999.0 -9999.0 00419.229 00399.125 00379.868 00360.522 00335.342 00310.808 00289.572 00270.477 00251.778 00236.224 00225.271 00215.222 00205.774 00196.511 00187.604 00177.847 00167.019 00156.310 00146.294 00136.652 00127.863 00120.276 00111.100 00102.833 00096.120 00090.793 00086.739 00083.872 00087.587 00091.199 00095.581 00100.084 00105.626 00111.198 00116.843 00122.249 00127.055
-9999.0 -9999.0 -9999.0 -9999.0 -9999.0 -9999.0 -9999.0 -9999.0 -9999.0 -9999.0 -9999.0 -9999.0 -9999.0 -9999.0 -9999.0 -9999.0 -9999.0 -9999.0 -9999.0 -9999.0 -9999.0 -9999.0 -9999.0 -9999.0 -9999.0 00407.112 00387.592 00368.348 00346.544 00322.595 00299.298 00280.103 00261.700 00243.710 00231.609 00222.046 00212.632 00203.497 00194.652 00185.717 00175.685 00165.222 00155.302 00145.789 00137.792 00130.959 00124.321 00118.021 00111.302 00106.327 00102.426 00099.204 00100.859 00104.191 00107.708 00112.168 00116.659 00121.479 00125.444 00129.051 00132.758
-9999.0 -9999.0 -9999.0 -9999.0 -9999.0 -9999.0 -9999.0 -9999.0 -9999.0 -9999.0 -9999.0 -9999.0 -9999.0 -9999.0 -9999.0 -9999.0 -9999.0 -9999.0 -9999.0 -9999.0 -9999.0 -9999.0 -9999.0 -9999.0 -9999.0 00415.417 00396.213 00377.603 00358.651 00334.539 00311.135 00290.361 00271.846 00253.679 00238.483 00228.889 00219.516 00210.542 00201.668 00192.848 00183.860 00174.241 00164.498 00154.991 00147.651 00140.861 00134.617 00129.645 00124.994 00121.377 00117.985 00115.042 00114.471 00117.425 00120.471 00123.026 00126.209 00128.956 00132.231 00135.521 00138.886
-9999.0 -9999.0 -9999.0 -9999.0 -9999.0 -9999.0 -9999.0 -9999.0 -9999.0 -9999.0 -9999.0 -9999.0 -9999.0 -9999.0 -9999.0 -9999.0 -9999.0 -9999.0 -9999.0 -9999.0 -9999.0 -9999.0 -9999.0 -9999.0 -9999.0 -9999.0 00405.631 00386.896 00368.325 00347.095 00323.750 00301.034 00282.190 00265.373 00248.965 00235.829 00226.565 00217.612 00208.713 00199.908 00191.329 00182.888 00173.741 00164.514 00157.534 00150.774 00144.525 00139.633 00135.324 00132.052 00129.397 00127.603 00126.043 00127.552 00129.229 00131.252 00133.497 00136.121 00138.758 00142.002 00145.272
-9999.0 -9999.0 -9999.0 -9999.0 -9999.0 -9999.0 -9999.0 -9999.0 -9999.0 -9999.0 -9999.0 -9999.0 -9999.0 -9999.0 -9999.0 -9999.0 -9999.0 -9999.0 -9999.0 -9999.0 -9999.0 -9999.0 -9999.0 -9999.0 -9999.0 -9999.0 00415.342 00396.502 00378.301 00360.099 00336.778 00313.810 00294.146 00277.213 00260.722 00244.693 00233.690 00224.710 00215.784 00206.993 00198.649 00190.646 00182.655 00174.490 00167.455 00160.728 00154.468 00149.587 00145.268 00141.822 00138.972 00137.128 00135.772 00135.566 00137.180 00138.827 00140.893 00143.207 00145.833 00148.528 00151.773
-9999.0 -9999.0 -9999.0 -9999.0 -9999.0 -9999.0 -9999.0 -9999.0 -9999.0 -9999.0 -9999.0 -9999.0 -9999.0 -9999.0 -9999.0 -9999.0 -9999.0 -9999.0 -9999.0 -9999.0 -9999.0 -9999.0 -9999.0 -9999.0 -9999.0 -9999.0 -9999.0 00406.717 00388.436 00370.371 00350.102 00328.650 00307.645 00289.279 00272.748 00256.837 00241.426 00231.836 00222.925 00214.156 00205.976 00198.121 00190.509 00183.889 00177.379 00170.722 00164.449 00159.578 00155.235 00151.588 00148.707 00146.638 00145.144 00143.907 00145.139 00146.698 00148.443 00150.513 00152.938 00155.577 00158.329
-9999.0 -9999.0 -9999.0 -9999.0 -9999.0 -9999.0 -9999.0 -9999.0 -9999.0 -9999.0 -9999.0 -9999.0 -9999.0 -9999.0 -9999.0 -9999.0 -9999.0 -9999.0 -9999.0 -9999.0 -9999.0 -9999.0 -9999.0 -9999.0 -9999.0 -9999.0 -9999.0 00417.404 00398.691 00381.239 00364.236 00343.774 00322.563 00302.018 00285.146 00269.236 00253.630 00238.989 00230.096 00221.543 00213.335 00205.603 00198.082 00192.116 00186.404 00180.658 00174.471 00169.611 00165.230 00161.393 00158.496 00156.179 00154.485 00153.288 00153.167 00154.641 00156.191 00158.086 00160.168 00162.706 00165.359
-9999.0 -9999.0 -9999.0 -9999.0 -9999.0 -9999.0 -9999.0 -9999.0 -9999.0 -9999.0 -9999.0 -9999.0 -9999.0 -9999.0 -9999.0 -9999.0 -9999.0 -9999.0 -9999.0 -9999.0 -9999.0 -9999.0 -9999.0 -9999.0 -9999.0 -9999.0 -9999.0 -9999.0 00410.552 00393.148 00376.215 00359.134 00337.963 00317.311 00297.915 00281.827 00266.009 00250.551 00237.295 00228.957 00220.878 00213.186 00205.887 00200.063 00194.418 00189.196 00183.949 00179.683 00175.261 00171.233 00168.326 00165.755 00163.880 00162.654 00161.548 00162.722 00164.150 00165.720 00167.767 00169.862 00172.506
-9999.0 -9999.0 -9999.0 -9999.0 -9999.0 -9999.0 -9999.0 -9999.0 -9999.0 -9999.0 -9999.0 -9999.0 -9999.0 -9999.0 -9999.0 -9999.0 -9999.0 -9999.0 -9999.0 -9999.0 -9999.0 -9999.0 -9999.0 -9999.0 -9999.0 -9999.0 -9999.0 -9999.0 -9999.0 00405.325 00388.336 00371.646 00353.656 00333.234 00313.145 00294.582 00278.602 00263.019 00248.081 00236.396 00228.448 00220.821 00213.885 00208.026 00202.388 00197.240 00192.281 00188.400 00184.655 00180.989 00178.184 00175.378 00173.483 00172.027 00170.971 00170.878 00172.228 00173.708 00175.387 00177.481 00179.694
-9999.0 -9999.0 -9999.0 -9999.0 -9999.0 -9999.0 -9999.0 -9999.0 -9999.0 -9999.0 -9999.0 -9999.0 -9999.0 -9999.0 -9999.0 -9999.0 -9999.0 -9999.0 -9999.0 -9999.0 -9999.0 -9999.0 -9999.0 -9999.0 -9999.0 -9999.0 -9999.0 -9999.0 -9999.0 00418.044 00400.659 00384.137 00367.867 00349.375 00329.048 00309.099 00291.461 00275.770 00261.084 00246.759 00236.045 00228.496 00221.910 00216.026 00210.390 00205.287 00200.355 00196.534 00192.937 00189.512 00187.053 00184.550 00182.760 00181.277 00180.273 00179.416 00180.378 00181.579 00183.010 00184.722 00186.634
-9999.0 -9999.0 -9999.0 -9999.0 -9999.0 -9999.0 -9999.0 -9999.0 -9999.0 -9999.0 -9999.0 -9999.0 -9999.0 -9999.0 -9999.0 -9999.0 -9999.0 -9999.0 -9999.0 -9999.0 -9999.0 -9999.0 -9999.0 -9999.0 -9999.0 -9999.0 -9999.0 -9999.0 -9999.0 -9999.0 00413.804 00396.997 00380.733 00364.505 00345.181 00325.122 00305.441 00289.167 00274.274 00260.125 00246.545 00236.211 00229.961 00224.083 00218.460 00213.373 00208.449 00204.641 00201.022 00197.622 00195.097 00192.746 00190.950 00189.439 00188.433 00187.688 00187.811 00188.908 00190.131 00191.511 00193.330
-9999.0 -9999.0 -9999.0 -9999.0 -9999.0 -9999.0 -9999.0 -9999.0 -9999.0 -9999.0 -9999.0 -9999.0 -9999.0 -9999.0 -9999.0 -9999.0 -9999.0 -9999.0 -9999.0 -9999.0 -9999.0 -9999.0 -9999.0 -9999.0 -9999.0 -9999.0 -9999.0 -9999.0 -9999.0 -9999.0 -9999.0 00410.265 00393.638 00377.405 00361.315 00341.372 00321.999 00303.351 00287.888 00273.703 00260.198 00247.209 00238.040 00232.172 00226.596 00221.505 00216.576 00212.780 00209.138 00205.726 00203.112 00200.747 00198.835 00197.269 00196.209 00195.417 00194.893 00195.970 00197.052 00198.403 00200.009
-9999.0 -9999.0 -9999.0 -9999.0 -9999.0 -9999.0 -9999.0 -9999.0 -9999.0 -9999.0 -9999.0 -9999.0 -9999.0 -9999.0 -9999.0 -9999.0 -9999.0 -9999.0 -9999.0 -9999.0 -9999.0 -9999.0 -9999.0 -9999.0 -9999.0 -9999.0 -9999.0 -9999.0 -9999.0 -9999.0 -9999.0 -9999.0 00406.815 00390.474 00374.387 00358.221 00339.001 00320.109 00302.284 00287.709 00274.097 00261.875 00250.990 00240.530 00234.767 00229.672 00224.738 00220.956 00217.287 00213.867 00211.162 00208.776 00206.733 00205.159 00203.972 00203.109 00202.423 00203.048 00204.107 00205.333 00206.712
-9999.0 -9999.0 -9999.0 -9999.0 -9999.0 -9999.0 -9999.0 -9999.0 -9999.0 -9999.0 -9999.0 -9999.0 -9999.0 -9999.0 -9999.0 -9999.0 -9999.0 -9999.0 -9999.0 -9999.0 -9999.0 -9999.0 -9999.0 -9999.0 -9999.0 -9999.0 -9999.0 -9999.0 -9999.0 -9999.0 -9999.0 -9999.0 -9999.0 00403.692 00387.844 00372.417 00356.242 00337.658 00319.577 00302.465 00288.194 00276.762 00265.692 00255.199 00245.355 00237.873 00232.965 00229.165 00225.468 00222.040 00219.246 00216.835 00214.665 00213.081 00211.767 00210.817 00210.142 00210.170 00211.204 00212.286 00213.654
-9999.0 -9999.0 -9999.0 -9999.0 -9999.0 -9999.0 -9999.0 -9999.0 -9999.0 -9999.0 -9999.0 -9999.0 -9999.0 -9999.0 -9999.0 -9999.0 -9999.0 -9999.0 -9999.0 -9999.0 -9999.0 -9999.0 -9999.0 -9999.0 -9999.0 -9999.0 -9999.0 -9999.0 -9999.0 -9999.0 -9999.0 -9999.0 -9999.0 00417.833 00401.744 00386.253 00371.209 00355.451 00337.581 00320.220 00304.131 00291.871 00280.705 00270.109 00260.315 00251.064 00242.248 00237.406 00233.685 00230.246 00227.369 00224.923 00222.627 00221.038 00219.595 00218.573 00217.883 00217.339 00218.336 00219.375 00220.637
-9999.0 -9999.0 -9999.0 -9999.0 -9999.0 -9999.0 -9999.0 -9999.0 -9999.0 -9999.0 -9999.0 -9999.0 -9999.0 -9999.0 -9999.0 -9999.0 -9999.0 -9999.0 -9999.0 -9999.0 -9999.0 -9999.0 -9999.0 -9999.0 -9999.0 -9999.0 -9999.0 -9999.0 -9999.0 -9999.0 -9999.0 -9999.0 -9999.0 -9999.0 00416.174 00400.519 00385.613 00370.995 00355.847 00338.266 00323.303 00308.926 00296.021 00285.267 00275.537 00266.213 00257.492 00250.388 00243.544 00238.483 00235.525 00233.043 00230.708 00229.026 00227.456 00226.427 00225.646 00224.989 00225.527 00226.523 00227.643
-9999.0 -9999.0 -9999.0 -9999.0 -9999.0 -9999.0 -9999.0 -9999.0 -9999.0 -9999.0 -9999.0 -9999.0 -9999.0 -9999.0 -9999.0 -9999.0 -9999.0 -9999.0 -9999.0 -9999.0 -9999.0 -9999.0 -9999.0 -9999.0 -9999.0 -9999.0 -9999.0 -9999.0 -9999.0 -9999.0 -9999.0 -9999.0 -9999.0 -9999.0 -9999.0 00415.547 00400.294 00385.878 00371.573 00357.693 00342.744 00328.199 00314.373 00301.098 00291.006 00281.626 00273.007 00265.754 00258.795 00252.406 00246.832 00242.199 00238.854 00237.045 00235.443 00234.314 00233.436 00232.786 00232.768 00233.710 00234.763
-9999.0 -9999.0 -9999.0 -9999.0 -9999.0 -9999.0 -9999.0 -9999.0 -9999.0 -9999.0 -9999.0 -9999.0 -9999.0 -9999.0 -9999.0 -9999.0 -9999.0 -9999.0 -9999.0 -9999.0 -9999.0 -9999.0 -9999.0 -9999.0 -9999.0 -9999.0 -9999.0 -9999.0 -9999.0 -9999.0 -9999.0 -9999.0 -9999.0 -9999.0 -9999.0 -9999.0 00415.819 00400.898 00387.037 00374.495 00362.132 00347.959 00334.025 00320.891 00308.445 00297.276 00288.762 00281.381 00274.337 00267.827 00262.096 00257.342 00252.969 00249.367 00246.412 00244.092 00242.285 00241.102 00240.107 00241.750 00243.501
-9999.0 -9999.0 -9999.0 -9999.0 -9999.0 -9999.0 -9999.0 -9999.0 -9999.0 -9999.0 -9999.0 -9999.0 -9999.0 -9999.0 -9999.0 -9999.0 -9999.0 -9999.0 -9999.0 -9999.0 -9999.0 -9999.0 -9999.0 -9999.0 -9999.0 -9999.0 -9999.0 -9999.0 -9999.0 -9999.0 -9999.0 -9999.0 -9999.0 -9999.0 -9999.0 -9999.0 -9999.0 00416.794 00403.663 00390.995 00378.630 00366.752 00353.973 00340.995 00328.506 00316.496 00306.036 00297.251 00290.126 00283.530 00277.607 00272.778 00268.274 00264.412 00261.380 00258.744 00256.813 00255.477 00254.430 00254.872 00256.497
-9999.0 -9999.0 -9999.0 -9999.0 -9999.0 -9999.0 -9999.0 -9999.0 -9999.0 -9999.0 -9999.0 -9999.0 -9999.0 -9999.0 -9999.0 -9999.0 -9999.0 -9999.0 -9999.0 -9999.0 -9999.0 -9999.0 -9999.0 -9999.0 -9999.0 -9999.0 -9999.0 -9999.0 -9999.0 -9999.0 -9999.0 -9999.0 -9999.0 -9999.0 -9999.0 -9999.0 -9999.0 -9999.0 -9999.0 00407.939 00395.516 00383.611 00372.180 00361.231 00348.947 00336.732 00326.538 00316.918 00307.827 00299.473 00293.393 00288.459 00283.859 00279.702 00276.592 00273.669 00271.695 00270.103 00268.984 00268.210 00269.844
-9999.0 -9999.0 -9999.0 -9999.0 -9999.0 -9999.0 -9999.0 -9999.0 -9999.0 -9999.0 -9999.0 -9999.0 -9999.0 -9999.0 -9999.0 -9999.0 -9999.0 -9999.0 -9999.0 -9999.0 -9999.0 -9999.0 -9999.0 -9999.0 -9999.0 -9999.0 -9999.0 -9999.0 -9999.0 -9999.0 -9999.0 -9999.0 -9999.0 -9999.0 -9999.0 -9999.0 -9999.0 -9999.0 -9999.0 -9999.0 00413.004 00400.727 00389.629 00378.672 00368.191 00357.454 00347.427 00337.650 00328.482 00319.888 00312.041 00305.646 00299.680 00295.249 00292.065 00288.996 00286.808 00284.972 00283.732 00282.838 00283.422
-9999.0 -9999.0 -9999.0 -9999.0 -9999.0 -9999.0 -9999.0 -9999.0 -9999.0 -9999.0 -9999.0 -9999.0 -9999.0 -9999.0 -9999.0 -9999.0 -9999.0 -9999.0 -9999.0 -9999.0 -9999.0 -9999.0 -9999.0 -9999.0 -9999.0 -9999.0 -9999.0 -9999.0 -9999.0 -9999.0 -9999.0 -9999.0 -9999.0 -9999.0 -9999.0 -9999.0 -9999.0 -9999.0 -9999.0 -9999.0 -9999.0 00418.990 00407.435 00396.483 00385.860 00376.259 00367.468 00358.738 00349.530 00340.783 00332.900 00326.353 00320.208 00314.289 00310.065 00306.031 00302.831 00300.179 00298.775 00297.793 00297.200
