examples/flatland/Outputs/centerIgnit/d_otherRAWS/flatland_centerIgnit_clockwise1hr_otherRAWS_RAWS/flatland_centerIgnit_clockwise1hr_otherRAWS_RAWS_FlameLength.asc
NCOLS 100
NROWS 100
XLLCORNER 20000.000000
YLLCORNER 20000.000000
CELLSIZE 30.000000
NODATA_VALUE -9999.0
[rows 33 to 65 of 100, columns 0 to 72 of 100]
-9999.0 -9999.0 -9999.0 -9999.0 -9999.0 -9999.0 -9999.0 -9999.0 -9999.0 -9999.0 -9999.0 -9999.0 -9999.0 -9999.0 -9999.0 -9999.0 -9999.0 -9999.0 -9999.0 -9999.0 -9999.0 -9999.0 -9999.0 -9999.0 -9999.0 -9999.0 00.34 00.35 00.32 00.31 00.32 00.34 00.35 00.35 00.37 00.38 00.38 00.39 00.39 00.39 00.39 00.40 00.40 00.49 00.50 00.50 00.51 00.52 00.53 00.54 00.55 00.58 00.59 00.60 00.61 00.61 00.62 00.62 00.62 00.62 00.62 00.62 00.62 00.62 00.60 00.55 00.55 00.55 00.55 00.55 00.55 00.55 00.55
-9999.0 -9999.0 -9999.0 -9999.0 -9999.0 -9999.0 -9999.0 -9999.0 -9999.0 -9999.0 -9999.0 -9999.0 -9999.0 -9999.0 -9999.0 -9999.0 -9999.0 -9999.0 -9999.0 -9999.0 -9999.0 -9999.0 -9999.0 -9999.0 -9999.0 00.34 00.34 00.34 00.31 00.31 00.33 00.34 00.35 00.35 00.38 00.38 00.39 00.39 00.39 00.39 00.39 00.40 00.48 00.48 00.49 00.50 00.51 00.52 00.53 00.54 00.56 00.59 00.60 00.61 00.61 00.62 00.62 00.62 00.62 00.62 00.62 00.62 00.62 00.62 00.62 00.60 00.56 00.56 00.56 00.55 00.56 00.56 00.56
-9999.0 -9999.0 -9999.0 -9999.0 -9999.0 -9999.0 -9999.0 -9999.0 -9999.0 -9999.0 -9999.0 -9999.0 -9999.0 -9999.0 -9999.0 -9999.0 -9999.0 -9999.0 -9999.0 -9999.0 -9999.0 -9999.0 -9999.0 -9999.0 -9999.0 00.34 00.35 00.32 00.31 00.31 00.34 00.34 00.35 00.38 00.38 00.39 00.39 00.39 00.39 00.39 00.39 00.45 00.48 00.48 00.49 00.50 00.51 00.52 00.53 00.54 00.57 00.59 00.60 00.61 00.61 00.62 00.62 00.62 00.62 00.62 00.62 00.62 00.62 00.62 00.62 00.62 00.59 00.56 00.56 00.56 00.56 00.57 00.57
-9999.0 -9999.0 -9999.0 -9999.0 -9999.0 -9999.0 -9999.0 -9999.0 -9999.0 -9999.0 -9999.0 -9999.0 -9999.0 -9999.0 -9999.0 -9999.0 -9999.0 -9999.0 -9999.0 -9999.0 -9999.0 -9999.0 -9999.0 -9999.0 00.33 00.34 00.35 00.30 00.31 00.32 00.34 00.35 00.36 00.38 00.39 00.39 00.39 00.39 00.39 00.39 00.40 00.47 00.47 00.48 00.48 00.49 00.51 00.52 00.54 00.56 00.57 00.59 00.61 00.61 00.62 00.62 00.62 00.62 00.62 00.62 00.62 00.62 00.62 00.62 00.62 00.62 00.62 00.58 00.57 00.57 00.57 00.57 00.57
-9999.0 -9999.0 -9999.0 -9999.0 -9999.0 -9999.0 -9999.0 -9999.0 -9999.0 -9999.0 -9999.0 -9999.0 -9999.0 -9999.0 -9999.0 -9999.0 -9999.0 -9999.0 -9999.0 -9999.0 -9999.0 -9999.0 -9999.0 -9999.0 00.34 00.35 00.33 00.31 00.31 00.34 00.34 00.35 00.38 00.39 00.39 00.39 00.39 00.39 00.39 00.39 00.47 00.47 00.47 00.48 00.48 00.49 00.51 00.52 00.54 00.56 00.59 00.60 00.61 00.62 00.62 00.62 00.62 00.62 00.62 00.62 00.62 00.62 00.62 00.62 00.62 00.62 00.62 00.61 00.58 00.58 00.58 00.58 00.58
-9999.0 -9999.0 -9999.0 -9999.0 -9999.0 -9999.0 -9999.0 -9999.0 -9999.0 -9999.0 -9999.0 -9999.0 -9999.0 -9999.0 -9999.0 -9999.0 -9999.0 -9999.0 -9999.0 -9999.0 -9999.0 -9999.0 -9999.0 -9999.0 00.34 00.35 00.31 00.31 00.31 00.34 00.34 00.35 00.39 00.39 00.39 00.39 00.39 00.39 00.39 00.43 00.47 00.47 00.47 00.47 00.48 00.49 00.51 00.52 00.53 00.56 00.59 00.60 00.61 00.62 00.62 00.62 00.62 00.62 00.62 00.62 00.62 00.62 00.62 00.62 00.62 00.62 00.61 00.61 00.59 00.59 00.58 00.58 00.58
-9999.0 -9999.0 -9999.0 -9999.0 -9999.0 -9999.0 -9999.0 -9999.0 -9999.0 -9999.0 -9999.0 -9999.0 -9999.0 -9999.0 -9999.0 -9999.0 -9999.0 -9999.0 -9999.0 -9999.0 -9999.0 -9999.0 -9999.0 00.33 00.34 00.35 00.30 00.31 00.32 00.34 00.35 00.38 00.39 00.39 00.39 00.39 00.39 00.39 00.39 00.46 00.47 00.47 00.47 00.47 00.48 00.49 00.50 00.52 00.53 00.56 00.59 00.61 00.61 00.62 00.62 00.62 00.62 00.62 00.62 00.62 00.62 00.62 00.62 00.62 00.62 00.61 00.61 00.61 00.60 00.59 00.59 00.59 00.59
-9999.0 -9999.0 -9999.0 -9999.0 -9999.0 -9999.0 -9999.0 -9999.0 -9999.0 -9999.0 -9999.0 -9999.0 -9999.0 -9999.0 -9999.0 -9999.0 -9999.0 -9999.0 -9999.0 -9999.0 -9999.0 -9999.0 -9999.0 00.34 00.34 00.33 00.30 00.31 00.33 00.34 00.35 00.39 00.39 00.39 00.39 00.39 00.39 00.39 00.42 00.45 00.46 00.47 00.47 00.47 00.48 00.49 00.50 00.51 00.53 00.57 00.60 00.61 00.61 00.61 00.62 00.62 00.62 00.62 00.62 00.62 00.62 00.62 00.62 00.61 00.61 00.61 00.61 00.61 00.61 00.60 00.59 00.59 00.59
-9999.0 -9999.0 -9999.0 -9999.0 -9999.0 -9999.0 -9999.0 -9999.0 -9999.0 -9999.0 -9999.0 -9999.0 -9999.0 -9999.0 -9999.0 -9999.0 -9999.0 -9999.0 -9999.0 -9999.0 -9999.0 -9999.0 -9999.0 00.34 00.35 00.32 00.30 00.31 00.34 00.34 00.35 00.39 00.39 00.40 00.39 00.39 00.39 00.39 00.45 00.45 00.46 00.46 00.47 00.47 00.48 00.48 00.49 00.51 00.53 00.58 00.60 00.61 00.61 00.61 00.61 00.62 00.62 00.62 00.62 00.62 00.62 00.62 00.61 00.61 00.61 00.61 00.61 00.60 00.60 00.60 00.60 00.60 00.60
-9999.0 -9999.0 -9999.0 -9999.0 -9999.0 -9999.0 -9999.0 -9999.0 -9999.0 -9999.0 -9999.0 -9999.0 -9999.0 -9999.0 -9999.0 -9999.0 -9999.0 -9999.0 -9999.0 -9999.0 -9999.0 -9999.0 -9999.0 00.34 00.35 00.31 00.31 00.31 00.34 00.34 00.37 00.39 00.40 00.40 00.39 00.39 00.39 00.39 00.44 00.45 00.45 00.46 00.46 00.48 00.48 00.48 00.48 00.50 00.54 00.58 00.60 00.61 00.61 00.61 00.61 00.61 00.62 00.62 00.61 00.61 00.61 00.61 00.61 00.61 00.60 00.60 00.60 00.59 00.59 00.60 00.61 00.61 00.60
-9999.0 -9999.0 -9999.0 -9999.0 -9999.0 -9999.0 -9999.0 -9999.0 -9999.0 -9999.0 -9999.0 -9999.0 -9999.0 -9999.0 -9999.0 -9999.0 -9999.0 -9999.0 -9999.0 -9999.0 -9999.0 -9999.0 -9999.0 00.34 00.35 00.30 00.31 00.32 00.34 00.34 00.39 00.40 00.40 00.40 00.39 00.39 00.39 00.40 00.44 00.44 00.45 00.45 00.47 00.47 00.48 00.48 00.48 00.49 00.54 00.59 00.61 00.61 00.61 00.61 00.61 00.61 00.61 00.61 00.61 00.61 00.61 00.61 00.61 00.60 00.60 00.59 00.59 00.58 00.58 00.60 00.61 00.61 00.61
-9999.0 -9999.0 -9999.0 -9999.0 -9999.0 -9999.0 -9999.0 -9999.0 -9999.0 -9999.0 -9999.0 -9999.0 -9999.0 -9999.0 -9999.0 -9999.0 -9999.0 -9999.0 -9999.0 -9999.0 -9999.0 -9999.0 00.33 00.34 00.35 00.30 00.31 00.33 00.34 00.34 00.40 00.40 00.40 00.40 00.39 00.39 00.39 00.42 00.43 00.44 00.44 00.45 00.46 00.47 00.48 00.47 00.47 00.47 -9999.0 -9999.00 00.61 00.61 00.61 00.61 00.61 00.61 00.61 00.61 00.61 00.60 00.60 00.60 00.59 00.59 00.58 00.58 00.57 00.57 00.57 00.60 00.62 00.62 00.61
-9999.0 -9999.0 -9999.0 -9999.0 -9999.0 -9999.0 -9999.0 -9999.0 -9999.0 -9999.0 -9999.0 -9999.0 -9999.0 -9999.0 -9999.0 -9999.0 -9999.0 -9999.0 -9999.0 -9999.0 -9999.0 -9999.0 00.33 00.34 00.34 00.30 00.31 00.33 00.34 00.35 00.40 00.40 00.40 00.40 00.39 00.39 00.40 00.43 00.43 00.43 00.44 00.44 00.45 00.46 00.47 00.47 00.47 -9999.00 -9999.0 -9999.0 -9999.00 00.61 00.61 00.61 00.61 00.61 00.61 00.60 00.59 00.59 00.58 00.58 00.58 00.57 00.57 00.57 00.56 00.56 00.56 00.61 00.62 00.62 00.62
-9999.0 -9999.0 -9999.0 -9999.0 -9999.0 -9999.0 -9999.0 -9999.0 -9999.0 -9999.0 -9999.0 -9999.0 -9999.0 -9999.0 -9999.0 -9999.0 -9999.0 -9999.0 -9999.0 -9999.0 -9999.0 -9999.0 00.33 00.34 00.34 00.30 00.31 00.33 00.34 00.35 00.40 00.40 00.41 00.41 00.39 00.39 00.40 00.42 00.42 00.43 00.43 00.44 00.44 00.45 00.46 00.47 -9999.00 -9999.0 -9999.0 -9999.0 -9999.0 -9999.00 00.61 00.61 00.60 00.59 00.59 00.58 00.58 00.57 00.56 00.57 00.56 00.56 00.56 00.56 00.56 00.56 00.57 00.61 00.62 00.62 00.62
-9999.0 -9999.0 -9999.0 -9999.0 -9999.0 -9999.0 -9999.0 -9999.0 -9999.0 -9999.0 -9999.0 -9999.0 -9999.0 -9999.0 -9999.0 -9999.0 -9999.0 -9999.0 -9999.0 -9999.0 -9999.0 -9999.0 00.33 00.34 00.33 00.30 00.31 00.33 00.34 00.35 00.40 00.41 00.41 00.41 00.40 00.40 00.40 00.41 00.41 00.41 00.42 00.42 00.43 00.44 00.44 00.47 -9999.0 -9999.0 -9999.0 -9999.0 -9999.0 -9999.0 -9999.00 00.60 00.59 00.58 00.57 00.56 00.55 00.55 00.55 00.55 00.55 00.55 00.55 00.55 00.55 00.55 00.58 00.62 00.62 00.62 00.62
-9999.0 -9999.0 -9999.0 -9999.0 -9999.0 -9999.0 -9999.0 -9999.0 -9999.0 -9999.0 -9999.0 -9999.0 -9999.0 -9999.0 -9999.0 -9999.0 -9999.0 -9999.0 -9999.0 -9999.0 -9999.0 -9999.0 00.34 00.34 00.33 00.30 00.31 00.33 00.34 00.35 00.41 00.41 00.42 00.42 00.40 00.40 00.41 00.41 00.41 00.41 00.41 00.41 00.42 00.41 00.42 -9999.00 -9999.0 -9999.0 -9999.0 -9999.0 -9999.0 -9999.0 -9999.00 00.58 00.56 00.55 00.53 00.53 00.53 00.53 00.54 00.54 00.54 00.54 00.54 00.54 00.54 00.54 00.60 00.62 00.62 00.62 00.62
-9999.0 -9999.0 -9999.0 -9999.0 -9999.0 -9999.0 -9999.0 -9999.0 -9999.0 -9999.0 -9999.0 -9999.0 -9999.0 -9999.0 -9999.0 -9999.0 -9999.0 -9999.0 -9999.0 -9999.0 -9999.0 -9999.0 00.34 00.34 00.33 00.30 00.31 00.33 00.34 00.35 00.41 00.42 00.42 00.43 00.40 00.40 00.41 00.41 00.40 00.40 00.40 00.40 00.40 00.40 00.40 -9999.00 -9999.0 -9999.0 -9999.0 -9999.0 -9999.0 -9999.0 -9999.0 00.51 00.52 00.52 00.52 00.52 00.52 00.52 00.53 00.54 00.54 00.54 00.53 00.53 00.53 00.56 00.61 00.62 00.62 00.62 00.62
-9999.0 -9999.0 -9999.0 -9999.0 -9999.0 -9999.0 -9999.0 -9999.0 -9999.0 -9999.0 -9999.0 -9999.0 -9999.0 -9999.0 -9999.0 -9999.0 -9999.0 -9999.0 -9999.0 -9999.0 -9999.0 -9999.0 00.34 00.34 00.33 00.30 00.31 00.34 00.34 00.35 00.42 00.42 00.43 00.43 00.40 00.41 00.41 00.41 00.40 00.40 00.40 00.40 00.40 00.40 00.39 00.39 -9999.00 -9999.0 -9999.0 -9999.0 -9999.0 -9999.0 -9999.00 00.50 00.50 00.51 00.51 00.51 00.51 00.52 00.53 00.53 00.53 00.53 00.53 00.53 00.53 00.59 00.61 00.62 00.62 00.62 00.62
-9999.0 -9999.0 -9999.0 -9999.0 -9999.0 -9999.0 -9999.0 -9999.0 -9999.0 -9999.0 -9999.0 -9999.0 -9999.0 -9999.0 -9999.0 -9999.0 -9999.0 -9999.0 -9999.0 -9999.0 -9999.0 -9999.0 00.33 00.34 00.34 00.30 00.31 00.33 00.34 00.35 00.42 00.42 00.43 00.43 00.41 00.41 00.41 00.42 00.41 00.40 00.40 00.40 00.40 00.39 00.39 00.39 00.39 -9999.0 -9999.0 -9999.0 -9999.0 -9999.00 00.50 00.50 00.50 00.50 00.50 00.51 00.51 00.52 00.52 00.52 00.52 00.52 00.52 00.52 00.56 00.61 00.62 00.62 00.62 00.62 00.61
-9999.0 -9999.0 -9999.0 -9999.0 -9999.0 -9999.0 -9999.0 -9999.0 -9999.0 -9999.0 -9999.0 -9999.0 -9999.0 -9999.0 -9999.0 -9999.0 -9999.0 -9999.0 -9999.0 -9999.0 -9999.0 -9999.0 -9999.0 00.34 00.35 00.30 00.31 00.33 00.34 00.35 00.42 00.43 00.43 00.44 00.44 00.41 00.41 00.42 00.42 00.40 00.40 00.40 00.39 00.39 00.39 00.39 00.39 -9999.00 -9999.0 -9999.0 -9999.0 00.50 00.50 00.50 00.50 00.50 00.51 00.51 00.52 00.52 00.52 00.52 00.52 00.52 00.52 00.52 00.60 00.61 00.62 00.62 00.61 00.61 00.61
-9999.0 -9999.0 -9999.0 -9999.0 -9999.0 -9999.0 -9999.0 -9999.0 -9999.0 -9999.0 -9999.0 -9999.0 -9999.0 -9999.0 -9999.0 -9999.0 -9999.0 -9999.0 -9999.0 -9999.0 -9999.0 -9999.0 -9999.0 00.34 00.35 00.31 00.31 00.32 00.34 00.35 00.39 00.43 00.43 00.44 00.44 00.41 00.42 00.42 00.43 00.43 00.39 00.39 00.39 00.39 00.39 00.39 00.39 00.39 -9999.00 -9999.0 -9999.00 00.49 00.49 00.49 00.50 00.50 00.50 00.51 00.52 00.52 00.52 00.52 00.52 00.52 00.52 00.58 00.61 00.61 00.62 00.61 00.61 00.61 00.61
-9999.0 -9999.0 -9999.0 -9999.0 -9999.0 -9999.0 -9999.0 -9999.0 -9999.0 -9999.0 -9999.0 -9999.0 -9999.0 -9999.0 -9999.0 -9999.0 -9999.0 -9999.0 -9999.0 -9999.0 -9999.0 -9999.0 -9999.0 00.34 00.35 00.32 00.30 00.31 00.34 00.34 00.35 00.43 00.43 00.44 00.45 00.44 00.42 00.42 00.43 00.43 00.42 00.39 00.39 00.39 00.39 00.39 00.39 00.39 00.39 -9999.00 00.44 00.46 00.47 00.48 00.48 00.49 00.50 00.51 00.51 00.51 00.51 00.51 00.51 00.51 00.55 00.61 00.61 00.61 00.61 00.61 00.61 00.61 00.61
-9999.0 -9999.0 -9999.0 -9999.0 -9999.0 -9999.0 -9999.0 -9999.0 -9999.0 -9999.0 -9999.0 -9999.0 -9999.0 -9999.0 -9999.0 -9999.0 -9999.0 -9999.0 -9999.0 -9999.0 -9999.0 -9999.0 -9999.0 00.34 00.34 00.33 00.30 00.31 00.34 00.34 00.35 00.43 00.44 00.44 00.45 00.45 00.42 00.42 00.43 00.43 00.44 00.40 00.39 00.39 00.39 00.39 00.39 00.39 00.39 00.40 00.42 00.44 00.46 00.47 00.47 00.48 00.50 00.50 00.50 00.50 00.51 00.51 00.51 00.52 00.60 00.61 00.61 00.61 00.61 00.61 00.61 00.61 00.61
-9999.0 -9999.0 -9999.0 -9999.0 -9999.0 -9999.0 -9999.0 -9999.0 -9999.0 -9999.0 -9999.0 -9999.0 -9999.0 -9999.0 -9999.0 -9999.0 -9999.0 -9999.0 -9999.0 -9999.0 -9999.0 -9999.0 -9999.0 00.33 00.34 00.35 00.30 00.31 00.32 00.34 00.35 00.40 00.44 00.44 00.45 00.45 00.45 00.43 00.43 00.43 00.44 00.43 00.39 00.39 00.39 00.39 00.39 00.39 00.39 00.40 00.42 00.44 00.45 00.46 00.46 00.47 00.48 00.49 00.49 00.49 00.50 00.50 00.50 00.58 00.61 00.61 00.61 00.61 00.61 00.61 00.61 00.61 00.61
-9999.0 -9999.0 -9999.0 -9999.0 -9999.0 -9999.0 -9999.0 -9999.0 -9999.0 -9999.0 -9999.0 -9999.0 -9999.0 -9999.0 -9999.0 -9999.0 -9999.0 -9999.0 -9999.0 -9999.0 -9999.0 -9999.0 -9999.0 -9999.0 00.34 00.35 00.31 00.31 00.31 00.34 00.35 00.35 00.44 00.45 00.45 00.46 00.46 00.44 00.43 00.43 00.43 00.44 00.44 00.39 00.39 00.39 00.40 00.40 00.40 00.40 00.41 00.43 00.44 00.46 00.46 00.47 00.47 00.48 00.48 00.48 00.49 00.49 00.57 00.60 00.61 00.61 00.61 00.61 00.61 00.61 00.61 00.61 00.61
-9999.0 -9999.0 -9999.0 -9999.0 -9999.0 -9999.0 -9999.0 -9999.0 -9999.0 -9999.0 -9999.0 -9999.0 -9999.0 -9999.0 -9999.0 -9999.0 -9999.0 -9999.0 -9999.0 -9999.0 -9999.0 -9999.0 -9999.0 -9999.0 00.34 00.35 00.33 00.30 00.31 00.34 00.35 00.35 00.42 00.45 00.45 00.46 00.47 00.47 00.43 00.43 00.43 00.44 00.44 00.44 00.39 00.39 00.40 00.40 00.40 00.40 00.41 00.43 00.44 00.45 00.46 00.46 00.46 00.47 00.47 00.48 00.49 00.57 00.60 00.60 00.61 00.61 00.61 00.61 00.61 00.61 00.61 00.61 00.61
-9999.0 -9999.0 -9999.0 -9999.0 -9999.0 -9999.0 -9999.0 -9999.0 -9999.0 -9999.0 -9999.0 -9999.0 -9999.0 -9999.0 -9999.0 -9999.0 -9999.0 -9999.0 -9999.0 -9999.0 -9999.0 -9999.0 -9999.0 -9999.0 00.33 00.34 00.35 00.30 00.31 00.32 00.34 00.35 00.36 00.45 00.45 00.46 00.47 00.47 00.47 00.43 00.43 00.44 00.44 00.45 00.45 00.40 00.40 00.40 00.40 00.40 00.41 00.42 00.43 00.44 00.45 00.45 00.46 00.46 00.47 00.51 00.58 00.59 00.60 00.60 00.60 00.61 00.61 00.61 00.61 00.61 00.61 00.61 00.61
-9999.0 -9999.0 -9999.0 -9999.0 -9999.0 -9999.0 -9999.0 -9999.0 -9999.0 -9999.0 -9999.0 -9999.0 -9999.0 -9999.0 -9999.0 -9999.0 -9999.0 -9999.0 -9999.0 -9999.0 -9999.0 -9999.0 -9999.0 -9999.0 -9999.0 00.34 00.35 00.32 00.31 00.31 00.34 00.35 00.35 00.42 00.45 00.46 00.47 00.47 00.47 00.46 00.43 00.44 00.44 00.45 00.46 00.46 00.44 00.40 00.40 00.40 00.41 00.42 00.43 00.44 00.44 00.45 00.45 00.48 00.55 00.58 00.59 00.59 00.60 00.60 00.60 00.60 00.60 00.60 00.60 00.60 00.60 00.61 00.61
-9999.0 -9999.0 -9999.0 -9999.0 -9999.0 -9999.0 -9999.0 -9999.0 -9999.0 -9999.0 -9999.0 -9999.0 -9999.0 -9999.0 -9999.0 -9999.0 -9999.0 -9999.0 -9999.0 -9999.0 -9999.0 -9999.0 -9999.0 -9999.0 -9999.0 00.33 00.34 00.35 00.30 00.31 00.32 00.35 00.35 00.36 00.46 00.46 00.47 00.47 00.47 00.47 00.46 00.44 00.44 00.45 00.46 00.47 00.47 00.48 00.46 00.42 00.41 00.41 00.42 00.43 00.45 00.50 00.55 00.57 00.58 00.58 00.59 00.59 00.59 00.59 00.60 00.60 00.60 00.60 00.60 00.60 00.60 00.61 00.61
-9999.0 -9999.0 -9999.0 -9999.0 -9999.0 -9999.0 -9999.0 -9999.0 -9999.0 -9999.0 -9999.0 -9999.0 -9999.0 -9999.0 -9999.0 -9999.0 -9999.0 -9999.0 -9999.0 -9999.0 -9999.0 -9999.0 -9999.0 -9999.0 -9999.0 -9999.0 00.34 00.35 00.32 00.31 00.31 00.34 00.35 00.36 00.37 00.46 00.47 00.47 00.47 00.47 00.48 00.46 00.44 00.45 00.46 00.47 00.47 00.48 00.49 00.50 00.50 00.51 00.52 00.54 00.55 00.56 00.57 00.57 00.58 00.58 00.58 00.59 00.59 00.59 00.59 00.59 00.59 00.60 00.60 00.60 00.61 00.61 00.61
-9999.0 -9999.0 -9999.0 -9999.0 -9999.0 -9999.0 -9999.0 -9999.0 -9999.0 -9999.0 -9999.0 -9999.0 -9999.0 -9999.0 -9999.0 -9999.0 -9999.0 -9999.0 -9999.0 -9999.0 -9999.0 -9999.0 -9999.0 -9999.0 -9999.0 -9999.0 00.33 00.34 00.35 00.30 00.31 00.32 00.35 00.35 00.36 00.42 00.47 00.47 00.47 00.47 00.48 00.48 00.46 00.45 00.46 00.46 00.47 00.48 00.49 00.50 00.50 00.51 00.53 00.54 00.55 00.56 00.57 00.57 00.57 00.58 00.58 00.58 00.58 00.59 00.59 00.59 00.59 00.59 00.60 00.61 00.61 00.61 00.61
-9999.0 -9999.0 -9999.0 -9999.0 -9999.0 -9999.0 -9999.0 -9999.0 -9999.0 -9999.0 -9999.0 -9999.0 -9999.0 -9999.0 -9999.0 -9999.0 -9999.0 -9999.0 -9999.0 -9999.0 -9999.0 -9999.0 -9999.0 -9999.0 -9999.0 -9999.0 -9999.0 00.34 00.35 00.33 00.31 00.31 00.33 00.35 00.36 00.36 00.45 00.47 00.47 00.47 00.48 00.48 00.49 00.48 00.46 00.46 00.47 00.48 00.49 00.50 00.50 00.51 00.52 00.53 00.55 00.56 00.56 00.57 00.57 00.57 00.57 00.58 00.58 00.58 00.58 00.59 00.59 00.60 00.61 00.61 00.61 00.61 00.61
-9999.0 -9999.0 -9999.0 -9999.0 -9999.0 -9999.0 -9999.0 -9999.0 -9999.0 -9999.0 -9999.0 -9999.0 -9999.0 -9999.0 -9999.0 -9999.0 -9999.0 -9999.0 -9999.0 -9999.0 -9999.0 -9999.0 -9999.0 -9999.0 -9999.0 -9999.0 -9999.0 00.33 00.34 00.35 00.32 00.31 00.31 00.34 00.35 00.36 00.36 00.47 00.47 00.47 00.48 00.48 00.49 00.50 00.50 00.47 00.47 00.48 00.49 00.49 00.50 00.51 00.52 00.53 00.54 00.55 00.56 00.56 00.56 00.57 00.57 00.57 00.58 00.58 00.58 00.59 00.60 00.61 00.61 00.61 00.61 00.61 00.60
