examples/flatland/Outputs/centerIgnit/d_otherRAWS/flatland_centerIgnit_clockwise1hr_otherRAWS_RAWS/flatland_centerIgnit_clockwise1hr_otherRAWS_RAWS_Intensity.asc
NCOLS 100
NROWS 100
XLLCORNER 20000.000000
YLLCORNER 20000.000000
CELLSIZE 30.000000
NODATA_VALUE -9999.0
[rows 27 to 53 of 100, columns 0 to 60 of 100]
-9999.0 -9999.0 -9999.0 -9999.0 -9999.0 -9999.0 -9999.0 -9999.0 -9999.0 -9999.0 -9999.0 -9999.0 -9999.0 -9999.0 -9999.0 -9999.0 -9999.0 -9999.0 -9999.0 -9999.0 -9999.0 -9999.0 -9999.0 -9999.0 -9999.0 -9999.0 -9999.0 -9999.0 -9999.0 00024.340 00025.604 00025.258 00020.303 00021.046 00021.715 00025.709 00026.530 00027.424 00028.481 00031.603 00031.924 00032.254 00032.595 00032.954 00035.619 00036.335 00037.205 00037.904 00038.806 00039.725 00040.605 00041.774 00050.337 00066.494 00068.097 00060.411 00053.167 00054.536 00055.698 00056.663 00058.253
-9999.0 -9999.0 -9999.0 -9999.0 -9999.0 -9999.0 -9999.0 -9999.0 -9999.0 -9999.0 -9999.0 -9999.0 -9999.0 -9999.0 -9999.0 -9999.0 -9999.0 -9999.0 -9999.0 -9999.0 -9999.0 -9999.0 -9999.0 -9999.0 -9999.0 -9999.0 -9999.0 -9999.0 00023.907 00025.156 00026.455 00021.520 00020.751 00021.392 00024.703 00026.160 00027.032 00027.999 00031.617 00031.949 00032.281 00032.620 00033.271 00035.309 00035.792 00036.341 00037.142 00038.070 00039.069 00050.933 00070.245 00072.363 00075.856 00080.549 00083.161 00085.714 00087.097 00088.202 00072.044 00058.574 00059.809
-9999.0 -9999.0 -9999.0 -9999.0 -9999.0 -9999.0 -9999.0 -9999.0 -9999.0 -9999.0 -9999.0 -9999.0 -9999.0 -9999.0 -9999.0 -9999.0 -9999.0 -9999.0 -9999.0 -9999.0 -9999.0 -9999.0 -9999.0 -9999.0 -9999.0 -9999.0 -9999.0 -9999.0 00024.709 00026.002 00023.446 00020.504 00021.089 00022.927 00025.759 00026.627 00027.577 00031.616 00031.951 00032.297 00032.653 00033.309 00034.746 00035.477 00035.983 00036.644 00037.290 00048.573 00066.436 00068.560 00070.416 00072.503 00076.977 00081.634 00084.450 00086.525 00087.843 00088.747 00089.623 00090.433 00074.972
-9999.0 -9999.0 -9999.0 -9999.0 -9999.0 -9999.0 -9999.0 -9999.0 -9999.0 -9999.0 -9999.0 -9999.0 -9999.0 -9999.0 -9999.0 -9999.0 -9999.0 -9999.0 -9999.0 -9999.0 -9999.0 -9999.0 -9999.0 -9999.0 -9999.0 -9999.0 -9999.0 00024.182 00025.480 00025.573 00020.069 00020.818 00021.477 00025.388 00026.198 00027.116 00030.320 00031.950 00032.295 00032.649 00033.016 00034.273 00034.746 00035.467 00036.175 00036.719 00061.452 00063.771 00066.431 00068.618 00070.637 00072.481 00078.467 00082.830 00086.022 00087.325 00088.399 00089.331 00090.208 00091.003 00091.500
-9999.0 -9999.0 -9999.0 -9999.0 -9999.0 -9999.0 -9999.0 -9999.0 -9999.0 -9999.0 -9999.0 -9999.0 -9999.0 -9999.0 -9999.0 -9999.0 -9999.0 -9999.0 -9999.0 -9999.0 -9999.0 -9999.0 -9999.0 -9999.0 -9999.0 -9999.0 -9999.0 00024.909 00026.260 00022.017 00020.499 00021.153 00024.425 00025.851 00026.690 00028.011 00031.924 00032.282 00032.650 00033.018 00033.925 00034.358 00034.834 00035.434 00036.391 00059.354 00061.184 00063.523 00066.246 00068.354 00071.031 00074.239 00078.656 00083.999 00086.878 00088.005 00089.002 00089.946 00090.830 00091.448 00091.898
-9999.0 -9999.0 -9999.0 -9999.0 -9999.0 -9999.0 -9999.0 -9999.0 -9999.0 -9999.0 -9999.0 -9999.0 -9999.0 -9999.0 -9999.0 -9999.0 -9999.0 -9999.0 -9999.0 -9999.0 -9999.0 -9999.0 -9999.0 -9999.0 -9999.0 -9999.0 00024.322 00025.657 00024.646 00020.164 00020.786 00022.282 00025.453 00026.306 00027.244 00031.866 00032.237 00032.619 00032.997 00033.578 00034.030 00034.451 00034.915 00037.064 00057.050 00058.954 00060.913 00063.760 00065.975 00068.542 00071.629 00075.467 00080.443 00086.412 00087.577 00088.634 00089.659 00090.589 00091.382 00092.054 00092.144
-9999.0 -9999.0 -9999.0 -9999.0 -9999.0 -9999.0 -9999.0 -9999.0 -9999.0 -9999.0 -9999.0 -9999.0 -9999.0 -9999.0 -9999.0 -9999.0 -9999.0 -9999.0 -9999.0 -9999.0 -9999.0 -9999.0 -9999.0 -9999.0 -9999.0 -9999.0 00024.987 00026.391 00021.150 00020.411 00021.098 00024.978 00025.840 00026.780 00030.344 00032.144 00032.530 00032.935 00033.318 00033.761 00034.147 00034.556 00035.001 00054.274 00056.515 00058.500 00060.907 00063.636 00065.931 00068.597 00072.195 00078.558 00082.911 00086.105 00088.236 00089.378 00090.321 00091.222 00091.992 00092.156 00092.216
-9999.0 -9999.0 -9999.0 -9999.0 -9999.0 -9999.0 -9999.0 -9999.0 -9999.0 -9999.0 -9999.0 -9999.0 -9999.0 -9999.0 -9999.0 -9999.0 -9999.0 -9999.0 -9999.0 -9999.0 -9999.0 -9999.0 -9999.0 -9999.0 -9999.0 00024.189 00025.583 00024.549 00019.928 00020.608 00022.814 00025.372 00026.252 00027.234 00032.105 00032.470 00032.848 00033.235 00033.581 00033.912 00034.270 00034.676 00052.207 00053.333 00055.769 00057.981 00060.452 00063.442 00065.879 00068.548 00072.946 00081.108 00084.494 00087.719 00089.152 00090.326 00091.050 00091.879 00092.156 00092.225 00092.277
-9999.0 -9999.0 -9999.0 -9999.0 -9999.0 -9999.0 -9999.0 -9999.0 -9999.0 -9999.0 -9999.0 -9999.0 -9999.0 -9999.0 -9999.0 -9999.0 -9999.0 -9999.0 -9999.0 -9999.0 -9999.0 -9999.0 -9999.0 -9999.0 -9999.0 00024.736 00026.166 00021.661 00020.088 00020.808 00024.745 00025.682 00026.637 00032.036 00032.437 00032.811 00033.196 00033.332 00033.752 00034.098 00034.435 00045.328 00051.721 00052.710 00054.760 00057.351 00059.949 00063.218 00065.834 00068.413 00075.246 00082.296 00086.495 00088.714 00090.071 00090.897 00091.665 00092.044 00092.218 00092.284 00092.237
-9999.0 -9999.0 -9999.0 -9999.0 -9999.0 -9999.0 -9999.0 -9999.0 -9999.0 -9999.0 -9999.0 -9999.0 -9999.0 -9999.0 -9999.0 -9999.0 -9999.0 -9999.0 -9999.0 -9999.0 -9999.0 -9999.0 -9999.0 -9999.0 00023.863 00025.273 00025.886 00019.509 00020.270 00022.055 00024.964 00025.948 00028.011 00032.435 00032.800 00033.199 00033.417 00033.524 00033.894 00034.265 00034.641 00050.717 00051.258 00052.183 00053.475 00055.879 00059.328 00062.873 00067.174 00072.673 00077.687 00083.832 00089.226 00090.269 00090.827 00091.541 00092.012 00092.164 00092.288 00092.243 00092.226
-9999.0 -9999.0 -9999.0 -9999.0 -9999.0 -9999.0 -9999.0 -9999.0 -9999.0 -9999.0 -9999.0 -9999.0 -9999.0 -9999.0 -9999.0 -9999.0 -9999.0 -9999.0 -9999.0 -9999.0 -9999.0 -9999.0 -9999.0 -9999.0 00024.352 00025.791 00023.329 00019.803 00020.482 00024.165 00025.205 00026.213 00032.517 00032.844 00033.278 00033.647 00033.256 00033.639 00034.026 00034.410 00050.222 00050.636 00050.847 00051.680 00053.119 00054.928 00058.827 00063.965 00067.510 00072.788 00081.896 00085.578 00088.849 00090.455 00091.377 00091.893 00092.124 00092.267 00092.242 00092.234 00092.230
-9999.0 -9999.0 -9999.0 -9999.0 -9999.0 -9999.0 -9999.0 -9999.0 -9999.0 -9999.0 -9999.0 -9999.0 -9999.0 -9999.0 -9999.0 -9999.0 -9999.0 -9999.0 -9999.0 -9999.0 -9999.0 -9999.0 -9999.0 -9999.0 00024.826 00026.287 00020.787 00019.960 00020.684 00024.589 00025.501 00026.502 00033.010 00033.430 00033.723 00033.684 00033.348 00033.724 00034.125 00041.271 00049.848 00050.495 00050.675 00051.186 00052.564 00054.753 00059.952 00062.996 00066.355 00073.017 00082.422 00086.465 00089.538 00090.470 00091.275 00091.517 00091.838 00092.171 00092.220 00092.233 00092.212
-9999.0 -9999.0 -9999.0 -9999.0 -9999.0 -9999.0 -9999.0 -9999.0 -9999.0 -9999.0 -9999.0 -9999.0 -9999.0 -9999.0 -9999.0 -9999.0 -9999.0 -9999.0 -9999.0 -9999.0 -9999.0 -9999.0 -9999.0 00023.762 00025.209 00025.953 00019.349 00020.097 00022.453 00024.817 00025.785 00030.934 00033.361 00033.763 00034.155 00033.069 00033.451 00033.820 00034.206 00048.068 00049.189 00050.007 00050.658 00050.790 00051.806 00056.035 00058.628 00062.051 00066.587 00074.684 00081.690 00087.561 00089.773 00090.660 00090.839 00091.030 00091.317 00091.789 00092.170 00092.205 00092.082
-9999.0 -9999.0 -9999.0 -9999.0 -9999.0 -9999.0 -9999.0 -9999.0 -9999.0 -9999.0 -9999.0 -9999.0 -9999.0 -9999.0 -9999.0 -9999.0 -9999.0 -9999.0 -9999.0 -9999.0 -9999.0 -9999.0 -9999.0 00024.119 00025.586 00024.041 00019.539 00020.223 00023.976 00025.004 00026.024 00033.309 00033.732 00034.152 00034.429 00033.216 00033.568 00033.923 00039.040 00046.891 00048.482 00049.408 00050.411 00050.657 00052.836 00054.386 00057.154 00061.029 00066.552 00077.421 00084.041 00089.037 00089.940 00090.222 00090.388 00090.628 00090.951 00091.357 00091.813 00091.989 00091.740
-9999.0 -9999.0 -9999.0 -9999.0 -9999.0 -9999.0 -9999.0 -9999.0 -9999.0 -9999.0 -9999.0 -9999.0 -9999.0 -9999.0 -9999.0 -9999.0 -9999.0 -9999.0 -9999.0 -9999.0 -9999.0 -9999.0 -9999.0 00024.444 00025.930 00022.232 00019.643 00020.352 00024.263 00025.183 00026.247 00033.717 00034.157 00034.610 00033.877 00033.351 00033.717 00034.076 00044.896 00045.987 00047.750 00048.440 00049.948 00051.380 00052.524 00052.973 00055.390 00059.154 00065.145 00079.989 00085.492 00088.762 00089.626 00089.750 00090.009 00090.327 00090.655 00090.954 00091.063 00091.228 00091.133
-9999.0 -9999.0 -9999.0 -9999.0 -9999.0 -9999.0 -9999.0 -9999.0 -9999.0 -9999.0 -9999.0 -9999.0 -9999.0 -9999.0 -9999.0 -9999.0 -9999.0 -9999.0 -9999.0 -9999.0 -9999.0 -9999.0 -9999.0 00024.738 00026.257 00020.472 00019.750 00020.827 00024.417 00025.362 00029.665 00034.207 00034.685 00035.162 00033.099 00033.517 00033.874 00034.242 00043.930 00044.821 00046.126 00047.463 00048.959 00052.312 00052.211 00051.993 00053.304 00057.449 00068.618 00080.364 00085.999 00089.035 00089.113 00089.398 00089.712 00090.036 00090.340 00090.349 00090.096 00089.765 00090.127
-9999.0 -9999.0 -9999.0 -9999.0 -9999.0 -9999.0 -9999.0 -9999.0 -9999.0 -9999.0 -9999.0 -9999.0 -9999.0 -9999.0 -9999.0 -9999.0 -9999.0 -9999.0 -9999.0 -9999.0 -9999.0 -9999.0 -9999.0 00024.964 00026.493 00019.184 00019.826 00022.032 00024.572 00025.539 00033.833 00034.687 00035.193 00035.618 00033.352 00033.674 00034.036 00036.186 00043.129 00043.791 00045.127 00046.327 00049.230 00051.329 00051.964 00051.621 00051.679 00054.296 00068.855 00083.611 00088.462 00088.502 00088.800 00089.109 00089.427 00089.735 00089.727 00089.419 00088.779 00088.124 00088.419
-9999.0 -9999.0 -9999.0 -9999.0 -9999.0 -9999.0 -9999.0 -9999.0 -9999.0 -9999.0 -9999.0 -9999.0 -9999.0 -9999.0 -9999.0 -9999.0 -9999.0 -9999.0 -9999.0 -9999.0 -9999.0 -9999.0 00023.712 00025.187 00025.894 00019.165 00019.884 00022.956 00024.666 00025.669 00034.606 00035.108 00035.630 00035.914 00033.517 00033.866 00034.253 00039.439 00042.302 00042.906 00043.938 00045.061 00048.133 00049.738 00051.504 00051.361 00051.014 00051.044 -9999.0 -9999.000 00087.992 00088.249 00088.526 00088.831 00089.140 00089.133 00088.754 00088.097 00087.301 00085.580 00085.979
-9999.0 -9999.0 -9999.0 -9999.0 -9999.0 -9999.0 -9999.0 -9999.0 -9999.0 -9999.0 -9999.0 -9999.0 -9999.0 -9999.0 -9999.0 -9999.0 -9999.0 -9999.0 -9999.0 -9999.0 -9999.0 -9999.0 00023.863 00025.355 00024.965 00019.266 00019.945 00023.710 00024.778 00025.804 00034.987 00035.511 00036.077 00036.243 00033.700 00034.062 00034.561 00040.627 00041.431 00042.030 00042.648 00044.112 00046.248 00047.911 00050.075 00051.120 00050.809 -9999.000 -9999.0 -9999.0 -9999.000 00088.019 00088.279 00088.559 00088.537 00088.067 00087.361 00085.821 00083.149 00081.958 00080.790
-9999.0 -9999.0 -9999.0 -9999.0 -9999.0 -9999.0 -9999.0 -9999.0 -9999.0 -9999.0 -9999.0 -9999.0 -9999.0 -9999.0 -9999.0 -9999.0 -9999.0 -9999.0 -9999.0 -9999.0 -9999.0 -9999.0 00023.995 00025.492 00024.244 00019.302 00019.989 00023.947 00024.857 00025.895 00035.426 00036.015 00036.653 00036.492 00033.982 00034.429 00035.019 00039.342 00039.579 00040.520 00041.011 00043.470 00043.904 00045.987 00047.674 00050.906 -9999.000 -9999.0 -9999.0 -9999.0 -9999.0 -9999.000 00088.046 00088.147 00087.088 00084.017 00083.454 00080.659 00078.586 00076.871 00073.827
-9999.0 -9999.0 -9999.0 -9999.0 -9999.0 -9999.0 -9999.0 -9999.0 -9999.0 -9999.0 -9999.0 -9999.0 -9999.0 -9999.0 -9999.0 -9999.0 -9999.0 -9999.0 -9999.0 -9999.0 -9999.0 -9999.0 00024.071 00025.577 00023.770 00019.320 00020.017 00024.004 00024.923 00025.968 00035.870 00036.565 00037.509 00036.941 00034.579 00035.320 00035.622 00037.776 00037.668 00038.251 00039.159 00040.233 00041.262 00042.582 00044.205 00050.021 -9999.0 -9999.0 -9999.0 -9999.0 -9999.0 -9999.0 -9999.000 00086.303 00081.679 00078.745 00076.592 00073.679 00072.217 00069.809 00069.703
-9999.0 -9999.0 -9999.0 -9999.0 -9999.0 -9999.0 -9999.0 -9999.0 -9999.0 -9999.0 -9999.0 -9999.0 -9999.0 -9999.0 -9999.0 -9999.0 -9999.0 -9999.0 -9999.0 -9999.0 -9999.0 -9999.0 00024.116 00025.625 00023.509 00019.323 00020.024 00024.044 00024.967 00026.018 00036.545 00037.578 00038.431 00038.561 00035.281 00035.835 00036.446 00036.800 00036.438 00036.687 00037.007 00037.621 00038.399 00037.356 00039.497 -9999.000 -9999.0 -9999.0 -9999.0 -9999.0 -9999.0 -9999.0 -9999.000 00078.898 00073.744 00071.094 00065.932 00065.963 00066.581 00066.663 00068.177
-9999.0 -9999.0 -9999.0 -9999.0 -9999.0 -9999.0 -9999.0 -9999.0 -9999.0 -9999.0 -9999.0 -9999.0 -9999.0 -9999.0 -9999.0 -9999.0 -9999.0 -9999.0 -9999.0 -9999.0 -9999.0 -9999.0 00024.126 00025.640 00023.409 00019.318 00020.020 00024.090 00025.021 00026.114 00038.007 00038.734 00039.669 00040.557 00035.851 00036.315 00037.047 00037.588 00035.850 00035.842 00035.690 00035.516 00036.020 00035.020 00035.873 -9999.000 -9999.0 -9999.0 -9999.0 -9999.0 -9999.0 -9999.0 -9999.0 00061.259 00062.612 00063.094 00062.705 00063.138 00063.565 00063.966 00066.664
-9999.0 -9999.0 -9999.0 -9999.0 -9999.0 -9999.0 -9999.0 -9999.0 -9999.0 -9999.0 -9999.0 -9999.0 -9999.0 -9999.0 -9999.0 -9999.0 -9999.0 -9999.0 -9999.0 -9999.0 -9999.0 -9999.0 00024.117 00025.613 00023.651 00019.296 00019.988 00024.112 00025.044 00026.096 00038.658 00039.609 00040.679 00041.467 00036.143 00036.752 00037.491 00038.156 00035.428 00035.302 00035.212 00035.114 00035.290 00034.575 00034.052 00033.349 -9999.000 -9999.0 -9999.0 -9999.0 -9999.0 -9999.0 -9999.000 00057.351 00058.022 00058.970 00059.673 00060.321 00060.943 00062.767 00064.476
-9999.0 -9999.0 -9999.0 -9999.0 -9999.0 -9999.0 -9999.0 -9999.0 -9999.0 -9999.0 -9999.0 -9999.0 -9999.0 -9999.0 -9999.0 -9999.0 -9999.0 -9999.0 -9999.0 -9999.0 -9999.0 -9999.0 00023.887 00025.369 00024.949 00019.219 00019.893 00023.870 00024.998 00026.013 00039.287 00040.230 00041.223 00042.093 00038.360 00037.122 00037.801 00038.533 00038.010 00034.991 00034.884 00034.750 00034.626 00034.437 00033.887 00033.522 00033.208 -9999.0 -9999.0 -9999.0 -9999.0 -9999.000 00057.192 00057.507 00057.868 00058.252 00058.641 00059.080 00059.763 00062.422 00062.842
-9999.0 -9999.0 -9999.0 -9999.0 -9999.0 -9999.0 -9999.0 -9999.0 -9999.0 -9999.0 -9999.0 -9999.0 -9999.0 -9999.0 -9999.0 -9999.0 -9999.0 -9999.0 -9999.0 -9999.0 -9999.0 -9999.0 -9999.0 00025.112 00026.333 00019.012 00019.793 00022.705 00024.886 00025.885 00039.726 00040.759 00041.633 00042.574 00042.739 00037.392 00038.088 00038.953 00039.775 00034.679 00034.627 00034.541 00034.440 00034.410 00034.128 00033.785 00033.451 -9999.000 -9999.0 -9999.0 -9999.0 00057.099 00057.385 00057.739 00058.110 00058.480 00058.846 00059.241 00061.608 00062.266 00062.332
-9999.0 -9999.0 -9999.0 -9999.0 -9999.0 -9999.0 -9999.0 -9999.0 -9999.0 -9999.0 -9999.0 -9999.0 -9999.0 -9999.0 -9999.0 -9999.0 -9999.0 -9999.0 -9999.0 -9999.0 -9999.0 -9999.0 -9999.0 00024.840 00026.346 00019.988 00019.675 00021.198 00024.750 00025.753 00033.604 00041.114 00042.006 00043.074 00043.969 00037.605 00038.459 00039.387 00040.649 00040.788 00034.475 00034.383 00034.361 00034.353 00034.418 00034.056 00033.703 00033.373 -9999.000 -9999.0 -9999.000 00054.529 00055.173 00056.180 00057.027 00057.753 00058.194 00059.695 00061.489 00061.937 00062.076
