examples/flatland/Outputs/centerIgnit/d_otherRAWS/flatland_centerIgnit_clockwise1hr_otherRAWS_RAWS/flatland_centerIgnit_clockwise1hr_otherRAWS_RAWS_HeatPerUnitArea.asc
NCOLS 100
NROWS 100
XLLCORNER 20000.000000
YLLCORNER 20000.000000
CELLSIZE 30.000000
NODATA_VALUE -9999.0
[rows 54 to 80 of 100, columns 0 to 60 of 100]
-9999.0 -9999.0 -9999.0 -9999.0 -9999.0 -9999.0 -9999.0 -9999.0 -9999.0 -9999.0 -9999.0 -9999.0 -9999.0 -9999.0 -9999.0 -9999.0 -9999.0 -9999.0 -9999.0 -9999.0 -9999.0 -9999.0 -9999.0 01033.347 01050.314 01057.860 01069.334 01082.486 01094.740 01109.611 01126.519 01132.338 01137.099 01141.924 01146.851 01151.066 01155.213 01159.182 01163.067 01166.647 01169.565 01169.640 01169.712 01169.783 01169.855 01167.162 01161.926 01157.226 01153.326 -9999.000 01151.314 01153.849 01156.320 01158.875 01161.759 01164.751 01168.465 01169.870 01169.828 01169.786 01169.745
-9999.0 -9999.0 -9999.0 -9999.0 -9999.0 -9999.0 -9999.0 -9999.0 -9999.0 -9999.0 -9999.0 -9999.0 -9999.0 -9999.0 -9999.0 -9999.0 -9999.0 -9999.0 -9999.0 -9999.0 -9999.0 -9999.0 -9999.0 01029.740 01045.995 01057.428 01066.158 01078.437 01088.455 01104.953 01121.097 01130.639 01135.276 01140.015 01144.617 01149.189 01152.309 01156.999 01160.483 01163.999 01167.480 01169.570 01169.655 01169.726 01169.798 01169.868 01166.116 01161.844 01158.486 01155.389 01155.294 01157.542 01159.688 01162.261 01164.875 01168.301 01169.878 01169.838 01169.796 01169.754 01169.713
-9999.0 -9999.0 -9999.0 -9999.0 -9999.0 -9999.0 -9999.0 -9999.0 -9999.0 -9999.0 -9999.0 -9999.0 -9999.0 -9999.0 -9999.0 -9999.0 -9999.0 -9999.0 -9999.0 -9999.0 -9999.0 -9999.0 -9999.0 01025.142 01040.810 01057.025 01060.768 01074.554 01084.975 01099.895 01114.945 01127.726 01133.454 01137.931 01142.345 01146.781 01151.009 01154.492 01157.917 01161.345 01164.731 01168.218 01169.584 01169.669 01169.738 01169.806 01169.871 01167.764 01163.899 01161.431 01159.728 01161.874 01163.868 01166.049 01168.832 01169.868 01169.831 01169.794 01169.756 01169.719 01169.680
-9999.0 -9999.0 -9999.0 -9999.0 -9999.0 -9999.0 -9999.0 -9999.0 -9999.0 -9999.0 -9999.0 -9999.0 -9999.0 -9999.0 -9999.0 -9999.0 -9999.0 -9999.0 -9999.0 -9999.0 -9999.0 -9999.0 -9999.0 -9999.0 01036.030 01053.053 01058.090 01070.177 01082.940 01094.732 01108.888 01124.934 01131.510 01135.754 01140.057 01144.379 01148.557 01151.268 01155.387 01158.701 01162.041 01165.431 01168.943 01169.606 01169.676 01169.743 01169.794 01169.844 01169.712 01168.016 01165.316 01166.892 01168.853 01169.878 01169.848 01169.818 01169.783 01169.746 01169.710 01169.673 01169.635
-9999.0 -9999.0 -9999.0 -9999.0 -9999.0 -9999.0 -9999.0 -9999.0 -9999.0 -9999.0 -9999.0 -9999.0 -9999.0 -9999.0 -9999.0 -9999.0 -9999.0 -9999.0 -9999.0 -9999.0 -9999.0 -9999.0 -9999.0 -9999.0 01030.852 01046.801 01057.461 01066.071 01077.755 01085.585 01102.991 01117.628 01127.781 01133.599 01137.732 01141.999 01145.772 01149.612 01151.508 01156.081 01159.379 01162.720 01166.011 01169.278 01169.614 01169.667 01169.718 01169.767 01169.804 01169.834 01169.859 01169.860 01169.838 01169.814 01169.789 01169.759 01169.729 01169.698 01169.662 01169.626 01169.573
-9999.0 -9999.0 -9999.0 -9999.0 -9999.0 -9999.0 -9999.0 -9999.0 -9999.0 -9999.0 -9999.0 -9999.0 -9999.0 -9999.0 -9999.0 -9999.0 -9999.0 -9999.0 -9999.0 -9999.0 -9999.0 -9999.0 -9999.0 -9999.0 01025.076 01040.212 01056.941 01058.558 01072.851 01084.423 01096.558 01110.154 01125.443 01131.366 01135.445 01139.320 01143.033 01146.791 01150.483 01153.493 01156.754 01160.039 01163.161 01166.253 01169.153 01169.574 01169.641 01169.686 01169.722 01169.750 01169.773 01169.788 01169.768 01169.748 01169.725 01169.701 01169.671 01169.641 01169.610 01169.568 01169.423
-9999.0 -9999.0 -9999.0 -9999.0 -9999.0 -9999.0 -9999.0 -9999.0 -9999.0 -9999.0 -9999.0 -9999.0 -9999.0 -9999.0 -9999.0 -9999.0 -9999.0 -9999.0 -9999.0 -9999.0 -9999.0 -9999.0 -9999.0 -9999.0 -9999.0 01034.192 01050.434 01057.789 01067.764 01079.245 01087.155 01103.057 01117.088 01127.754 01133.066 01136.685 01140.315 01143.954 01147.549 01151.001 01154.144 01157.295 01160.359 01163.319 01165.877 01168.107 01169.563 01169.598 01169.640 01169.667 01169.688 01169.705 01169.697 01169.678 01169.659 01169.635 01169.611 01169.570 01169.561 01168.743 01167.503
-9999.0 -9999.0 -9999.0 -9999.0 -9999.0 -9999.0 -9999.0 -9999.0 -9999.0 -9999.0 -9999.0 -9999.0 -9999.0 -9999.0 -9999.0 -9999.0 -9999.0 -9999.0 -9999.0 -9999.0 -9999.0 -9999.0 -9999.0 -9999.0 -9999.0 01028.023 01042.875 01057.091 01060.168 01073.233 01084.378 01096.041 01109.151 01123.842 01130.525 01134.087 01137.640 01141.147 01144.687 01148.290 01151.151 01154.579 01157.520 01160.456 01162.744 01164.890 01166.906 01168.552 01169.562 01169.570 01169.598 01169.620 01169.623 01169.605 01169.573 01169.566 01169.560 01168.771 01167.677 01166.613 01165.516
-9999.0 -9999.0 -9999.0 -9999.0 -9999.0 -9999.0 -9999.0 -9999.0 -9999.0 -9999.0 -9999.0 -9999.0 -9999.0 -9999.0 -9999.0 -9999.0 -9999.0 -9999.0 -9999.0 -9999.0 -9999.0 -9999.0 -9999.0 -9999.0 -9999.0 -9999.0 01035.262 01051.022 01057.790 01067.520 01078.606 01085.553 01101.623 01114.137 01127.571 01131.507 01134.954 01138.380 01141.869 01145.396 01148.922 01151.236 01154.729 01157.520 01159.661 01161.763 01163.726 01165.273 01166.680 01167.736 01168.628 01169.246 01169.560 01169.256 01168.686 01168.002 01167.264 01166.416 01165.557 01164.529 01163.486
-9999.0 -9999.0 -9999.0 -9999.0 -9999.0 -9999.0 -9999.0 -9999.0 -9999.0 -9999.0 -9999.0 -9999.0 -9999.0 -9999.0 -9999.0 -9999.0 -9999.0 -9999.0 -9999.0 -9999.0 -9999.0 -9999.0 -9999.0 -9999.0 -9999.0 -9999.0 01028.059 01042.587 01057.045 01058.607 01072.165 01083.917 01093.591 01105.086 01117.866 01127.729 01132.290 01135.657 01139.092 01142.550 01145.912 01149.209 01151.257 01154.515 01156.624 01158.678 01160.614 01162.142 01163.488 01164.587 01165.489 01166.093 01166.547 01166.604 01166.079 01165.535 01164.879 01164.146 01163.304 01162.468 01161.444
-9999.0 -9999.0 -9999.0 -9999.0 -9999.0 -9999.0 -9999.0 -9999.0 -9999.0 -9999.0 -9999.0 -9999.0 -9999.0 -9999.0 -9999.0 -9999.0 -9999.0 -9999.0 -9999.0 -9999.0 -9999.0 -9999.0 -9999.0 -9999.0 -9999.0 -9999.0 -9999.0 01034.487 01049.720 01057.624 01066.252 01076.043 01084.825 01096.737 01108.458 01121.086 01127.806 01132.976 01136.345 01139.728 01142.951 01146.130 01149.277 01151.150 01153.635 01155.633 01157.534 01159.030 01160.380 01161.503 01162.413 01163.057 01163.532 01163.942 01163.536 01163.036 01162.496 01161.845 01161.082 01160.269 01159.409
-9999.0 -9999.0 -9999.0 -9999.0 -9999.0 -9999.0 -9999.0 -9999.0 -9999.0 -9999.0 -9999.0 -9999.0 -9999.0 -9999.0 -9999.0 -9999.0 -9999.0 -9999.0 -9999.0 -9999.0 -9999.0 -9999.0 -9999.0 -9999.0 -9999.0 -9999.0 -9999.0 01026.491 01040.612 01055.818 01058.179 01068.924 01079.247 01085.453 01099.532 01111.071 01123.844 01130.337 01133.634 01136.873 01140.044 01143.103 01146.156 01148.596 01150.949 01151.448 01154.511 01155.975 01157.292 01158.477 01159.357 01160.087 01160.613 01160.978 01161.019 01160.574 01160.078 01159.486 01158.850 01158.075 01157.254
-9999.0 -9999.0 -9999.0 -9999.0 -9999.0 -9999.0 -9999.0 -9999.0 -9999.0 -9999.0 -9999.0 -9999.0 -9999.0 -9999.0 -9999.0 -9999.0 -9999.0 -9999.0 -9999.0 -9999.0 -9999.0 -9999.0 -9999.0 -9999.0 -9999.0 -9999.0 -9999.0 -9999.0 01031.698 01045.638 01057.187 01059.614 01071.582 01082.059 01090.085 01101.848 01113.613 01126.482 01130.966 01134.063 01137.126 01140.104 01142.988 01145.336 01147.650 01149.818 01151.143 01151.829 01154.277 01155.475 01156.363 01157.137 01157.714 01158.099 01158.442 01158.071 01157.627 01157.146 01156.531 01155.896 01155.096
-9999.0 -9999.0 -9999.0 -9999.0 -9999.0 -9999.0 -9999.0 -9999.0 -9999.0 -9999.0 -9999.0 -9999.0 -9999.0 -9999.0 -9999.0 -9999.0 -9999.0 -9999.0 -9999.0 -9999.0 -9999.0 -9999.0 -9999.0 -9999.0 -9999.0 -9999.0 -9999.0 -9999.0 -9999.0 01035.476 01049.777 01057.526 01064.703 01073.855 01084.102 01093.298 01104.091 01116.030 01127.612 01131.299 01134.254 01137.153 01139.835 01142.149 01144.405 01146.493 01148.528 01150.149 01151.085 01151.416 01153.295 01154.237 01154.805 01155.237 01155.562 01155.586 01155.180 01154.740 01154.236 01153.604 01151.818
-9999.0 -9999.0 -9999.0 -9999.0 -9999.0 -9999.0 -9999.0 -9999.0 -9999.0 -9999.0 -9999.0 -9999.0 -9999.0 -9999.0 -9999.0 -9999.0 -9999.0 -9999.0 -9999.0 -9999.0 -9999.0 -9999.0 -9999.0 -9999.0 -9999.0 -9999.0 -9999.0 -9999.0 -9999.0 01025.989 01038.814 01053.362 01057.841 01066.537 01075.845 01084.647 01095.331 01106.182 01117.579 01127.665 01131.429 01134.243 01136.737 01139.004 01141.210 01143.232 01145.222 01146.785 01148.253 01149.684 01150.719 01151.095 01151.249 01151.388 01151.489 01152.095 01151.479 01151.364 01151.234 01151.087 01150.896
-9999.0 -9999.0 -9999.0 -9999.0 -9999.0 -9999.0 -9999.0 -9999.0 -9999.0 -9999.0 -9999.0 -9999.0 -9999.0 -9999.0 -9999.0 -9999.0 -9999.0 -9999.0 -9999.0 -9999.0 -9999.0 -9999.0 -9999.0 -9999.0 -9999.0 -9999.0 -9999.0 -9999.0 -9999.0 -9999.0 01029.215 01042.131 01056.218 01058.150 01068.326 01077.861 01085.085 01096.810 01107.312 01118.344 01127.674 01131.374 01133.690 01135.902 01138.052 01140.032 01141.986 01143.495 01144.954 01146.338 01147.377 01148.333 01149.082 01149.717 01150.140 01150.460 01150.404 01149.946 01149.430 01148.850 01148.092
-9999.0 -9999.0 -9999.0 -9999.0 -9999.0 -9999.0 -9999.0 -9999.0 -9999.0 -9999.0 -9999.0 -9999.0 -9999.0 -9999.0 -9999.0 -9999.0 -9999.0 -9999.0 -9999.0 -9999.0 -9999.0 -9999.0 -9999.0 -9999.0 -9999.0 -9999.0 -9999.0 -9999.0 -9999.0 -9999.0 -9999.0 01031.842 01045.121 01057.107 01058.475 01069.936 01079.552 01085.315 01097.628 01107.747 01118.292 01127.650 01130.693 01132.851 01134.943 01136.893 01138.796 01140.257 01141.708 01143.053 01144.118 01145.064 01145.835 01146.482 01146.920 01147.253 01147.461 01147.022 01146.574 01146.015 01145.356
-9999.0 -9999.0 -9999.0 -9999.0 -9999.0 -9999.0 -9999.0 -9999.0 -9999.0 -9999.0 -9999.0 -9999.0 -9999.0 -9999.0 -9999.0 -9999.0 -9999.0 -9999.0 -9999.0 -9999.0 -9999.0 -9999.0 -9999.0 -9999.0 -9999.0 -9999.0 -9999.0 -9999.0 -9999.0 -9999.0 -9999.0 -9999.0 01034.392 01047.922 01057.322 01060.660 01071.080 01080.574 01085.428 01097.742 01107.461 01116.957 01126.118 01127.824 01131.899 01133.801 01135.651 01137.096 01138.513 01139.840 01140.906 01141.853 01142.653 01143.284 01143.768 01144.122 01144.403 01144.158 01143.706 01143.213 01142.660
-9999.0 -9999.0 -9999.0 -9999.0 -9999.0 -9999.0 -9999.0 -9999.0 -9999.0 -9999.0 -9999.0 -9999.0 -9999.0 -9999.0 -9999.0 -9999.0 -9999.0 -9999.0 -9999.0 -9999.0 -9999.0 -9999.0 -9999.0 -9999.0 -9999.0 -9999.0 -9999.0 -9999.0 -9999.0 -9999.0 -9999.0 -9999.0 -9999.0 01036.652 01050.208 01057.473 01062.908 01071.734 01080.860 01085.410 01097.434 01105.433 01113.885 01122.513 01127.714 01130.756 01132.557 01133.986 01135.369 01136.685 01137.743 01138.691 01139.532 01140.142 01140.663 01141.045 01141.314 01141.314 01140.885 01140.454 01139.922
-9999.0 -9999.0 -9999.0 -9999.0 -9999.0 -9999.0 -9999.0 -9999.0 -9999.0 -9999.0 -9999.0 -9999.0 -9999.0 -9999.0 -9999.0 -9999.0 -9999.0 -9999.0 -9999.0 -9999.0 -9999.0 -9999.0 -9999.0 -9999.0 -9999.0 -9999.0 -9999.0 -9999.0 -9999.0 -9999.0 -9999.0 -9999.0 -9999.0 01026.160 01038.048 01051.573 01057.571 01063.800 01071.772 01080.516 01085.240 01095.066 01102.639 01110.429 01118.193 01126.055 01127.792 01130.927 01132.295 01133.580 01134.658 01135.580 01136.460 01137.065 01137.611 01138.009 01138.282 01138.505 01138.109 01137.693 01137.217
-9999.0 -9999.0 -9999.0 -9999.0 -9999.0 -9999.0 -9999.0 -9999.0 -9999.0 -9999.0 -9999.0 -9999.0 -9999.0 -9999.0 -9999.0 -9999.0 -9999.0 -9999.0 -9999.0 -9999.0 -9999.0 -9999.0 -9999.0 -9999.0 -9999.0 -9999.0 -9999.0 -9999.0 -9999.0 -9999.0 -9999.0 -9999.0 -9999.0 -9999.0 01027.429 01038.932 01052.124 01057.591 01063.356 01071.451 01078.872 01084.677 01092.362 01099.451 01106.362 01113.459 01120.533 01126.623 01127.764 01130.526 01131.623 01132.529 01133.407 01134.038 01134.625 01135.007 01135.300 01135.555 01135.349 01134.970 01134.554
-9999.0 -9999.0 -9999.0 -9999.0 -9999.0 -9999.0 -9999.0 -9999.0 -9999.0 -9999.0 -9999.0 -9999.0 -9999.0 -9999.0 -9999.0 -9999.0 -9999.0 -9999.0 -9999.0 -9999.0 -9999.0 -9999.0 -9999.0 -9999.0 -9999.0 -9999.0 -9999.0 -9999.0 -9999.0 -9999.0 -9999.0 -9999.0 -9999.0 -9999.0 -9999.0 01027.902 01039.140 01051.953 01057.556 01061.266 01069.365 01076.249 01083.619 01085.549 01095.630 01102.006 01108.286 01113.829 01119.393 01124.912 01127.667 01127.793 01130.388 01131.060 01131.650 01132.066 01132.386 01132.624 01132.628 01132.288 01131.900
-9999.0 -9999.0 -9999.0 -9999.0 -9999.0 -9999.0 -9999.0 -9999.0 -9999.0 -9999.0 -9999.0 -9999.0 -9999.0 -9999.0 -9999.0 -9999.0 -9999.0 -9999.0 -9999.0 -9999.0 -9999.0 -9999.0 -9999.0 -9999.0 -9999.0 -9999.0 -9999.0 -9999.0 -9999.0 -9999.0 -9999.0 -9999.0 -9999.0 -9999.0 -9999.0 -9999.0 01027.698 01038.649 01050.940 01057.331 01058.401 01067.153 01073.482 01080.153 01084.743 01091.430 01097.076 01102.170 01107.270 01112.140 01116.784 01120.659 01124.432 01127.485 01127.682 01127.750 01127.791 01127.815 01127.831 01127.802 01127.763
-9999.0 -9999.0 -9999.0 -9999.0 -9999.0 -9999.0 -9999.0 -9999.0 -9999.0 -9999.0 -9999.0 -9999.0 -9999.0 -9999.0 -9999.0 -9999.0 -9999.0 -9999.0 -9999.0 -9999.0 -9999.0 -9999.0 -9999.0 -9999.0 -9999.0 -9999.0 -9999.0 -9999.0 -9999.0 -9999.0 -9999.0 -9999.0 -9999.0 -9999.0 -9999.0 -9999.0 -9999.0 01026.968 01036.694 01047.475 01057.030 01057.969 01064.567 01070.109 01076.106 01082.500 01085.035 01091.482 01096.194 01100.692 01104.785 01108.441 01111.783 01114.928 01117.354 01119.434 01121.116 01122.275 01123.229 01122.820 01121.406
-9999.0 -9999.0 -9999.0 -9999.0 -9999.0 -9999.0 -9999.0 -9999.0 -9999.0 -9999.0 -9999.0 -9999.0 -9999.0 -9999.0 -9999.0 -9999.0 -9999.0 -9999.0 -9999.0 -9999.0 -9999.0 -9999.0 -9999.0 -9999.0 -9999.0 -9999.0 -9999.0 -9999.0 -9999.0 -9999.0 -9999.0 -9999.0 -9999.0 -9999.0 -9999.0 -9999.0 -9999.0 -9999.0 -9999.0 01033.583 01043.473 01053.816 01057.516 01058.494 01066.735 01072.184 01077.093 01082.272 01084.822 01086.784 01094.084 01097.264 01100.445 01103.342 01105.563 01107.773 01109.251 01110.437 01111.272 01111.831 01110.636
-9999.0 -9999.0 -9999.0 -9999.0 -9999.0 -9999.0 -9999.0 -9999.0 -9999.0 -9999.0 -9999.0 -9999.0 -9999.0 -9999.0 -9999.0 -9999.0 -9999.0 -9999.0 -9999.0 -9999.0 -9999.0 -9999.0 -9999.0 -9999.0 -9999.0 -9999.0 -9999.0 -9999.0 -9999.0 -9999.0 -9999.0 -9999.0 -9999.0 -9999.0 -9999.0 -9999.0 -9999.0 -9999.0 -9999.0 -9999.0 01029.827 01038.767 01048.676 01057.030 01057.855 01061.538 01067.390 01071.736 01076.116 01080.706 01084.269 01085.082 01086.340 01092.876 01094.954 01096.924 01098.362 01099.665 01100.561 01101.190 01100.766
-9999.0 -9999.0 -9999.0 -9999.0 -9999.0 -9999.0 -9999.0 -9999.0 -9999.0 -9999.0 -9999.0 -9999.0 -9999.0 -9999.0 -9999.0 -9999.0 -9999.0 -9999.0 -9999.0 -9999.0 -9999.0 -9999.0 -9999.0 -9999.0 -9999.0 -9999.0 -9999.0 -9999.0 -9999.0 -9999.0 -9999.0 -9999.0 -9999.0 -9999.0 -9999.0 -9999.0 -9999.0 -9999.0 -9999.0 -9999.0 -9999.0 01025.261 01033.957 01042.614 01051.922 01057.211 01057.929 01060.069 01066.481 01070.215 01074.022 01077.192 01080.521 01083.664 01084.548 01085.045 01085.385 01085.639 01088.269 01090.347 01091.586
