examples/flatland/Outputs/centerIgnit/b_RAWS/singleWinds/flatland_centerIgnit_3mph240deg7hr_RAWS/flatland_centerIgnit_3mph240deg7hr_RAWS_Intensity.asc
NCOLS 100
NROWS 100
XLLCORNER 20000.000000
YLLCORNER 20000.000000
CELLSIZE 30.000000
NODATA_VALUE -9999.0
[rows 28 to 55 of 100, columns 0 to 62 of 100]
-9999.0 -9999.0 -9999.0 -9999.0 -9999.0 -9999.0 -9999.0 -9999.0 -9999.0 -9999.0 -9999.0 -9999.0 -9999.0 -9999.0 -9999.0 -9999.0 -9999.0 -9999.0 -9999.0 -9999.0 -9999.0 -9999.0 -9999.0 -9999.0 -9999.0 -9999.0 -9999.0 -9999.0 -9999.0 -9999.0 -9999.0 -9999.0 00022.240 00023.161 00023.718 00024.218 00024.996 00025.668 00026.360 00026.946 00027.876 00029.086 00030.097 00031.049 00031.748 00032.767 00033.752 00034.938 00036.093 00037.068 00038.046 00039.325 00041.005 00042.828 00044.626 00046.319 00047.108 00047.648 00048.061 00048.516 00048.997 00049.482 00049.606
-9999.0 -9999.0 -9999.0 -9999.0 -9999.0 -9999.0 -9999.0 -9999.0 -9999.0 -9999.0 -9999.0 -9999.0 -9999.0 -9999.0 -9999.0 -9999.0 -9999.0 -9999.0 -9999.0 -9999.0 -9999.0 -9999.0 -9999.0 -9999.0 -9999.0 -9999.0 -9999.0 -9999.0 -9999.0 -9999.0 -9999.0 -9999.0 00022.793 00023.427 00023.957 00024.535 00025.178 00025.854 00026.463 00027.212 00027.904 00029.130 00030.320 00031.331 00032.216 00033.106 00034.120 00035.394 00036.636 00037.544 00038.371 00039.818 00041.868 00044.049 00046.094 00047.315 00047.945 00048.148 00048.796 00049.514 00050.168 00050.373 00050.487
-9999.0 -9999.0 -9999.0 -9999.0 -9999.0 -9999.0 -9999.0 -9999.0 -9999.0 -9999.0 -9999.0 -9999.0 -9999.0 -9999.0 -9999.0 -9999.0 -9999.0 -9999.0 -9999.0 -9999.0 -9999.0 -9999.0 -9999.0 -9999.0 -9999.0 -9999.0 -9999.0 -9999.0 -9999.0 -9999.0 -9999.0 00022.326 00023.008 00023.630 00024.074 00024.779 00025.348 00025.994 00026.674 00027.385 00028.124 00029.075 00030.246 00031.577 00032.526 00033.462 00034.499 00035.723 00036.934 00038.030 00039.047 00040.359 00042.820 00045.347 00047.584 00048.172 00048.866 00049.498 00049.937 00050.571 00050.759 00051.182 00051.405
-9999.0 -9999.0 -9999.0 -9999.0 -9999.0 -9999.0 -9999.0 -9999.0 -9999.0 -9999.0 -9999.0 -9999.0 -9999.0 -9999.0 -9999.0 -9999.0 -9999.0 -9999.0 -9999.0 -9999.0 -9999.0 -9999.0 -9999.0 -9999.0 -9999.0 -9999.0 -9999.0 -9999.0 -9999.0 -9999.0 -9999.0 00022.557 00023.187 00023.725 00024.460 00025.053 00025.579 00026.096 00026.823 00027.562 00028.367 00029.118 00030.185 00031.638 00032.871 00033.758 00034.521 00036.086 00037.384 00038.453 00039.532 00041.026 00044.129 00047.003 00048.457 00049.083 00049.825 00050.365 00050.834 00051.276 00051.733 00052.015 00052.037
-9999.0 -9999.0 -9999.0 -9999.0 -9999.0 -9999.0 -9999.0 -9999.0 -9999.0 -9999.0 -9999.0 -9999.0 -9999.0 -9999.0 -9999.0 -9999.0 -9999.0 -9999.0 -9999.0 -9999.0 -9999.0 -9999.0 -9999.0 -9999.0 -9999.0 -9999.0 -9999.0 -9999.0 -9999.0 -9999.0 00021.818 00022.709 00023.300 00023.976 00024.648 00025.272 00025.741 00026.319 00026.977 00027.747 00028.469 00029.371 00030.311 00031.654 00032.808 00033.939 00034.963 00036.346 00037.600 00038.756 00039.984 00042.203 00046.061 00047.758 00049.161 00050.057 00050.757 00051.264 00051.755 00052.213 00052.586 00052.820 00053.033
-9999.0 -9999.0 -9999.0 -9999.0 -9999.0 -9999.0 -9999.0 -9999.0 -9999.0 -9999.0 -9999.0 -9999.0 -9999.0 -9999.0 -9999.0 -9999.0 -9999.0 -9999.0 -9999.0 -9999.0 -9999.0 -9999.0 -9999.0 -9999.0 -9999.0 -9999.0 -9999.0 -9999.0 -9999.0 -9999.0 00021.846 00022.637 00023.270 00024.107 00024.784 00025.430 00026.039 00026.560 00027.140 00027.845 00028.616 00029.468 00030.465 00031.759 00032.951 00034.117 00035.302 00036.695 00037.890 00039.260 00041.205 00043.868 00046.447 00048.763 00050.297 00051.141 00051.704 00052.233 00052.747 00053.174 00053.438 00053.674 00053.852
-9999.0 -9999.0 -9999.0 -9999.0 -9999.0 -9999.0 -9999.0 -9999.0 -9999.0 -9999.0 -9999.0 -9999.0 -9999.0 -9999.0 -9999.0 -9999.0 -9999.0 -9999.0 -9999.0 -9999.0 -9999.0 -9999.0 -9999.0 -9999.0 -9999.0 -9999.0 -9999.0 -9999.0 -9999.0 00021.160 00021.862 00022.665 00023.517 00024.203 00024.910 00025.497 00026.205 00026.857 00027.395 00027.962 00028.714 00029.581 00030.515 00031.769 00033.000 00034.245 00035.632 00037.006 00038.193 00039.461 00041.569 00044.922 00047.851 00050.279 00051.068 00051.814 00052.566 00053.281 00053.807 00054.236 00054.398 00054.586 00054.544
-9999.0 -9999.0 -9999.0 -9999.0 -9999.0 -9999.0 -9999.0 -9999.0 -9999.0 -9999.0 -9999.0 -9999.0 -9999.0 -9999.0 -9999.0 -9999.0 -9999.0 -9999.0 -9999.0 -9999.0 -9999.0 -9999.0 -9999.0 -9999.0 -9999.0 -9999.0 -9999.0 -9999.0 -9999.0 00021.278 00021.934 00022.450 00023.431 00024.289 00024.886 00025.671 00026.357 00027.068 00027.627 00028.148 00028.841 00029.694 00030.465 00031.600 00033.015 00034.326 00035.789 00037.042 00038.322 00039.570 00042.031 00046.171 00049.645 00051.100 00051.876 00052.662 00053.417 00054.068 00054.873 00055.296 00055.202 00055.199 00054.987
-9999.0 -9999.0 -9999.0 -9999.0 -9999.0 -9999.0 -9999.0 -9999.0 -9999.0 -9999.0 -9999.0 -9999.0 -9999.0 -9999.0 -9999.0 -9999.0 -9999.0 -9999.0 -9999.0 -9999.0 -9999.0 -9999.0 -9999.0 -9999.0 -9999.0 -9999.0 -9999.0 -9999.0 -9999.0 00021.370 00022.006 00022.606 00023.265 00024.150 00024.826 00025.647 00026.502 00027.188 00027.845 00028.418 00029.000 00029.576 00030.445 00031.344 00032.899 00034.292 00035.675 00037.123 00038.431 00040.020 00043.779 00047.038 00050.038 00051.847 00052.897 00053.656 00054.275 00055.167 00055.598 00055.775 00055.817 00055.645 00055.405
-9999.0 -9999.0 -9999.0 -9999.0 -9999.0 -9999.0 -9999.0 -9999.0 -9999.0 -9999.0 -9999.0 -9999.0 -9999.0 -9999.0 -9999.0 -9999.0 -9999.0 -9999.0 -9999.0 -9999.0 -9999.0 -9999.0 -9999.0 -9999.0 -9999.0 -9999.0 -9999.0 -9999.0 00020.562 00021.305 00022.012 00022.652 00023.311 00023.968 00024.801 00025.600 00026.510 00027.304 00027.997 00028.706 00029.127 00029.699 00030.435 00031.244 00032.505 00033.915 00035.537 00036.959 00038.480 00041.168 00045.035 00048.422 00051.374 00052.846 00053.890 00054.618 00055.294 00055.920 00056.129 00056.144 00056.229 00056.107 00055.747
-9999.0 -9999.0 -9999.0 -9999.0 -9999.0 -9999.0 -9999.0 -9999.0 -9999.0 -9999.0 -9999.0 -9999.0 -9999.0 -9999.0 -9999.0 -9999.0 -9999.0 -9999.0 -9999.0 -9999.0 -9999.0 -9999.0 -9999.0 -9999.0 -9999.0 -9999.0 -9999.0 -9999.0 00020.575 00021.253 00021.772 00022.672 00023.330 00023.956 00024.737 00025.542 00026.348 00027.289 00028.144 00028.891 00029.446 00029.850 00030.440 00031.241 00031.909 00033.114 00035.076 00036.596 00038.315 00041.460 00046.697 00050.568 00052.979 00053.927 00054.785 00055.545 00056.031 00056.322 00056.579 00056.563 00056.363 00056.334 00056.073
-9999.0 -9999.0 -9999.0 -9999.0 -9999.0 -9999.0 -9999.0 -9999.0 -9999.0 -9999.0 -9999.0 -9999.0 -9999.0 -9999.0 -9999.0 -9999.0 -9999.0 -9999.0 -9999.0 -9999.0 -9999.0 -9999.0 -9999.0 -9999.0 -9999.0 -9999.0 -9999.0 -9999.0 00020.575 00021.226 00021.932 00022.651 00023.334 00023.978 00024.669 00025.475 00026.234 00027.120 00028.198 00028.761 00029.506 00030.075 00030.519 00031.015 00031.930 00033.161 00034.726 00036.463 00038.330 00043.317 00048.577 00052.944 00054.323 00055.073 00055.818 00056.356 00056.680 00056.897 00056.856 00056.749 00056.616 00056.367 00056.393
-9999.0 -9999.0 -9999.0 -9999.0 -9999.0 -9999.0 -9999.0 -9999.0 -9999.0 -9999.0 -9999.0 -9999.0 -9999.0 -9999.0 -9999.0 -9999.0 -9999.0 -9999.0 -9999.0 -9999.0 -9999.0 -9999.0 -9999.0 -9999.0 -9999.0 -9999.0 -9999.0 -9999.0 00020.564 00021.191 00021.844 00022.526 00023.186 00023.929 00024.632 00025.345 00026.098 00026.961 00027.878 00028.804 00029.504 00030.235 00030.616 00030.852 00031.576 00032.776 00034.381 00036.640 00040.421 00046.013 00050.863 00054.353 00056.049 00056.721 00056.953 00057.066 00057.202 00057.143 00057.006 00056.870 00056.755 00056.676 00056.556
-9999.0 -9999.0 -9999.0 -9999.0 -9999.0 -9999.0 -9999.0 -9999.0 -9999.0 -9999.0 -9999.0 -9999.0 -9999.0 -9999.0 -9999.0 -9999.0 -9999.0 -9999.0 -9999.0 -9999.0 -9999.0 -9999.0 -9999.0 -9999.0 -9999.0 -9999.0 -9999.0 00019.766 00020.482 00021.098 00021.746 00022.404 00022.977 00023.758 00024.562 00025.260 00025.939 00026.803 00027.612 00028.704 00029.451 00030.265 00030.741 00030.911 00031.250 00032.139 00034.189 00036.712 00040.417 00048.892 00054.460 00057.456 00058.052 00058.262 00058.139 00057.735 00057.406 00057.267 00057.129 00057.024 00056.965 00056.960 00056.945
-9999.0 -9999.0 -9999.0 -9999.0 -9999.0 -9999.0 -9999.0 -9999.0 -9999.0 -9999.0 -9999.0 -9999.0 -9999.0 -9999.0 -9999.0 -9999.0 -9999.0 -9999.0 -9999.0 -9999.0 -9999.0 -9999.0 -9999.0 -9999.0 -9999.0 -9999.0 -9999.0 00019.697 00020.365 00020.890 00021.656 00022.290 00022.893 00023.577 00024.341 00025.079 00025.760 00026.622 00027.355 00028.349 00029.282 00029.833 00030.637 00031.004 00031.168 00031.872 00033.826 00036.500 00043.328 00051.464 00056.103 00059.274 00059.613 00059.556 00058.964 00058.264 00057.726 00057.393 00057.292 00057.269 00057.274 00057.235 00057.086
-9999.0 -9999.0 -9999.0 -9999.0 -9999.0 -9999.0 -9999.0 -9999.0 -9999.0 -9999.0 -9999.0 -9999.0 -9999.0 -9999.0 -9999.0 -9999.0 -9999.0 -9999.0 -9999.0 -9999.0 -9999.0 -9999.0 -9999.0 -9999.0 -9999.0 -9999.0 -9999.0 00019.634 00020.282 00020.745 00021.572 00022.196 00022.784 00023.426 00024.127 00024.843 00025.599 00026.245 00027.046 00027.817 00028.809 00029.507 00030.295 00030.995 00031.379 00032.088 00033.096 00036.024 00045.006 00055.945 00060.734 00061.081 00060.830 00060.183 00059.538 00058.910 00058.195 00057.717 00057.589 00057.602 00057.485 00057.335 00057.186
-9999.0 -9999.0 -9999.0 -9999.0 -9999.0 -9999.0 -9999.0 -9999.0 -9999.0 -9999.0 -9999.0 -9999.0 -9999.0 -9999.0 -9999.0 -9999.0 -9999.0 -9999.0 -9999.0 -9999.0 -9999.0 -9999.0 -9999.0 -9999.0 -9999.0 -9999.0 -9999.0 00019.571 00020.202 00020.698 00021.460 00022.083 00022.669 00023.305 00023.948 00024.690 00025.430 00026.075 00026.752 00027.479 00028.298 00029.015 00029.805 00030.743 00031.787 00032.550 00033.321 00034.383 -9999.0 -9999.000 00062.681 00062.082 00061.450 00060.773 00060.111 00059.482 00058.931 00058.380 00057.989 00057.732 00057.579 00057.381 00057.120
-9999.0 -9999.0 -9999.0 -9999.0 -9999.0 -9999.0 -9999.0 -9999.0 -9999.0 -9999.0 -9999.0 -9999.0 -9999.0 -9999.0 -9999.0 -9999.0 -9999.0 -9999.0 -9999.0 -9999.0 -9999.0 -9999.0 -9999.0 -9999.0 -9999.0 -9999.0 -9999.0 00019.457 00020.093 00020.664 00021.317 00021.888 00022.501 00023.157 00023.789 00024.448 00025.182 00025.844 00026.472 00027.180 00027.833 00028.446 00029.190 00030.351 00032.126 00033.033 00033.766 -9999.000 -9999.0 -9999.0 -9999.000 00062.656 00062.014 00061.376 00060.703 00060.218 00059.781 00059.070 00058.325 00057.592 00057.256 00057.230 00056.438
-9999.0 -9999.0 -9999.0 -9999.0 -9999.0 -9999.0 -9999.0 -9999.0 -9999.0 -9999.0 -9999.0 -9999.0 -9999.0 -9999.0 -9999.0 -9999.0 -9999.0 -9999.0 -9999.0 -9999.0 -9999.0 -9999.0 -9999.0 -9999.0 -9999.0 -9999.0 -9999.0 00019.269 00019.904 00020.515 00021.194 00021.637 00022.263 00022.949 00023.612 00024.180 00024.866 00025.515 00026.167 00026.689 00027.236 00027.853 00028.399 00029.896 00031.602 00033.517 -9999.000 -9999.0 -9999.0 -9999.0 -9999.0 -9999.000 00062.585 00061.946 00061.550 00060.732 00060.150 00059.254 00057.751 00056.652 00056.521 00055.888 00055.095
-9999.0 -9999.0 -9999.0 -9999.0 -9999.0 -9999.0 -9999.0 -9999.0 -9999.0 -9999.0 -9999.0 -9999.0 -9999.0 -9999.0 -9999.0 -9999.0 -9999.0 -9999.0 -9999.0 -9999.0 -9999.0 -9999.0 -9999.0 -9999.0 -9999.0 -9999.0 -9999.0 00019.029 00019.638 00020.132 00020.742 00021.364 00021.956 00022.596 00023.094 00023.757 00024.450 00025.018 00025.577 00026.057 00026.522 00027.129 00027.496 00029.277 00030.606 00033.672 -9999.0 -9999.0 -9999.0 -9999.0 -9999.0 -9999.0 -9999.000 00062.668 00061.365 00060.076 00059.100 00058.049 00056.811 00055.369 00054.373 00053.303 00052.820
-9999.0 -9999.0 -9999.0 -9999.0 -9999.0 -9999.0 -9999.0 -9999.0 -9999.0 -9999.0 -9999.0 -9999.0 -9999.0 -9999.0 -9999.0 -9999.0 -9999.0 -9999.0 -9999.0 -9999.0 -9999.0 -9999.0 -9999.0 -9999.0 -9999.0 -9999.0 -9999.0 00018.641 00019.217 00019.704 00020.415 00021.026 00021.543 00022.108 00022.618 00023.257 00023.963 00024.445 00024.714 00025.407 00025.729 00025.671 00026.486 00027.304 00028.886 -9999.000 -9999.0 -9999.0 -9999.0 -9999.0 -9999.0 -9999.0 -9999.000 00061.771 00060.444 00058.431 00056.493 00054.449 00053.372 00052.523 00051.190 00051.111 00050.985
-9999.0 -9999.0 -9999.0 -9999.0 -9999.0 -9999.0 -9999.0 -9999.0 -9999.0 -9999.0 -9999.0 -9999.0 -9999.0 -9999.0 -9999.0 -9999.0 -9999.0 -9999.0 -9999.0 -9999.0 -9999.0 -9999.0 -9999.0 -9999.0 -9999.0 -9999.0 -9999.0 00018.433 00019.039 00019.512 00020.151 00020.680 00021.162 00021.682 00022.273 00022.803 00023.378 00023.772 00024.234 00024.816 00024.945 00025.108 00025.479 00026.089 00027.205 -9999.000 -9999.0 -9999.0 -9999.0 -9999.0 -9999.0 -9999.0 -9999.0 00053.661 00053.845 00053.562 00051.964 00051.011 00050.464 00050.093 00049.882 00049.740 00049.605
-9999.0 -9999.0 -9999.0 -9999.0 -9999.0 -9999.0 -9999.0 -9999.0 -9999.0 -9999.0 -9999.0 -9999.0 -9999.0 -9999.0 -9999.0 -9999.0 -9999.0 -9999.0 -9999.0 -9999.0 -9999.0 -9999.0 -9999.0 -9999.0 -9999.0 -9999.0 -9999.0 -9999.0 00018.831 00019.363 00019.923 00020.448 00020.907 00021.447 00022.010 00022.496 00023.017 00023.373 00023.897 00024.324 00024.558 00024.697 00024.836 00025.313 00026.161 00026.883 -9999.000 -9999.0 -9999.0 -9999.0 -9999.0 -9999.0 -9999.000 00050.037 00049.955 00049.888 00049.431 00048.947 00048.461 00048.309 00048.313 00048.292 00048.253
-9999.0 -9999.0 -9999.0 -9999.0 -9999.0 -9999.0 -9999.0 -9999.0 -9999.0 -9999.0 -9999.0 -9999.0 -9999.0 -9999.0 -9999.0 -9999.0 -9999.0 -9999.0 -9999.0 -9999.0 -9999.0 -9999.0 -9999.0 -9999.0 -9999.0 -9999.0 -9999.0 -9999.0 00018.611 00019.158 00019.701 00020.226 00020.680 00021.200 00021.742 00022.222 00022.731 00023.278 00023.650 00024.046 00024.396 00024.568 00024.723 00024.943 00025.649 00026.368 00027.054 -9999.0 -9999.0 -9999.0 -9999.0 -9999.000 00050.166 00049.453 00048.717 00048.044 00047.428 00046.763 00046.558 00046.714 00046.826 00046.903 00046.951
-9999.0 -9999.0 -9999.0 -9999.0 -9999.0 -9999.0 -9999.0 -9999.0 -9999.0 -9999.0 -9999.0 -9999.0 -9999.0 -9999.0 -9999.0 -9999.0 -9999.0 -9999.0 -9999.0 -9999.0 -9999.0 -9999.0 -9999.0 -9999.0 -9999.0 -9999.0 -9999.0 -9999.0 00018.379 00018.948 00019.326 00019.998 00020.506 00020.962 00021.469 00021.972 00022.464 00022.995 00023.428 00023.811 00024.224 00024.465 00024.637 00024.825 00025.139 00025.828 00026.516 -9999.000 -9999.0 -9999.0 -9999.0 00050.413 00049.691 00048.967 00048.221 00047.506 00046.745 00046.142 00045.909 00045.829 00045.792 00045.765 00045.737
-9999.0 -9999.0 -9999.0 -9999.0 -9999.0 -9999.0 -9999.0 -9999.0 -9999.0 -9999.0 -9999.0 -9999.0 -9999.0 -9999.0 -9999.0 -9999.0 -9999.0 -9999.0 -9999.0 -9999.0 -9999.0 -9999.0 -9999.0 -9999.0 -9999.0 -9999.0 -9999.0 -9999.0 -9999.0 00018.703 00019.187 00019.739 00020.243 00020.670 00021.210 00021.742 00022.189 00022.677 00023.179 00023.588 00023.982 00024.395 00024.572 00024.737 00024.890 00025.262 00025.965 00026.666 -9999.000 -9999.0 -9999.000 00048.682 00048.408 00048.242 00047.510 00046.859 00046.291 00045.951 00045.796 00045.647 00045.500 00045.354 00045.156
-9999.0 -9999.0 -9999.0 -9999.0 -9999.0 -9999.0 -9999.0 -9999.0 -9999.0 -9999.0 -9999.0 -9999.0 -9999.0 -9999.0 -9999.0 -9999.0 -9999.0 -9999.0 -9999.0 -9999.0 -9999.0 -9999.0 -9999.0 -9999.0 -9999.0 -9999.0 -9999.0 -9999.0 -9999.0 00018.438 00018.967 00019.488 00019.990 00020.454 00020.932 00021.429 00021.909 00022.402 00022.933 00023.215 00023.741 00024.142 00024.459 00024.632 00024.775 00024.923 00025.445 00026.334 00028.111 -9999.000 00039.486 00042.042 00044.385 00044.833 00045.008 00044.897 00044.954 00045.171 00045.171 00045.200 00045.249 00045.111 00045.030
-9999.0 -9999.0 -9999.0 -9999.0 -9999.0 -9999.0 -9999.0 -9999.0 -9999.0 -9999.0 -9999.0 -9999.0 -9999.0 -9999.0 -9999.0 -9999.0 -9999.0 -9999.0 -9999.0 -9999.0 -9999.0 -9999.0 -9999.0 -9999.0 -9999.0 -9999.0 -9999.0 -9999.0 -9999.0 00018.164 00018.716 00019.140 00019.723 00020.214 00020.635 00021.147 00021.679 00022.128 00022.599 00023.112 00023.507 00023.873 00024.247 00024.475 00024.671 00024.847 00025.157 00025.990 00027.004 00030.214 00035.117 00039.389 00040.997 00041.565 00042.096 00042.532 00042.993 00043.766 00043.970 00044.120 00044.486 00044.477 00044.296
