examples/flatland/Outputs/centerIgnit/b_RAWS/singleWinds/flatland_centerIgnit_3mph240deg7hr_RAWS/flatland_centerIgnit_3mph240deg7hr_RAWS_ArrivalTime.asc
NCOLS 100
NROWS 100
XLLCORNER 20000.000000
YLLCORNER 20000.000000
CELLSIZE 30.000000
NODATA_VALUE -9999.0
[rows 28 to 55 of 100, columns 0 to 62 of 100]
-9999.0 -9999.0 -9999.0 -9999.0 -9999.0 -9999.0 -9999.0 -9999.0 -9999.0 -9999.0 -9999.0 -9999.0 -9999.0 -9999.0 -9999.0 -9999.0 -9999.0 -9999.0 -9999.0 -9999.0 -9999.0 -9999.0 -9999.0 -9999.0 -9999.0 -9999.0 -9999.0 -9999.0 -9999.0 -9999.0 -9999.0 -9999.0 00419.786 00401.284 00383.123 00365.388 00347.996 00331.553 00315.813 00300.726 00286.192 00271.959 00260.604 00249.557 00239.111 00229.337 00220.522 00213.057 00205.985 00200.229 00194.961 00190.787 00187.503 00184.393 00185.642 00187.143 00189.146 00191.764 00194.613 00198.344 00202.329 00206.394 00211.674
-9999.0 -9999.0 -9999.0 -9999.0 -9999.0 -9999.0 -9999.0 -9999.0 -9999.0 -9999.0 -9999.0 -9999.0 -9999.0 -9999.0 -9999.0 -9999.0 -9999.0 -9999.0 -9999.0 -9999.0 -9999.0 -9999.0 -9999.0 -9999.0 -9999.0 -9999.0 -9999.0 -9999.0 -9999.0 -9999.0 -9999.0 -9999.0 00407.734 00389.377 00371.346 00353.613 00336.357 00319.369 00303.732 00288.371 00273.861 00259.665 00247.377 00236.356 00225.762 00216.065 00206.971 00199.589 00192.548 00186.834 00181.679 00177.548 00174.334 00172.390 00173.964 00175.768 00178.001 00180.820 00184.152 00188.068 00192.062 00197.063 00202.334
-9999.0 -9999.0 -9999.0 -9999.0 -9999.0 -9999.0 -9999.0 -9999.0 -9999.0 -9999.0 -9999.0 -9999.0 -9999.0 -9999.0 -9999.0 -9999.0 -9999.0 -9999.0 -9999.0 -9999.0 -9999.0 -9999.0 -9999.0 -9999.0 -9999.0 -9999.0 -9999.0 -9999.0 -9999.0 -9999.0 -9999.0 00415.420 00396.209 00377.626 00359.682 00342.110 00324.833 00308.004 00291.742 00276.478 00261.744 00247.589 00234.245 00223.293 00212.674 00202.914 00193.534 00186.267 00179.241 00173.550 00168.497 00164.465 00161.194 00160.772 00162.485 00164.454 00167.138 00170.061 00173.964 00177.888 00182.606 00187.825 00193.284
-9999.0 -9999.0 -9999.0 -9999.0 -9999.0 -9999.0 -9999.0 -9999.0 -9999.0 -9999.0 -9999.0 -9999.0 -9999.0 -9999.0 -9999.0 -9999.0 -9999.0 -9999.0 -9999.0 -9999.0 -9999.0 -9999.0 -9999.0 -9999.0 -9999.0 -9999.0 -9999.0 -9999.0 -9999.0 -9999.0 -9999.0 00404.259 00384.947 00366.209 00348.201 00330.722 00313.568 00296.736 00280.240 00264.736 00249.781 00235.682 00221.723 00210.348 00199.791 00189.889 00180.406 00173.044 00166.041 00160.353 00155.413 00151.485 00148.065 00149.338 00151.245 00153.554 00156.325 00159.952 00163.840 00168.260 00173.458 00178.822 00184.433
-9999.0 -9999.0 -9999.0 -9999.0 -9999.0 -9999.0 -9999.0 -9999.0 -9999.0 -9999.0 -9999.0 -9999.0 -9999.0 -9999.0 -9999.0 -9999.0 -9999.0 -9999.0 -9999.0 -9999.0 -9999.0 -9999.0 -9999.0 -9999.0 -9999.0 -9999.0 -9999.0 -9999.0 -9999.0 -9999.0 00413.016 00393.300 00373.993 00355.184 00336.892 00319.483 00302.435 00285.643 00269.213 00253.097 00238.286 00223.899 00210.035 00197.478 00187.031 00177.000 00167.565 00159.898 00152.924 00147.245 00142.414 00138.527 00136.071 00138.082 00140.068 00142.814 00146.045 00149.893 00154.013 00159.183 00164.489 00170.031 00175.795
-9999.0 -9999.0 -9999.0 -9999.0 -9999.0 -9999.0 -9999.0 -9999.0 -9999.0 -9999.0 -9999.0 -9999.0 -9999.0 -9999.0 -9999.0 -9999.0 -9999.0 -9999.0 -9999.0 -9999.0 -9999.0 -9999.0 -9999.0 -9999.0 -9999.0 -9999.0 -9999.0 -9999.0 -9999.0 -9999.0 00403.399 00382.448 00363.281 00344.410 00326.155 00308.363 00291.403 00274.733 00258.290 00242.260 00226.871 00212.328 00198.469 00184.805 00174.353 00164.200 00154.816 00146.837 00139.899 00134.228 00129.504 00125.431 00124.859 00126.969 00129.401 00132.240 00136.060 00139.884 00145.018 00150.253 00155.744 00161.522 00168.550
-9999.0 -9999.0 -9999.0 -9999.0 -9999.0 -9999.0 -9999.0 -9999.0 -9999.0 -9999.0 -9999.0 -9999.0 -9999.0 -9999.0 -9999.0 -9999.0 -9999.0 -9999.0 -9999.0 -9999.0 -9999.0 -9999.0 -9999.0 -9999.0 -9999.0 -9999.0 -9999.0 -9999.0 -9999.0 00416.188 00394.363 00373.098 00352.636 00333.943 00315.564 00297.771 00280.510 00263.916 00247.612 00231.558 00215.812 00201.108 00187.017 00173.417 00161.734 00151.611 00142.146 00133.857 00126.978 00121.296 00116.582 00112.257 00113.778 00116.094 00118.786 00122.328 00126.124 00130.945 00136.134 00141.559 00147.357 00154.376 00161.413
-9999.0 -9999.0 -9999.0 -9999.0 -9999.0 -9999.0 -9999.0 -9999.0 -9999.0 -9999.0 -9999.0 -9999.0 -9999.0 -9999.0 -9999.0 -9999.0 -9999.0 -9999.0 -9999.0 -9999.0 -9999.0 -9999.0 -9999.0 -9999.0 -9999.0 -9999.0 -9999.0 -9999.0 -9999.0 00407.487 00385.634 00364.318 00343.474 00323.552 00305.319 00287.358 00269.978 00253.241 00237.022 00221.024 00205.315 00189.975 00175.829 00162.140 00149.170 00139.144 00129.565 00120.962 00114.123 00108.409 00103.620 00100.362 00102.895 00105.505 00108.656 00112.438 00116.967 00122.122 00127.463 00133.321 00140.311 00147.319 00154.401
-9999.0 -9999.0 -9999.0 -9999.0 -9999.0 -9999.0 -9999.0 -9999.0 -9999.0 -9999.0 -9999.0 -9999.0 -9999.0 -9999.0 -9999.0 -9999.0 -9999.0 -9999.0 -9999.0 -9999.0 -9999.0 -9999.0 -9999.0 -9999.0 -9999.0 -9999.0 -9999.0 -9999.0 -9999.0 00399.446 00377.299 00355.789 00334.984 00314.578 00295.116 00277.279 00259.781 00242.778 00226.534 00210.621 00194.929 00179.539 00164.867 00150.979 00137.450 00126.745 00117.086 00108.112 00101.301 00095.564 00090.582 00089.443 00092.209 00095.028 00098.791 00103.026 00108.180 00113.446 00119.404 00126.363 00133.330 00140.446 00147.791
-9999.0 -9999.0 -9999.0 -9999.0 -9999.0 -9999.0 -9999.0 -9999.0 -9999.0 -9999.0 -9999.0 -9999.0 -9999.0 -9999.0 -9999.0 -9999.0 -9999.0 -9999.0 -9999.0 -9999.0 -9999.0 -9999.0 -9999.0 -9999.0 -9999.0 -9999.0 -9999.0 -9999.0 00414.492 00391.517 00369.447 00347.794 00326.680 00306.356 00286.317 00267.256 00249.828 00232.792 00216.138 00200.303 00184.724 00169.311 00154.146 00140.083 00126.477 00114.362 00104.663 00095.287 00088.499 00082.661 00077.246 00078.694 00081.650 00085.178 00089.118 00094.278 00099.456 00105.543 00112.494 00119.439 00126.604 00133.898 00141.230
-9999.0 -9999.0 -9999.0 -9999.0 -9999.0 -9999.0 -9999.0 -9999.0 -9999.0 -9999.0 -9999.0 -9999.0 -9999.0 -9999.0 -9999.0 -9999.0 -9999.0 -9999.0 -9999.0 -9999.0 -9999.0 -9999.0 -9999.0 -9999.0 -9999.0 -9999.0 -9999.0 -9999.0 00408.371 00384.732 00361.656 00340.126 00318.992 00298.221 00278.308 00258.657 00239.977 00222.962 00206.298 00190.096 00174.583 00159.227 00144.063 00129.311 00115.638 00101.981 00092.297 00082.872 00075.714 00069.620 00064.836 00068.200 00071.614 00075.327 00080.384 00085.529 00091.704 00098.664 00105.608 00112.841 00120.105 00127.388 00134.699
-9999.0 -9999.0 -9999.0 -9999.0 -9999.0 -9999.0 -9999.0 -9999.0 -9999.0 -9999.0 -9999.0 -9999.0 -9999.0 -9999.0 -9999.0 -9999.0 -9999.0 -9999.0 -9999.0 -9999.0 -9999.0 -9999.0 -9999.0 -9999.0 -9999.0 -9999.0 -9999.0 -9999.0 00402.459 00378.786 00355.663 00332.961 00311.477 00290.819 00270.482 00250.842 00231.583 00213.233 00196.598 00180.293 00164.521 00149.219 00134.078 00119.129 00104.943 00091.284 00079.889 00070.514 00062.968 00056.535 00054.369 00058.086 00061.778 00066.532 00071.641 00077.901 00084.875 00091.884 00099.118 00106.367 00113.630 00120.902 00128.189
-9999.0 -9999.0 -9999.0 -9999.0 -9999.0 -9999.0 -9999.0 -9999.0 -9999.0 -9999.0 -9999.0 -9999.0 -9999.0 -9999.0 -9999.0 -9999.0 -9999.0 -9999.0 -9999.0 -9999.0 -9999.0 -9999.0 -9999.0 -9999.0 -9999.0 -9999.0 -9999.0 -9999.0 00396.913 00373.214 00349.954 00327.304 00305.100 00283.451 00263.225 00243.334 00223.963 00205.021 00186.986 00170.728 00154.681 00139.274 00124.206 00109.222 00094.365 00080.614 00067.480 00058.174 00050.275 00043.115 00044.253 00048.267 00052.757 00057.801 00064.149 00071.136 00078.220 00085.438 00092.668 00099.909 00107.161 00114.428 00121.873
-9999.0 -9999.0 -9999.0 -9999.0 -9999.0 -9999.0 -9999.0 -9999.0 -9999.0 -9999.0 -9999.0 -9999.0 -9999.0 -9999.0 -9999.0 -9999.0 -9999.0 -9999.0 -9999.0 -9999.0 -9999.0 -9999.0 -9999.0 -9999.0 -9999.0 -9999.0 -9999.0 00417.422 00392.437 00367.924 00344.608 00321.884 00299.598 00277.828 00256.373 00236.207 00216.695 00197.575 00178.953 00161.193 00145.220 00129.412 00114.367 00099.413 00084.526 00070.034 00056.223 00045.920 00037.488 00029.849 00034.621 00039.175 00044.107 00050.505 00057.467 00064.599 00071.796 00079.005 00086.228 00093.461 00100.750 00108.171 00115.623
-9999.0 -9999.0 -9999.0 -9999.0 -9999.0 -9999.0 -9999.0 -9999.0 -9999.0 -9999.0 -9999.0 -9999.0 -9999.0 -9999.0 -9999.0 -9999.0 -9999.0 -9999.0 -9999.0 -9999.0 -9999.0 -9999.0 -9999.0 -9999.0 -9999.0 -9999.0 -9999.0 00413.787 00388.822 00364.366 00340.377 00316.848 00294.412 00272.574 00251.143 00230.105 00209.660 00190.514 00171.688 00153.266 00135.784 00120.040 00104.560 00089.625 00074.749 00059.932 00045.861 00033.751 00024.983 00020.322 00025.639 00030.578 00037.054 00043.979 00051.066 00058.202 00065.384 00072.585 00079.796 00087.109 00094.499 00102.140 00110.546
-9999.0 -9999.0 -9999.0 -9999.0 -9999.0 -9999.0 -9999.0 -9999.0 -9999.0 -9999.0 -9999.0 -9999.0 -9999.0 -9999.0 -9999.0 -9999.0 -9999.0 -9999.0 -9999.0 -9999.0 -9999.0 -9999.0 -9999.0 -9999.0 -9999.0 -9999.0 -9999.0 00411.023 00385.586 00360.858 00336.935 00313.471 00290.424 00267.766 00246.077 00225.061 00204.356 00183.952 00164.777 00146.215 00127.899 00110.639 00095.068 00079.860 00065.011 00050.269 00035.732 00021.880 00011.566 00011.481 00017.136 00023.782 00030.708 00037.710 00044.754 00051.841 00058.984 00066.172 00073.493 00080.847 00089.012 00097.401 00105.796
-9999.0 -9999.0 -9999.0 -9999.0 -9999.0 -9999.0 -9999.0 -9999.0 -9999.0 -9999.0 -9999.0 -9999.0 -9999.0 -9999.0 -9999.0 -9999.0 -9999.0 -9999.0 -9999.0 -9999.0 -9999.0 -9999.0 -9999.0 -9999.0 -9999.0 -9999.0 -9999.0 00408.875 00383.483 00358.593 00334.194 00310.263 00287.126 00264.526 00242.317 00220.443 00199.400 00179.071 00158.968 00139.336 00121.051 00102.835 00085.645 00070.252 00055.315 00040.704 00026.289 00012.121 0.0 00000.000 00010.730 00017.597 00024.504 00031.469 00038.479 00045.529 00052.647 00059.897 00067.564 00075.931 00084.302 00092.998 00101.951
-9999.0 -9999.0 -9999.0 -9999.0 -9999.0 -9999.0 -9999.0 -9999.0 -9999.0 -9999.0 -9999.0 -9999.0 -9999.0 -9999.0 -9999.0 -9999.0 -9999.0 -9999.0 -9999.0 -9999.0 -9999.0 -9999.0 -9999.0 -9999.0 -9999.0 -9999.0 -9999.0 00407.749 00382.065 00356.878 00332.205 00308.314 00284.849 00261.783 00239.144 00217.333 00195.829 00174.632 00154.171 00134.326 00114.641 00096.061 00077.900 00060.794 00045.727 00031.223 00016.935 00000.000 0.0 0.0 00000.000 00011.477 00018.352 00025.266 00032.231 00039.287 00046.427 00054.570 00062.891 00071.495 00080.427 00089.380 00098.501
-9999.0 -9999.0 -9999.0 -9999.0 -9999.0 -9999.0 -9999.0 -9999.0 -9999.0 -9999.0 -9999.0 -9999.0 -9999.0 -9999.0 -9999.0 -9999.0 -9999.0 -9999.0 -9999.0 -9999.0 -9999.0 -9999.0 -9999.0 -9999.0 -9999.0 -9999.0 -9999.0 00407.220 00381.359 00356.014 00331.286 00307.084 00283.312 00260.021 00237.314 00215.043 00193.078 00171.654 00150.734 00130.012 00109.954 00090.376 00071.211 00053.128 00036.359 00021.825 00000.000 0.0 0.0 0.0 0.0 00000.000 00012.226 00019.107 00026.053 00033.546 00041.741 00050.086 00058.817 00067.767 00076.774 00085.900 00095.169
-9999.0 -9999.0 -9999.0 -9999.0 -9999.0 -9999.0 -9999.0 -9999.0 -9999.0 -9999.0 -9999.0 -9999.0 -9999.0 -9999.0 -9999.0 -9999.0 -9999.0 -9999.0 -9999.0 -9999.0 -9999.0 -9999.0 -9999.0 -9999.0 -9999.0 -9999.0 -9999.0 00407.562 00381.081 00355.455 00330.484 00306.122 00282.258 00258.872 00235.923 00213.304 00191.190 00169.495 00148.140 00127.118 00106.423 00086.022 00066.171 00046.801 00028.717 00012.519 0.0 0.0 0.0 0.0 0.0 0.0 00000.000 00012.979 00020.730 00028.907 00037.310 00045.952 00054.834 00065.119 00075.923 00086.520 00097.032
-9999.0 -9999.0 -9999.0 -9999.0 -9999.0 -9999.0 -9999.0 -9999.0 -9999.0 -9999.0 -9999.0 -9999.0 -9999.0 -9999.0 -9999.0 -9999.0 -9999.0 -9999.0 -9999.0 -9999.0 -9999.0 -9999.0 -9999.0 -9999.0 -9999.0 -9999.0 -9999.0 00412.305 00385.912 00360.048 00334.693 00309.823 00285.383 00261.364 00237.795 00214.668 00191.749 00169.101 00146.650 00124.660 00103.192 00082.202 00061.268 00041.221 00021.579 00000.000 0.0 0.0 0.0 0.0 0.0 0.0 00000.000 00007.514 00015.568 00025.706 00036.356 00046.846 00057.347 00067.891 00078.333 00088.790 00099.265
-9999.0 -9999.0 -9999.0 -9999.0 -9999.0 -9999.0 -9999.0 -9999.0 -9999.0 -9999.0 -9999.0 -9999.0 -9999.0 -9999.0 -9999.0 -9999.0 -9999.0 -9999.0 -9999.0 -9999.0 -9999.0 -9999.0 -9999.0 -9999.0 -9999.0 -9999.0 -9999.0 00417.335 00390.855 00364.960 00339.639 00314.843 00290.514 00266.625 00243.168 00220.056 00197.318 00174.983 00153.068 00131.334 00109.713 00088.396 00067.251 00046.177 00025.798 00000.000 0.0 0.0 0.0 0.0 0.0 0.0 0.0 00009.323 00019.532 00029.808 00040.021 00050.247 00060.571 00070.980 00081.408 00091.857 00102.326
-9999.0 -9999.0 -9999.0 -9999.0 -9999.0 -9999.0 -9999.0 -9999.0 -9999.0 -9999.0 -9999.0 -9999.0 -9999.0 -9999.0 -9999.0 -9999.0 -9999.0 -9999.0 -9999.0 -9999.0 -9999.0 -9999.0 -9999.0 -9999.0 -9999.0 -9999.0 -9999.0 -9999.0 00396.917 00370.951 00345.499 00320.578 00296.324 00272.557 00249.214 00226.273 00203.675 00181.437 00159.554 00138.310 00117.287 00096.372 00075.800 00055.902 00036.230 00018.659 00000.000 0.0 0.0 0.0 0.0 0.0 00000.000 00015.160 00024.833 00034.633 00044.533 00054.536 00064.647 00074.958 00085.410 00095.881 00106.370
-9999.0 -9999.0 -9999.0 -9999.0 -9999.0 -9999.0 -9999.0 -9999.0 -9999.0 -9999.0 -9999.0 -9999.0 -9999.0 -9999.0 -9999.0 -9999.0 -9999.0 -9999.0 -9999.0 -9999.0 -9999.0 -9999.0 -9999.0 -9999.0 -9999.0 -9999.0 -9999.0 -9999.0 00403.852 00378.010 00352.664 00327.853 00303.526 00279.626 00256.142 00233.526 00211.300 00189.421 00167.859 00146.506 00126.072 00105.999 00085.969 00066.635 00049.068 00031.955 00015.213 0.0 0.0 0.0 0.0 00000.000 00011.924 00021.522 00031.207 00040.982 00050.845 00060.801 00070.894 00081.044 00091.227 00101.440 00111.684
-9999.0 -9999.0 -9999.0 -9999.0 -9999.0 -9999.0 -9999.0 -9999.0 -9999.0 -9999.0 -9999.0 -9999.0 -9999.0 -9999.0 -9999.0 -9999.0 -9999.0 -9999.0 -9999.0 -9999.0 -9999.0 -9999.0 -9999.0 -9999.0 -9999.0 -9999.0 -9999.0 -9999.0 00411.715 00385.696 00360.201 00335.643 00311.644 00288.111 00264.984 00242.264 00219.901 00198.102 00177.316 00156.789 00136.453 00116.293 00098.015 00080.181 00062.658 00045.439 00028.492 00000.000 0.0 0.0 0.0 00008.695 00018.267 00027.923 00037.669 00047.503 00057.424 00067.435 00077.478 00087.544 00097.632 00107.743 00117.876
-9999.0 -9999.0 -9999.0 -9999.0 -9999.0 -9999.0 -9999.0 -9999.0 -9999.0 -9999.0 -9999.0 -9999.0 -9999.0 -9999.0 -9999.0 -9999.0 -9999.0 -9999.0 -9999.0 -9999.0 -9999.0 -9999.0 -9999.0 -9999.0 -9999.0 -9999.0 -9999.0 -9999.0 -9999.0 00394.843 00369.685 00345.014 00320.911 00297.235 00273.940 00251.778 00230.158 00208.889 00188.025 00167.389 00147.787 00129.543 00111.531 00093.917 00076.468 00059.087 00041.923 00025.028 00000.000 0.0 00000.000 00015.045 00024.690 00034.357 00044.164 00054.057 00064.043 00074.080 00084.137 00094.216 00104.315 00114.435 00124.577
-9999.0 -9999.0 -9999.0 -9999.0 -9999.0 -9999.0 -9999.0 -9999.0 -9999.0 -9999.0 -9999.0 -9999.0 -9999.0 -9999.0 -9999.0 -9999.0 -9999.0 -9999.0 -9999.0 -9999.0 -9999.0 -9999.0 -9999.0 -9999.0 -9999.0 -9999.0 -9999.0 -9999.0 -9999.0 00404.747 00379.488 00354.675 00330.616 00307.648 00285.079 00262.896 00241.262 00220.006 00198.967 00180.034 00161.462 00143.107 00125.379 00107.813 00090.317 00072.885 00055.537 00038.735 00023.822 00000.000 00015.320 00024.048 00032.060 00041.316 00051.133 00060.984 00070.859 00080.754 00090.826 00100.913 00111.018 00121.144 00131.304
-9999.0 -9999.0 -9999.0 -9999.0 -9999.0 -9999.0 -9999.0 -9999.0 -9999.0 -9999.0 -9999.0 -9999.0 -9999.0 -9999.0 -9999.0 -9999.0 -9999.0 -9999.0 -9999.0 -9999.0 -9999.0 -9999.0 -9999.0 -9999.0 -9999.0 -9999.0 -9999.0 -9999.0 -9999.0 00414.980 00390.126 00366.021 00342.364 00319.187 00296.622 00274.523 00252.756 00232.135 00212.853 00193.873 00175.225 00157.220 00139.395 00121.755 00104.213 00086.740 00069.884 00052.971 00041.433 00031.002 00027.608 00035.666 00043.247 00051.355 00059.572 00068.402 00078.343 00088.261 00098.145 00108.033 00117.939 00127.929 00138.113
