examples/flatland/Outputs/centerIgnit/b_RAWS/singleWinds/flatland_centerIgnit_3mph240deg7hr_RAWS/flatland_centerIgnit_3mph240deg7hr_RAWS_SpreadDirection.asc
NCOLS 100
NROWS 100
XLLCORNER 20000.000000
YLLCORNER 20000.000000
CELLSIZE 30.000000
NODATA_VALUE -9999.0
[rows 38 to 75 of 100, columns 0 to 83 of 100]
-9999 -9999 -9999 -9999 -9999 -9999 -9999 -9999 -9999 -9999 -9999 -9999 -9999 -9999 -9999 -9999 -9999 -9999 -9999 -9999 -9999 -9999 -9999 -9999 -9999 -9999 -9999 -9999 285 285 290 290 290 290 292 292 300 301 301 304 304 304 304 309 309 309 323 323 333 337 019 019 020 020 030 030 045 045 045 048 048 048 048 048 050 050 050 059 059 059 060 060 067 067 067 067 067 072 072 072 072 075 075 075
-9999 -9999 -9999 -9999 -9999 -9999 -9999 -9999 -9999 -9999 -9999 -9999 -9999 -9999 -9999 -9999 -9999 -9999 -9999 -9999 -9999 -9999 -9999 -9999 -9999 -9999 -9999 -9999 284 285 285 285 290 290 290 292 292 301 301 301 304 304 304 304 309 308 323 323 333 333 021 021 020 030 030 046 045 048 048 048 048 048 048 050 050 050 060 060 060 060 060 067 067 067 067 072 072 072 072 075 075 075 078 078
-9999 -9999 -9999 -9999 -9999 -9999 -9999 -9999 -9999 -9999 -9999 -9999 -9999 -9999 -9999 -9999 -9999 -9999 -9999 -9999 -9999 -9999 -9999 -9999 -9999 -9999 -9999 -9999 284 284 284 285 285 290 290 290 292 292 301 301 301 304 304 304 304 308 324 324 331 331 023 023 030 030 046 046 048 048 048 048 048 048 050 050 060 060 060 060 060 067 067 067 067 072 072 072 075 075 075 077 077 078 078 078
-9999 -9999 -9999 -9999 -9999 -9999 -9999 -9999 -9999 -9999 -9999 -9999 -9999 -9999 -9999 -9999 -9999 -9999 -9999 -9999 -9999 -9999 -9999 -9999 -9999 -9999 -9999 279 279 279 284 284 284 284 284 290 290 292 292 301 301 301 304 304 304 308 307 324 329 030 026 029 029 046 046 048 048 048 048 048 049 049 049 060 060 060 060 067 067 067 072 072 072 072 075 075 076 077 077 077 077 077 091 091
-9999 -9999 -9999 -9999 -9999 -9999 -9999 -9999 -9999 -9999 -9999 -9999 -9999 -9999 -9999 -9999 -9999 -9999 -9999 -9999 -9999 -9999 -9999 -9999 -9999 -9999 -9999 279 279 279 279 279 284 284 284 284 291 291 292 292 301 301 304 304 304 304 307 324 325 034 030 030 047 048 048 048 048 048 048 049 049 060 060 060 060 067 067 067 072 072 072 075 075 075 075 076 076 077 092 092 092 092 092 092
-9999 -9999 -9999 -9999 -9999 -9999 -9999 -9999 -9999 -9999 -9999 -9999 -9999 -9999 -9999 -9999 -9999 -9999 -9999 -9999 -9999 -9999 -9999 -9999 -9999 -9999 -9999 275 275 279 279 279 279 279 284 284 284 284 291 291 291 302 302 304 304 304 304 305 316 039 034 048 048 048 048 048 048 048 049 049 060 060 060 067 067 067 072 072 072 074 075 075 075 075 093 092 092 092 092 092 092 092 095 095
-9999 -9999 -9999 -9999 -9999 -9999 -9999 -9999 -9999 -9999 -9999 -9999 -9999 -9999 -9999 -9999 -9999 -9999 -9999 -9999 -9999 -9999 -9999 -9999 -9999 -9999 -9999 275 275 275 275 275 279 279 279 279 284 284 284 291 291 291 302 302 304 304 304 304 -9999 -9999 048 048 048 048 048 048 049 049 060 060 060 067 067 067 071 071 072 072 073 073 095 095 094 093 093 092 095 095 095 095 095 095 095 095
-9999 -9999 -9999 -9999 -9999 -9999 -9999 -9999 -9999 -9999 -9999 -9999 -9999 -9999 -9999 -9999 -9999 -9999 -9999 -9999 -9999 -9999 -9999 -9999 -9999 -9999 -9999 273 273 273 273 275 275 275 279 279 279 279 284 284 284 291 291 302 303 304 304 -9999 -9999 -9999 -9999 048 048 048 048 048 048 060 060 067 067 069 070 070 071 071 097 096 095 095 095 095 094 094 094 095 095 099 099 099 099 099 099 099
-9999 -9999 -9999 -9999 -9999 -9999 -9999 -9999 -9999 -9999 -9999 -9999 -9999 -9999 -9999 -9999 -9999 -9999 -9999 -9999 -9999 -9999 -9999 -9999 -9999 -9999 -9999 271 271 272 273 273 273 273 275 275 275 279 278 278 284 284 291 291 303 304 -9999 -9999 -9999 -9999 -9999 -9999 048 048 048 061 061 063 065 066 067 067 069 100 099 098 097 096 095 099 099 099 099 099 099 099 099 099 099 099 099 099 099 099
-9999 -9999 -9999 -9999 -9999 -9999 -9999 -9999 -9999 -9999 -9999 -9999 -9999 -9999 -9999 -9999 -9999 -9999 -9999 -9999 -9999 -9999 -9999 -9999 -9999 -9999 -9999 260 260 272 273 273 273 273 274 275 275 276 277 279 280 282 285 287 292 304 -9999 -9999 -9999 -9999 -9999 -9999 -9999 048 056 059 061 063 065 105 104 101 100 100 099 099 099 099 099 099 099 099 104 104 104 104 104 104 104 104 104 104 104 104
-9999 -9999 -9999 -9999 -9999 -9999 -9999 -9999 -9999 -9999 -9999 -9999 -9999 -9999 -9999 -9999 -9999 -9999 -9999 -9999 -9999 -9999 -9999 -9999 -9999 -9999 -9999 260 260 260 260 259 259 258 257 257 257 256 254 253 280 282 285 290 294 -9999 -9999 -9999 -9999 -9999 -9999 -9999 -9999 053 056 112 110 107 106 105 104 104 104 104 104 104 104 104 104 104 104 104 104 104 104 104 104 104 104 104 104 105 105 105
-9999 -9999 -9999 -9999 -9999 -9999 -9999 -9999 -9999 -9999 -9999 -9999 -9999 -9999 -9999 -9999 -9999 -9999 -9999 -9999 -9999 -9999 -9999 -9999 -9999 -9999 -9999 260 260 257 257 257 257 257 258 257 257 256 254 254 252 249 248 244 242 -9999 -9999 -9999 -9999 -9999 -9999 -9999 -9999 117 114 112 110 110 110 110 110 110 111 111 111 111 111 111 111 110 110 110 110 110 110 110 110 110 110 110 110 110 110 110
-9999 -9999 -9999 -9999 -9999 -9999 -9999 -9999 -9999 -9999 -9999 -9999 -9999 -9999 -9999 -9999 -9999 -9999 -9999 -9999 -9999 -9999 -9999 -9999 -9999 -9999 -9999 -9999 257 257 257 257 254 254 254 254 254 254 249 249 249 250 244 244 243 232 -9999 -9999 -9999 -9999 -9999 -9999 -9999 123 122 122 122 121 121 110 110 110 111 111 111 111 111 111 111 111 110 110 110 110 110 110 110 110 110 110 110 110 110 110
-9999 -9999 -9999 -9999 -9999 -9999 -9999 -9999 -9999 -9999 -9999 -9999 -9999 -9999 -9999 -9999 -9999 -9999 -9999 -9999 -9999 -9999 -9999 -9999 -9999 -9999 -9999 -9999 254 254 254 254 254 254 254 249 249 249 249 249 243 243 244 233 233 232 232 -9999 -9999 -9999 -9999 -9999 123 123 123 123 123 123 121 121 121 121 121 120 120 120 120 111 111 111 111 112 112 112 112 112 112 112 112 112 112 112 112 112
-9999 -9999 -9999 -9999 -9999 -9999 -9999 -9999 -9999 -9999 -9999 -9999 -9999 -9999 -9999 -9999 -9999 -9999 -9999 -9999 -9999 -9999 -9999 -9999 -9999 -9999 -9999 -9999 254 254 254 249 249 249 249 249 249 243 243 243 243 243 233 233 232 232 232 -9999 -9999 -9999 -9999 123 123 123 123 123 123 123 123 123 123 123 123 120 120 120 120 120 120 120 120 120 120 119 119 119 112 112 112 112 112 112 112 112
-9999 -9999 -9999 -9999 -9999 -9999 -9999 -9999 -9999 -9999 -9999 -9999 -9999 -9999 -9999 -9999 -9999 -9999 -9999 -9999 -9999 -9999 -9999 -9999 -9999 -9999 -9999 -9999 -9999 250 249 249 249 249 249 244 243 243 243 243 234 234 234 232 232 232 232 232 -9999 -9999 -9999 123 124 123 123 123 123 123 123 123 123 123 123 123 123 123 123 123 120 120 120 120 120 119 119 119 119 119 119 119 119 119 119 119
-9999 -9999 -9999 -9999 -9999 -9999 -9999 -9999 -9999 -9999 -9999 -9999 -9999 -9999 -9999 -9999 -9999 -9999 -9999 -9999 -9999 -9999 -9999 -9999 -9999 -9999 -9999 -9999 -9999 249 249 249 244 244 244 244 242 243 243 234 234 234 232 232 232 232 232 231 217 -9999 140 140 144 125 125 126 126 123 123 123 123 123 123 123 123 123 123 123 123 123 123 123 123 120 120 120 120 120 120 119 119 119 119 119
-9999 -9999 -9999 -9999 -9999 -9999 -9999 -9999 -9999 -9999 -9999 -9999 -9999 -9999 -9999 -9999 -9999 -9999 -9999 -9999 -9999 -9999 -9999 -9999 -9999 -9999 -9999 -9999 -9999 249 244 244 244 244 242 242 242 234 234 234 232 232 232 232 232 232 230 214 213 213 144 148 144 144 143 126 126 127 127 127 127 123 123 123 123 123 123 123 123 123 123 123 123 123 123 123 123 123 120 120 120 120 120 120
-9999 -9999 -9999 -9999 -9999 -9999 -9999 -9999 -9999 -9999 -9999 -9999 -9999 -9999 -9999 -9999 -9999 -9999 -9999 -9999 -9999 -9999 -9999 -9999 -9999 -9999 -9999 -9999 -9999 -9999 244 244 242 242 242 235 235 234 234 232 232 232 232 232 232 229 229 214 214 205 208 150 152 153 143 143 143 142 127 127 127 127 127 127 127 123 123 123 123 123 123 123 123 123 123 123 123 123 123 123 123 123 123 120
-9999 -9999 -9999 -9999 -9999 -9999 -9999 -9999 -9999 -9999 -9999 -9999 -9999 -9999 -9999 -9999 -9999 -9999 -9999 -9999 -9999 -9999 -9999 -9999 -9999 -9999 -9999 -9999 -9999 -9999 242 242 242 242 235 235 234 234 232 232 232 232 232 232 229 229 214 214 203 203 200 154 154 152 152 143 143 142 141 141 128 128 128 128 127 127 127 127 127 124 124 124 124 124 123 123 123 123 123 123 123 123 123 123
-9999 -9999 -9999 -9999 -9999 -9999 -9999 -9999 -9999 -9999 -9999 -9999 -9999 -9999 -9999 -9999 -9999 -9999 -9999 -9999 -9999 -9999 -9999 -9999 -9999 -9999 -9999 -9999 -9999 -9999 -9999 242 235 235 235 234 234 232 232 232 232 232 232 229 229 215 215 214 203 203 197 156 157 158 152 152 143 144 144 141 141 141 141 129 129 129 129 129 127 127 127 127 127 124 124 124 124 124 124 123 123 123 123 123
-9999 -9999 -9999 -9999 -9999 -9999 -9999 -9999 -9999 -9999 -9999 -9999 -9999 -9999 -9999 -9999 -9999 -9999 -9999 -9999 -9999 -9999 -9999 -9999 -9999 -9999 -9999 -9999 -9999 -9999 -9999 235 235 235 234 234 232 232 232 232 232 232 229 228 228 215 215 214 203 197 197 196 161 161 158 152 152 152 144 144 144 141 141 140 140 129 129 129 129 129 129 127 127 127 127 127 127 124 124 124 124 124 124 123
-9999 -9999 -9999 -9999 -9999 -9999 -9999 -9999 -9999 -9999 -9999 -9999 -9999 -9999 -9999 -9999 -9999 -9999 -9999 -9999 -9999 -9999 -9999 -9999 -9999 -9999 -9999 -9999 -9999 -9999 -9999 -9999 235 234 232 232 232 232 232 232 232 229 227 227 216 216 213 213 203 197 197 193 162 163 163 158 152 152 152 144 144 144 141 141 140 139 139 139 129 130 130 129 129 129 127 127 127 127 127 127 124 124 124 124
-9999 -9999 -9999 -9999 -9999 -9999 -9999 -9999 -9999 -9999 -9999 -9999 -9999 -9999 -9999 -9999 -9999 -9999 -9999 -9999 -9999 -9999 -9999 -9999 -9999 -9999 -9999 -9999 -9999 -9999 -9999 -9999 -9999 232 232 232 232 232 232 232 229 227 227 227 216 216 213 204 204 197 197 192 192 164 163 158 158 152 152 152 152 144 144 144 141 141 139 139 139 139 130 130 130 130 129 129 129 129 127 127 127 127 127 127
-9999 -9999 -9999 -9999 -9999 -9999 -9999 -9999 -9999 -9999 -9999 -9999 -9999 -9999 -9999 -9999 -9999 -9999 -9999 -9999 -9999 -9999 -9999 -9999 -9999 -9999 -9999 -9999 -9999 -9999 -9999 -9999 -9999 -9999 232 232 232 232 229 229 227 227 227 216 216 213 213 204 203 197 197 191 190 166 166 163 158 158 158 152 151 151 144 144 144 144 141 141 139 139 139 139 130 130 130 130 130 129 129 129 129 127 127 -9999
-9999 -9999 -9999 -9999 -9999 -9999 -9999 -9999 -9999 -9999 -9999 -9999 -9999 -9999 -9999 -9999 -9999 -9999 -9999 -9999 -9999 -9999 -9999 -9999 -9999 -9999 -9999 -9999 -9999 -9999 -9999 -9999 -9999 -9999 232 232 232 229 229 229 227 227 217 216 216 213 213 204 203 197 197 192 189 189 167 167 163 158 158 158 152 151 151 151 144 144 144 144 141 141 139 139 139 139 138 130 130 130 130 131 129 129 -9999 -9999
-9999 -9999 -9999 -9999 -9999 -9999 -9999 -9999 -9999 -9999 -9999 -9999 -9999 -9999 -9999 -9999 -9999 -9999 -9999 -9999 -9999 -9999 -9999 -9999 -9999 -9999 -9999 -9999 -9999 -9999 -9999 -9999 -9999 -9999 -9999 232 229 229 229 227 226 217 217 216 213 213 204 204 203 197 197 192 188 188 168 167 163 163 158 158 158 152 152 151 151 144 144 144 144 141 141 141 139 139 138 138 138 130 131 131 131 -9999 -9999 -9999
-9999 -9999 -9999 -9999 -9999 -9999 -9999 -9999 -9999 -9999 -9999 -9999 -9999 -9999 -9999 -9999 -9999 -9999 -9999 -9999 -9999 -9999 -9999 -9999 -9999 -9999 -9999 -9999 -9999 -9999 -9999 -9999 -9999 -9999 -9999 -9999 229 229 227 226 226 217 217 216 213 213 205 204 203 197 197 192 188 188 168 169 167 163 163 158 158 158 153 153 151 151 151 145 145 144 144 141 141 141 139 139 138 138 138 138 -9999 -9999 -9999 -9999
-9999 -9999 -9999 -9999 -9999 -9999 -9999 -9999 -9999 -9999 -9999 -9999 -9999 -9999 -9999 -9999 -9999 -9999 -9999 -9999 -9999 -9999 -9999 -9999 -9999 -9999 -9999 -9999 -9999 -9999 -9999 -9999 -9999 -9999 -9999 -9999 -9999 227 226 226 217 217 216 213 213 212 205 205 203 197 197 192 188 188 187 169 169 167 163 163 158 157 157 153 153 151 151 151 145 145 145 144 144 141 141 141 139 139 139 -9999 -9999 -9999 -9999 -9999
-9999 -9999 -9999 -9999 -9999 -9999 -9999 -9999 -9999 -9999 -9999 -9999 -9999 -9999 -9999 -9999 -9999 -9999 -9999 -9999 -9999 -9999 -9999 -9999 -9999 -9999 -9999 -9999 -9999 -9999 -9999 -9999 -9999 -9999 -9999 -9999 -9999 -9999 226 217 217 217 216 213 212 212 205 203 203 197 197 192 192 188 186 169 170 167 167 163 163 158 158 157 153 153 151 151 151 145 145 145 144 144 144 141 141 141 -9999 -9999 -9999 -9999 -9999 -9999
-9999 -9999 -9999 -9999 -9999 -9999 -9999 -9999 -9999 -9999 -9999 -9999 -9999 -9999 -9999 -9999 -9999 -9999 -9999 -9999 -9999 -9999 -9999 -9999 -9999 -9999 -9999 -9999 -9999 -9999 -9999 -9999 -9999 -9999 -9999 -9999 -9999 -9999 -9999 218 218 216 216 213 212 205 205 203 203 197 197 192 192 188 186 186 170 170 167 167 163 163 158 158 157 153 153 153 151 151 151 145 145 145 144 144 144 -9999 -9999 -9999 -9999 -9999 -9999 -9999
-9999 -9999 -9999 -9999 -9999 -9999 -9999 -9999 -9999 -9999 -9999 -9999 -9999 -9999 -9999 -9999 -9999 -9999 -9999 -9999 -9999 -9999 -9999 -9999 -9999 -9999 -9999 -9999 -9999 -9999 -9999 -9999 -9999 -9999 -9999 -9999 -9999 -9999 -9999 -9999 218 216 213 212 212 205 205 203 203 197 197 192 192 188 185 185 171 170 170 167 163 163 163 158 158 157 153 153 153 151 151 151 145 145 145 -9999 -9999 -9999 -9999 -9999 -9999 -9999 -9999 -9999
-9999 -9999 -9999 -9999 -9999 -9999 -9999 -9999 -9999 -9999 -9999 -9999 -9999 -9999 -9999 -9999 -9999 -9999 -9999 -9999 -9999 -9999 -9999 -9999 -9999 -9999 -9999 -9999 -9999 -9999 -9999 -9999 -9999 -9999 -9999 -9999 -9999 -9999 -9999 -9999 -9999 -9999 213 212 212 205 205 203 203 197 196 192 192 188 185 185 171 171 170 167 167 163 163 163 158 158 157 153 153 153 151 151 150 150 -9999 -9999 -9999 -9999 -9999 -9999 -9999 -9999 -9999 -9999
-9999 -9999 -9999 -9999 -9999 -9999 -9999 -9999 -9999 -9999 -9999 -9999 -9999 -9999 -9999 -9999 -9999 -9999 -9999 -9999 -9999 -9999 -9999 -9999 -9999 -9999 -9999 -9999 -9999 -9999 -9999 -9999 -9999 -9999 -9999 -9999 -9999 -9999 -9999 -9999 -9999 -9999 -9999 212 205 205 205 203 203 197 196 192 192 188 188 185 185 171 172 170 167 167 163 162 162 158 158 157 157 153 153 151 -9999 -9999 -9999 -9999 -9999 -9999 -9999 -9999 -9999 -9999 -9999 -9999
-9999 -9999 -9999 -9999 -9999 -9999 -9999 -9999 -9999 -9999 -9999 -9999 -9999 -9999 -9999 -9999 -9999 -9999 -9999 -9999 -9999 -9999 -9999 -9999 -9999 -9999 -9999 -9999 -9999 -9999 -9999 -9999 -9999 -9999 -9999 -9999 -9999 -9999 -9999 -9999 -9999 -9999 -9999 -9999 -9999 205 205 203 197 197 196 192 192 188 188 185 184 172 172 170 170 167 167 163 162 162 158 158 157 157 -9999 -9999 -9999 -9999 -9999 -9999 -9999 -9999 -9999 -9999 -9999 -9999 -9999 -9999
-9999 -9999 -9999 -9999 -9999 -9999 -9999 -9999 -9999 -9999 -9999 -9999 -9999 -9999 -9999 -9999 -9999 -9999 -9999 -9999 -9999 -9999 -9999 -9999 -9999 -9999 -9999 -9999 -9999 -9999 -9999 -9999 -9999 -9999 -9999 -9999 -9999 -9999 -9999 -9999 -9999 -9999 -9999 -9999 -9999 -9999 -9999 203 198 197 196 192 192 192 188 185 184 184 172 172 170 167 167 163 163 162 158 158 -9999 -9999 -9999 -9999 -9999 -9999 -9999 -9999 -9999 -9999 -9999 -9999 -9999 -9999 -9999 -9999
-9999 -9999 -9999 -9999 -9999 -9999 -9999 -9999 -9999 -9999 -9999 -9999 -9999 -9999 -9999 -9999 -9999 -9999 -9999 -9999 -9999 -9999 -9999 -9999 -9999 -9999 -9999 -9999 -9999 -9999 -9999 -9999 -9999 -9999 -9999 -9999 -9999 -9999 -9999 -9999 -9999 -9999 -9999 -9999 -9999 -9999 -9999 -9999 -9999 -9999 196 192 192 192 188 185 183 183 172 172 170 170 167 167 163 -9999 -9999 -9999 -9999 -9999 -9999 -9999 -9999 -9999 -9999 -9999 -9999 -9999 -9999 -9999 -9999 -9999 -9999 -9999
-9999 -9999 -9999 -9999 -9999 -9999 -9999 -9999 -9999 -9999 -9999 -9999 -9999 -9999 -9999 -9999 -9999 -9999 -9999 -9999 -9999 -9999 -9999 -9999 -9999 -9999 -9999 -9999 -9999 -9999 -9999 -9999 -9999 -9999 -9999 -9999 -9999 -9999 -9999 -9999 -9999 -9999 -9999 -9999 -9999 -9999 -9999 -9999 -9999 -9999 -9999 -9999 -9999 -9999 -9999 -9999 185 183 183 172 -9999 -9999 -9999 -9999 -9999 -9999 -9999 -9999 -9999 -9999 -9999 -9999 -9999 -9999 -9999 -9999 -9999 -9999 -9999 -9999 -9999 -9999 -9999 -9999
