examples/flatland/Outputs/centerIgnit/b_RAWS/singleWinds/flatland_centerIgnit_3mph240deg7hr_RAWS/flatland_centerIgnit_3mph240deg7hr_RAWS_ReactionIntensity.asc
NCOLS 100
NROWS 100
XLLCORNER 20000.000000
YLLCORNER 20000.000000
CELLSIZE 30.000000
NODATA_VALUE -9999.0
[rows 28 to 55 of 100, columns 0 to 62 of 100]
-9999.0 -9999.0 -9999.0 -9999.0 -9999.0 -9999.0 -9999.0 -9999.0 -9999.0 -9999.0 -9999.0 -9999.0 -9999.0 -9999.0 -9999.0 -9999.0 -9999.0 -9999.0 -9999.0 -9999.0 -9999.0 -9999.0 -9999.0 -9999.0 -9999.0 -9999.0 -9999.0 -9999.0 -9999.0 -9999.0 -9999.0 -9999.0 00151.438 00153.309 00154.304 00154.980 00155.979 00156.690 00157.364 00157.830 00158.586 00159.245 00159.840 00160.467 00160.920 00161.465 00161.943 00162.382 00162.817 00163.178 00163.539 00163.821 00163.888 00163.904 00163.897 00163.889 00163.879 00163.755 00163.562 00163.307 00163.048 00162.792 00162.462
-9999.0 -9999.0 -9999.0 -9999.0 -9999.0 -9999.0 -9999.0 -9999.0 -9999.0 -9999.0 -9999.0 -9999.0 -9999.0 -9999.0 -9999.0 -9999.0 -9999.0 -9999.0 -9999.0 -9999.0 -9999.0 -9999.0 -9999.0 -9999.0 -9999.0 -9999.0 -9999.0 -9999.0 -9999.0 -9999.0 -9999.0 -9999.0 00152.921 00153.977 00154.859 00155.727 00156.485 00157.209 00157.755 00158.489 00159.155 00159.896 00160.561 00161.075 00161.660 00162.206 00162.755 00163.221 00163.703 00163.891 00163.918 00164.438 00164.593 00164.684 00164.611 00164.522 00164.416 00163.922 00163.905 00163.885 00163.736 00163.395 00163.047
-9999.0 -9999.0 -9999.0 -9999.0 -9999.0 -9999.0 -9999.0 -9999.0 -9999.0 -9999.0 -9999.0 -9999.0 -9999.0 -9999.0 -9999.0 -9999.0 -9999.0 -9999.0 -9999.0 -9999.0 -9999.0 -9999.0 -9999.0 -9999.0 -9999.0 -9999.0 -9999.0 -9999.0 -9999.0 -9999.0 -9999.0 00152.414 00153.608 00154.566 00155.128 00156.238 00156.975 00157.648 00158.341 00159.031 00159.779 00160.553 00161.194 00161.796 00162.404 00163.010 00163.636 00163.894 00164.217 00164.627 00164.864 00165.068 00165.227 00165.248 00165.162 00165.065 00164.932 00164.790 00164.608 00164.421 00163.913 00163.886 00163.653
-9999.0 -9999.0 -9999.0 -9999.0 -9999.0 -9999.0 -9999.0 -9999.0 -9999.0 -9999.0 -9999.0 -9999.0 -9999.0 -9999.0 -9999.0 -9999.0 -9999.0 -9999.0 -9999.0 -9999.0 -9999.0 -9999.0 -9999.0 -9999.0 -9999.0 -9999.0 -9999.0 -9999.0 -9999.0 -9999.0 -9999.0 00153.135 00154.209 00154.963 00155.970 00156.725 00157.460 00158.052 00158.851 00159.623 00160.458 00161.112 00161.878 00162.539 00163.207 00163.875 00163.924 00164.652 00164.987 00165.265 00165.518 00165.722 00165.899 00165.828 00165.731 00165.614 00165.471 00165.285 00165.095 00164.876 00164.631 00164.376 00163.903
-9999.0 -9999.0 -9999.0 -9999.0 -9999.0 -9999.0 -9999.0 -9999.0 -9999.0 -9999.0 -9999.0 -9999.0 -9999.0 -9999.0 -9999.0 -9999.0 -9999.0 -9999.0 -9999.0 -9999.0 -9999.0 -9999.0 -9999.0 -9999.0 -9999.0 -9999.0 -9999.0 -9999.0 -9999.0 -9999.0 00152.575 00153.771 00154.737 00155.656 00156.462 00157.204 00157.787 00158.607 00159.388 00160.277 00160.966 00161.761 00162.558 00163.370 00163.890 00164.463 00164.911 00165.288 00165.646 00165.942 00166.201 00166.414 00166.550 00166.436 00166.325 00166.180 00166.006 00165.800 00165.591 00165.322 00165.064 00164.792 00164.522
-9999.0 -9999.0 -9999.0 -9999.0 -9999.0 -9999.0 -9999.0 -9999.0 -9999.0 -9999.0 -9999.0 -9999.0 -9999.0 -9999.0 -9999.0 -9999.0 -9999.0 -9999.0 -9999.0 -9999.0 -9999.0 -9999.0 -9999.0 -9999.0 -9999.0 -9999.0 -9999.0 -9999.0 -9999.0 -9999.0 00153.187 00154.337 00155.023 00156.139 00156.919 00157.639 00158.356 00159.113 00159.975 00160.775 00161.599 00162.424 00163.298 00163.902 00164.589 00165.077 00165.549 00165.963 00166.334 00166.652 00166.904 00166.925 00166.927 00166.917 00166.904 00166.762 00166.549 00166.335 00166.062 00165.782 00165.501 00165.210 00164.862
-9999.0 -9999.0 -9999.0 -9999.0 -9999.0 -9999.0 -9999.0 -9999.0 -9999.0 -9999.0 -9999.0 -9999.0 -9999.0 -9999.0 -9999.0 -9999.0 -9999.0 -9999.0 -9999.0 -9999.0 -9999.0 -9999.0 -9999.0 -9999.0 -9999.0 -9999.0 -9999.0 -9999.0 -9999.0 00152.363 00153.714 00154.780 00155.772 00156.588 00157.375 00157.988 00158.838 00159.665 00160.549 00161.342 00162.220 00163.123 00163.890 00164.634 00165.199 00165.713 00166.216 00166.673 00166.917 00166.944 00167.170 00167.261 00167.229 00167.179 00167.052 00166.939 00166.921 00166.834 00166.547 00166.246 00165.937 00165.573 00165.213
-9999.0 -9999.0 -9999.0 -9999.0 -9999.0 -9999.0 -9999.0 -9999.0 -9999.0 -9999.0 -9999.0 -9999.0 -9999.0 -9999.0 -9999.0 -9999.0 -9999.0 -9999.0 -9999.0 -9999.0 -9999.0 -9999.0 -9999.0 -9999.0 -9999.0 -9999.0 -9999.0 -9999.0 -9999.0 00152.938 00154.173 00155.002 00156.180 00157.029 00157.716 00158.533 00159.347 00160.268 00161.036 00161.915 00162.858 00163.874 00164.519 00165.180 00165.836 00166.375 00166.904 00166.946 00167.220 00167.337 00167.440 00167.507 00167.455 00167.398 00167.332 00167.255 00167.161 00166.940 00166.914 00166.702 00166.313 00165.936 00165.569
-9999.0 -9999.0 -9999.0 -9999.0 -9999.0 -9999.0 -9999.0 -9999.0 -9999.0 -9999.0 -9999.0 -9999.0 -9999.0 -9999.0 -9999.0 -9999.0 -9999.0 -9999.0 -9999.0 -9999.0 -9999.0 -9999.0 -9999.0 -9999.0 -9999.0 -9999.0 -9999.0 -9999.0 -9999.0 00153.418 00154.581 00155.609 00156.544 00157.419 00158.154 00158.994 00159.888 00160.753 00161.617 00162.523 00163.538 00164.103 00165.044 00165.746 00166.472 00166.918 00167.158 00167.343 00167.486 00167.606 00167.714 00167.736 00167.677 00167.618 00167.537 00167.450 00167.341 00167.235 00167.000 00166.920 00166.701 00166.304 00165.911
-9999.0 -9999.0 -9999.0 -9999.0 -9999.0 -9999.0 -9999.0 -9999.0 -9999.0 -9999.0 -9999.0 -9999.0 -9999.0 -9999.0 -9999.0 -9999.0 -9999.0 -9999.0 -9999.0 -9999.0 -9999.0 -9999.0 -9999.0 -9999.0 -9999.0 -9999.0 -9999.0 -9999.0 00152.476 00153.865 00154.898 00155.988 00156.897 00157.690 00158.579 00159.492 00160.456 00161.273 00162.200 00163.173 00163.902 00164.825 00165.582 00166.324 00166.919 00167.216 00167.416 00167.612 00167.755 00167.883 00167.999 00167.966 00167.904 00167.828 00167.742 00167.634 00167.524 00167.397 00167.253 00166.997 00166.918 00166.667 00166.262
-9999.0 -9999.0 -9999.0 -9999.0 -9999.0 -9999.0 -9999.0 -9999.0 -9999.0 -9999.0 -9999.0 -9999.0 -9999.0 -9999.0 -9999.0 -9999.0 -9999.0 -9999.0 -9999.0 -9999.0 -9999.0 -9999.0 -9999.0 -9999.0 -9999.0 -9999.0 -9999.0 -9999.0 00152.880 00154.220 00155.056 00156.324 00157.226 00157.959 00158.944 00159.955 00160.871 00161.812 00162.795 00163.867 00164.576 00165.320 00166.112 00166.905 00167.189 00167.472 00167.677 00167.877 00168.032 00168.162 00168.530 00168.273 00168.120 00168.040 00167.930 00167.820 00167.688 00167.540 00167.396 00167.246 00166.950 00166.914 00166.623
-9999.0 -9999.0 -9999.0 -9999.0 -9999.0 -9999.0 -9999.0 -9999.0 -9999.0 -9999.0 -9999.0 -9999.0 -9999.0 -9999.0 -9999.0 -9999.0 -9999.0 -9999.0 -9999.0 -9999.0 -9999.0 -9999.0 -9999.0 -9999.0 -9999.0 -9999.0 -9999.0 -9999.0 00153.241 00154.511 00155.625 00156.630 00157.551 00158.382 00159.321 00160.407 00161.341 00162.372 00163.428 00163.925 00165.061 00165.834 00166.658 00167.023 00167.410 00167.697 00167.940 00168.144 00168.658 00169.296 00169.539 00169.097 00168.744 00168.395 00168.120 00167.983 00167.834 00167.683 00167.530 00167.379 00167.229 00166.946 00166.910
-9999.0 -9999.0 -9999.0 -9999.0 -9999.0 -9999.0 -9999.0 -9999.0 -9999.0 -9999.0 -9999.0 -9999.0 -9999.0 -9999.0 -9999.0 -9999.0 -9999.0 -9999.0 -9999.0 -9999.0 -9999.0 -9999.0 -9999.0 -9999.0 -9999.0 -9999.0 -9999.0 -9999.0 00153.567 00154.774 00155.892 00156.871 00157.721 00158.703 00159.702 00160.730 00161.758 00162.878 00163.890 00164.760 00165.555 00166.367 00166.930 00167.320 00167.632 00167.925 00168.323 00169.089 00169.978 00170.681 00170.575 00170.184 00169.709 00169.133 00168.571 00168.130 00167.976 00167.820 00167.666 00167.514 00167.363 00167.213 00166.942
-9999.0 -9999.0 -9999.0 -9999.0 -9999.0 -9999.0 -9999.0 -9999.0 -9999.0 -9999.0 -9999.0 -9999.0 -9999.0 -9999.0 -9999.0 -9999.0 -9999.0 -9999.0 -9999.0 -9999.0 -9999.0 -9999.0 -9999.0 -9999.0 -9999.0 -9999.0 -9999.0 00152.281 00153.816 00154.929 00156.130 00157.099 00157.873 00158.968 00160.088 00161.083 00162.169 00163.360 00164.327 00165.224 00166.050 00166.904 00167.214 00167.524 00167.841 00168.154 00169.316 00170.410 00171.297 00172.119 00171.577 00171.100 00170.585 00169.946 00169.171 00168.533 00168.115 00167.958 00167.803 00167.650 00167.497 00167.341 00167.189
-9999.0 -9999.0 -9999.0 -9999.0 -9999.0 -9999.0 -9999.0 -9999.0 -9999.0 -9999.0 -9999.0 -9999.0 -9999.0 -9999.0 -9999.0 -9999.0 -9999.0 -9999.0 -9999.0 -9999.0 -9999.0 -9999.0 -9999.0 -9999.0 -9999.0 -9999.0 -9999.0 00152.523 00154.006 00155.001 00156.313 00157.319 00158.198 00159.216 00160.390 00161.423 00162.582 00163.839 00164.714 00165.630 00166.564 00166.950 00167.417 00167.731 00168.051 00168.881 00170.415 00171.658 00172.634 00173.131 00172.553 00172.012 00171.321 00170.592 00169.885 00169.080 00168.473 00168.098 00167.941 00167.785 00167.629 00167.468 00167.293
-9999.0 -9999.0 -9999.0 -9999.0 -9999.0 -9999.0 -9999.0 -9999.0 -9999.0 -9999.0 -9999.0 -9999.0 -9999.0 -9999.0 -9999.0 -9999.0 -9999.0 -9999.0 -9999.0 -9999.0 -9999.0 -9999.0 -9999.0 -9999.0 -9999.0 -9999.0 -9999.0 00152.705 00154.176 00155.072 00156.461 00157.465 00158.399 00159.464 00160.616 00161.699 00162.919 00163.906 00165.049 00165.997 00166.912 00167.292 00167.617 00167.940 00168.501 00169.964 00171.451 00172.960 00174.063 00174.063 00173.453 00172.751 00171.990 00171.242 00170.515 00169.807 00168.990 00168.416 00168.080 00167.920 00167.744 00167.567 00167.392
-9999.0 -9999.0 -9999.0 -9999.0 -9999.0 -9999.0 -9999.0 -9999.0 -9999.0 -9999.0 -9999.0 -9999.0 -9999.0 -9999.0 -9999.0 -9999.0 -9999.0 -9999.0 -9999.0 -9999.0 -9999.0 -9999.0 -9999.0 -9999.0 -9999.0 -9999.0 -9999.0 00152.846 00154.285 00155.263 00156.578 00157.592 00158.543 00159.634 00160.773 00161.947 00163.234 00164.282 00165.333 00166.364 00166.945 00167.454 00167.817 00168.149 00169.413 00170.929 00172.478 00173.973 -9999.0 -9999.000 00174.116 00173.384 00172.671 00171.908 00171.161 00170.438 00169.720 00168.885 00168.316 00168.027 00167.846 00167.661 00167.472
-9999.0 -9999.0 -9999.0 -9999.0 -9999.0 -9999.0 -9999.0 -9999.0 -9999.0 -9999.0 -9999.0 -9999.0 -9999.0 -9999.0 -9999.0 -9999.0 -9999.0 -9999.0 -9999.0 -9999.0 -9999.0 -9999.0 -9999.0 -9999.0 -9999.0 -9999.0 -9999.0 00152.921 00154.355 00155.475 00156.662 00157.641 00158.643 00159.777 00160.918 00162.131 00163.480 00164.576 00165.582 00166.646 00167.210 00167.596 00167.983 00168.816 00170.425 00171.933 00173.452 -9999.000 -9999.0 -9999.0 -9999.000 00174.030 00173.306 00172.588 00171.822 00171.085 00170.355 00169.503 00168.664 00168.123 00167.928 00167.737 00167.543
-9999.0 -9999.0 -9999.0 -9999.0 -9999.0 -9999.0 -9999.0 -9999.0 -9999.0 -9999.0 -9999.0 -9999.0 -9999.0 -9999.0 -9999.0 -9999.0 -9999.0 -9999.0 -9999.0 -9999.0 -9999.0 -9999.0 -9999.0 -9999.0 -9999.0 -9999.0 -9999.0 00152.956 00154.389 00155.582 00156.701 00157.672 00158.709 00159.875 00161.021 00162.265 00163.668 00164.716 00165.757 00166.885 00167.306 00167.716 00168.129 00169.667 00171.392 00172.949 -9999.000 -9999.0 -9999.0 -9999.0 -9999.0 -9999.000 00173.949 00173.229 00172.508 00171.678 00170.823 00169.997 00169.016 00168.303 00168.008 00167.814 00167.617
-9999.0 -9999.0 -9999.0 -9999.0 -9999.0 -9999.0 -9999.0 -9999.0 -9999.0 -9999.0 -9999.0 -9999.0 -9999.0 -9999.0 -9999.0 -9999.0 -9999.0 -9999.0 -9999.0 -9999.0 -9999.0 -9999.0 -9999.0 -9999.0 -9999.0 -9999.0 -9999.0 00152.934 00154.404 00155.644 00156.738 00157.696 00158.755 00159.943 00161.102 00162.373 00163.794 00164.817 00165.895 00166.916 00167.379 00167.811 00168.424 00170.328 00172.230 00173.923 -9999.0 -9999.0 -9999.0 -9999.0 -9999.0 -9999.0 -9999.000 00173.871 00173.086 00172.209 00171.311 00170.413 00169.479 00168.505 00168.031 00167.800 00167.575
-9999.0 -9999.0 -9999.0 -9999.0 -9999.0 -9999.0 -9999.0 -9999.0 -9999.0 -9999.0 -9999.0 -9999.0 -9999.0 -9999.0 -9999.0 -9999.0 -9999.0 -9999.0 -9999.0 -9999.0 -9999.0 -9999.0 -9999.0 -9999.0 -9999.0 -9999.0 -9999.0 00152.624 00154.161 00155.088 00156.557 00157.603 00158.621 00159.799 00160.995 00162.289 00163.758 00164.835 00165.974 00166.928 00167.447 00167.893 00168.783 00170.893 00172.995 -9999.000 -9999.0 -9999.0 -9999.0 -9999.0 -9999.0 -9999.0 -9999.000 00174.461 00173.597 00172.552 00171.409 00170.327 00169.191 00168.294 00167.973 00167.748 00167.528
-9999.0 -9999.0 -9999.0 -9999.0 -9999.0 -9999.0 -9999.0 -9999.0 -9999.0 -9999.0 -9999.0 -9999.0 -9999.0 -9999.0 -9999.0 -9999.0 -9999.0 -9999.0 -9999.0 -9999.0 -9999.0 -9999.0 -9999.0 -9999.0 -9999.0 -9999.0 -9999.0 00152.287 00153.899 00154.989 00156.345 00157.406 00158.395 00159.524 00160.737 00161.970 00163.380 00164.563 00165.638 00166.813 00167.311 00167.757 00168.344 00170.396 00172.542 -9999.000 -9999.0 -9999.0 -9999.0 -9999.0 -9999.0 -9999.0 -9999.0 00174.287 00173.213 00172.111 00171.007 00169.971 00168.832 00168.134 00167.908 00167.685 00167.465
-9999.0 -9999.0 -9999.0 -9999.0 -9999.0 -9999.0 -9999.0 -9999.0 -9999.0 -9999.0 -9999.0 -9999.0 -9999.0 -9999.0 -9999.0 -9999.0 -9999.0 -9999.0 -9999.0 -9999.0 -9999.0 -9999.0 -9999.0 -9999.0 -9999.0 -9999.0 -9999.0 -9999.0 00153.567 00154.867 00156.091 00157.157 00158.078 00159.217 00160.482 00161.633 00162.963 00163.919 00165.304 00166.422 00167.154 00167.589 00168.030 00169.350 00171.407 00173.281 -9999.000 -9999.0 -9999.0 -9999.0 -9999.0 -9999.0 -9999.000 00173.634 00172.639 00171.568 00170.542 00169.507 00168.534 00168.048 00167.822 00167.600 00167.380
-9999.0 -9999.0 -9999.0 -9999.0 -9999.0 -9999.0 -9999.0 -9999.0 -9999.0 -9999.0 -9999.0 -9999.0 -9999.0 -9999.0 -9999.0 -9999.0 -9999.0 -9999.0 -9999.0 -9999.0 -9999.0 -9999.0 -9999.0 -9999.0 -9999.0 -9999.0 -9999.0 -9999.0 00153.159 00154.548 00155.770 00156.848 00157.760 00158.881 00160.101 00161.233 00162.484 00163.877 00164.896 00165.982 00166.921 00167.387 00167.810 00168.385 00170.090 00171.852 00173.629 -9999.0 -9999.0 -9999.0 -9999.0 -9999.000 00173.982 00172.980 00171.935 00170.901 00169.907 00168.814 00168.135 00167.915 00167.698 00167.483 00167.270
-9999.0 -9999.0 -9999.0 -9999.0 -9999.0 -9999.0 -9999.0 -9999.0 -9999.0 -9999.0 -9999.0 -9999.0 -9999.0 -9999.0 -9999.0 -9999.0 -9999.0 -9999.0 -9999.0 -9999.0 -9999.0 -9999.0 -9999.0 -9999.0 -9999.0 -9999.0 -9999.0 -9999.0 00152.659 00154.170 00155.085 00156.516 00157.544 00158.501 00159.610 00160.775 00161.979 00163.324 00164.448 00165.446 00166.527 00167.175 00167.553 00167.934 00168.676 00170.446 00172.233 -9999.000 -9999.0 -9999.0 -9999.0 00174.328 00173.315 00172.296 00171.246 00170.240 00169.169 00168.321 00167.992 00167.775 00167.561 00167.350 00167.127
-9999.0 -9999.0 -9999.0 -9999.0 -9999.0 -9999.0 -9999.0 -9999.0 -9999.0 -9999.0 -9999.0 -9999.0 -9999.0 -9999.0 -9999.0 -9999.0 -9999.0 -9999.0 -9999.0 -9999.0 -9999.0 -9999.0 -9999.0 -9999.0 -9999.0 -9999.0 -9999.0 -9999.0 -9999.0 00153.688 00154.893 00156.112 00157.142 00158.022 00159.152 00160.353 00161.419 00162.631 00163.885 00164.919 00165.912 00166.904 00167.273 00167.640 00168.013 00168.978 00170.801 00172.615 -9999.000 -9999.0 -9999.000 00173.647 00172.655 00171.593 00170.575 00169.559 00168.576 00168.065 00167.848 00167.634 00167.422 00167.213 00166.928
-9999.0 -9999.0 -9999.0 -9999.0 -9999.0 -9999.0 -9999.0 -9999.0 -9999.0 -9999.0 -9999.0 -9999.0 -9999.0 -9999.0 -9999.0 -9999.0 -9999.0 -9999.0 -9999.0 -9999.0 -9999.0 -9999.0 -9999.0 -9999.0 -9999.0 -9999.0 -9999.0 -9999.0 -9999.0 00153.107 00154.478 00155.680 00156.730 00157.657 00158.632 00159.719 00160.817 00161.973 00163.264 00163.926 00165.211 00166.163 00166.924 00167.349 00167.716 00168.092 00169.388 00171.146 00172.751 -9999.000 00173.620 00172.723 00171.847 00170.872 00169.882 00168.802 00168.136 00167.921 00167.706 00167.493 00167.283 00166.945 00166.812
-9999.0 -9999.0 -9999.0 -9999.0 -9999.0 -9999.0 -9999.0 -9999.0 -9999.0 -9999.0 -9999.0 -9999.0 -9999.0 -9999.0 -9999.0 -9999.0 -9999.0 -9999.0 -9999.0 -9999.0 -9999.0 -9999.0 -9999.0 -9999.0 -9999.0 -9999.0 -9999.0 -9999.0 -9999.0 00152.444 00153.938 00154.967 00156.228 00157.217 00158.060 00159.124 00160.297 00161.311 00162.393 00163.611 00164.547 00165.423 00166.360 00166.942 00167.424 00167.793 00168.157 00169.685 00170.859 00171.995 00172.363 00171.475 00170.667 00169.860 00168.924 00168.253 00167.973 00167.760 00167.551 00167.344 00167.122 00166.912 00166.433
