examples/flatland/Outputs/centerIgnit/b_RAWS/singleWinds/flatland_centerIgnit_3mph240deg7hr_RAWS/flatland_centerIgnit_3mph240deg7hr_RAWS_SpreadRate.asc
NCOLS 100
NROWS 100
XLLCORNER 20000.000000
YLLCORNER 20000.000000
CELLSIZE 30.000000
NODATA_VALUE -9999.0
[rows 32 to 63 of 100, columns 0 to 70 of 100]
-9999.0 -9999.0 -9999.0 -9999.0 -9999.0 -9999.0 -9999.0 -9999.0 -9999.0 -9999.0 -9999.0 -9999.0 -9999.0 -9999.0 -9999.0 -9999.0 -9999.0 -9999.0 -9999.0 -9999.0 -9999.0 -9999.0 -9999.0 -9999.0 -9999.0 -9999.0 -9999.0 -9999.0 -9999.0 -9999.0 01.30 01.35 01.37 01.40 01.44 01.47 01.49 01.51 01.54 01.58 01.61 01.66 01.70 01.77 01.82 01.88 01.93 02.00 02.07 02.13 02.19 02.31 02.52 02.62 02.69 02.75 02.79 02.82 02.85 02.88 02.90 02.92 02.94 02.94 02.96 02.95 02.94 02.93 02.91 02.90 02.88
-9999.0 -9999.0 -9999.0 -9999.0 -9999.0 -9999.0 -9999.0 -9999.0 -9999.0 -9999.0 -9999.0 -9999.0 -9999.0 -9999.0 -9999.0 -9999.0 -9999.0 -9999.0 -9999.0 -9999.0 -9999.0 -9999.0 -9999.0 -9999.0 -9999.0 -9999.0 -9999.0 -9999.0 -9999.0 -9999.0 01.30 01.34 01.37 01.41 01.44 01.47 01.50 01.52 01.55 01.58 01.61 01.65 01.70 01.77 01.82 01.88 01.94 02.02 02.08 02.15 02.25 02.40 02.54 02.66 02.75 02.80 02.83 02.86 02.90 02.92 02.94 02.96 02.98 02.99 02.97 02.97 02.96 02.95 02.93 02.91 02.90
-9999.0 -9999.0 -9999.0 -9999.0 -9999.0 -9999.0 -9999.0 -9999.0 -9999.0 -9999.0 -9999.0 -9999.0 -9999.0 -9999.0 -9999.0 -9999.0 -9999.0 -9999.0 -9999.0 -9999.0 -9999.0 -9999.0 -9999.0 -9999.0 -9999.0 -9999.0 -9999.0 -9999.0 -9999.0 01.27 01.30 01.33 01.38 01.41 01.44 01.47 01.50 01.53 01.56 01.58 01.61 01.65 01.70 01.76 01.82 01.88 01.95 02.02 02.09 02.15 02.27 02.45 02.61 02.74 02.79 02.83 02.87 02.91 02.94 02.97 02.99 03.01 03.01 03.00 03.00 02.98 02.98 02.96 02.95 02.93 02.92
-9999.0 -9999.0 -9999.0 -9999.0 -9999.0 -9999.0 -9999.0 -9999.0 -9999.0 -9999.0 -9999.0 -9999.0 -9999.0 -9999.0 -9999.0 -9999.0 -9999.0 -9999.0 -9999.0 -9999.0 -9999.0 -9999.0 -9999.0 -9999.0 -9999.0 -9999.0 -9999.0 -9999.0 -9999.0 01.27 01.30 01.32 01.37 01.41 01.44 01.48 01.51 01.54 01.56 01.58 01.61 01.65 01.69 01.74 01.81 01.88 01.95 02.02 02.09 02.16 02.29 02.51 02.70 02.78 02.83 02.87 02.91 02.95 03.00 03.02 03.03 03.03 03.03 03.02 03.01 03.00 02.98 02.98 02.96 02.95 02.94
-9999.0 -9999.0 -9999.0 -9999.0 -9999.0 -9999.0 -9999.0 -9999.0 -9999.0 -9999.0 -9999.0 -9999.0 -9999.0 -9999.0 -9999.0 -9999.0 -9999.0 -9999.0 -9999.0 -9999.0 -9999.0 -9999.0 -9999.0 -9999.0 -9999.0 -9999.0 -9999.0 -9999.0 -9999.0 01.27 01.30 01.32 01.35 01.40 01.43 01.47 01.51 01.54 01.57 01.59 01.62 01.64 01.68 01.72 01.80 01.87 01.95 02.02 02.09 02.18 02.38 02.56 02.72 02.82 02.88 02.92 02.96 03.01 03.03 03.05 03.05 03.05 03.04 03.03 03.02 03.01 03.00 02.99 02.98 02.97 02.96
-9999.0 -9999.0 -9999.0 -9999.0 -9999.0 -9999.0 -9999.0 -9999.0 -9999.0 -9999.0 -9999.0 -9999.0 -9999.0 -9999.0 -9999.0 -9999.0 -9999.0 -9999.0 -9999.0 -9999.0 -9999.0 -9999.0 -9999.0 -9999.0 -9999.0 -9999.0 -9999.0 -9999.0 01.23 01.26 01.30 01.32 01.35 01.39 01.43 01.46 01.51 01.54 01.57 01.60 01.62 01.64 01.68 01.71 01.78 01.85 01.93 02.01 02.09 02.24 02.44 02.63 02.79 02.87 02.93 02.97 03.01 03.04 03.06 03.06 03.07 03.07 03.06 03.04 03.03 03.03 03.02 03.01 03.00 02.99 02.97
-9999.0 -9999.0 -9999.0 -9999.0 -9999.0 -9999.0 -9999.0 -9999.0 -9999.0 -9999.0 -9999.0 -9999.0 -9999.0 -9999.0 -9999.0 -9999.0 -9999.0 -9999.0 -9999.0 -9999.0 -9999.0 -9999.0 -9999.0 -9999.0 -9999.0 -9999.0 -9999.0 -9999.0 01.23 01.26 01.28 01.32 01.35 01.38 01.42 01.46 01.49 01.54 01.58 01.61 01.63 01.65 01.67 01.71 01.74 01.80 01.91 01.99 02.08 02.25 02.53 02.74 02.87 02.93 02.97 03.02 03.05 03.06 03.08 03.08 03.08 03.08 03.07 03.06 03.05 03.04 03.03 03.03 03.00 03.00 02.98
-9999.0 -9999.0 -9999.0 -9999.0 -9999.0 -9999.0 -9999.0 -9999.0 -9999.0 -9999.0 -9999.0 -9999.0 -9999.0 -9999.0 -9999.0 -9999.0 -9999.0 -9999.0 -9999.0 -9999.0 -9999.0 -9999.0 -9999.0 -9999.0 -9999.0 -9999.0 -9999.0 -9999.0 01.22 01.25 01.28 01.32 01.35 01.38 01.41 01.45 01.48 01.52 01.57 01.60 01.63 01.65 01.67 01.69 01.74 01.80 01.88 01.98 02.07 02.33 02.61 02.85 02.93 02.98 03.03 03.06 03.08 03.09 03.09 03.09 03.09 03.08 03.08 03.07 03.07 03.06 03.05 03.04 03.02 03.00 02.99
-9999.0 -9999.0 -9999.0 -9999.0 -9999.0 -9999.0 -9999.0 -9999.0 -9999.0 -9999.0 -9999.0 -9999.0 -9999.0 -9999.0 -9999.0 -9999.0 -9999.0 -9999.0 -9999.0 -9999.0 -9999.0 -9999.0 -9999.0 -9999.0 -9999.0 -9999.0 -9999.0 -9999.0 01.22 01.25 01.28 01.31 01.34 01.37 01.41 01.44 01.47 01.51 01.55 01.59 01.62 01.66 01.67 01.68 01.72 01.78 01.86 01.98 02.17 02.46 02.72 02.91 03.01 03.06 03.08 03.09 03.10 03.10 03.10 03.09 03.09 03.09 03.09 03.09 03.09 03.07 03.06 03.04 03.03 03.00 02.99
-9999.0 -9999.0 -9999.0 -9999.0 -9999.0 -9999.0 -9999.0 -9999.0 -9999.0 -9999.0 -9999.0 -9999.0 -9999.0 -9999.0 -9999.0 -9999.0 -9999.0 -9999.0 -9999.0 -9999.0 -9999.0 -9999.0 -9999.0 -9999.0 -9999.0 -9999.0 -9999.0 01.18 01.21 01.24 01.27 01.30 01.33 01.36 01.40 01.43 01.46 01.50 01.53 01.58 01.62 01.65 01.68 01.68 01.70 01.74 01.84 01.96 02.15 02.59 02.89 03.06 03.10 03.12 03.13 03.12 03.11 03.11 03.10 03.10 03.10 03.10 03.10 03.10 03.09 03.08 03.07 03.05 03.03 03.01 02.99
-9999.0 -9999.0 -9999.0 -9999.0 -9999.0 -9999.0 -9999.0 -9999.0 -9999.0 -9999.0 -9999.0 -9999.0 -9999.0 -9999.0 -9999.0 -9999.0 -9999.0 -9999.0 -9999.0 -9999.0 -9999.0 -9999.0 -9999.0 -9999.0 -9999.0 -9999.0 -9999.0 01.18 01.21 01.23 01.26 01.29 01.32 01.35 01.38 01.42 01.44 01.48 01.51 01.56 01.60 01.63 01.67 01.68 01.69 01.72 01.81 01.94 02.29 02.71 02.96 03.14 03.17 03.18 03.16 03.14 03.12 03.11 03.11 03.11 03.11 03.12 03.11 03.10 03.10 03.08 03.06 03.04 03.03 03.00 02.97
-9999.0 -9999.0 -9999.0 -9999.0 -9999.0 -9999.0 -9999.0 -9999.0 -9999.0 -9999.0 -9999.0 -9999.0 -9999.0 -9999.0 -9999.0 -9999.0 -9999.0 -9999.0 -9999.0 -9999.0 -9999.0 -9999.0 -9999.0 -9999.0 -9999.0 -9999.0 -9999.0 01.17 01.20 01.22 01.26 01.28 01.31 01.34 01.37 01.40 01.43 01.46 01.49 01.53 01.57 01.61 01.65 01.68 01.70 01.72 01.76 01.90 02.36 02.93 03.19 03.22 03.22 03.20 03.18 03.16 03.14 03.12 03.12 03.13 03.12 03.12 03.11 03.10 03.09 03.08 03.05 03.04 03.02 02.98 02.93
-9999.0 -9999.0 -9999.0 -9999.0 -9999.0 -9999.0 -9999.0 -9999.0 -9999.0 -9999.0 -9999.0 -9999.0 -9999.0 -9999.0 -9999.0 -9999.0 -9999.0 -9999.0 -9999.0 -9999.0 -9999.0 -9999.0 -9999.0 -9999.0 -9999.0 -9999.0 -9999.0 01.17 01.19 01.22 01.25 01.28 01.30 01.33 01.36 01.39 01.42 01.45 01.47 01.51 01.55 01.58 01.62 01.67 01.71 01.74 01.76 01.80 -9999.0 -9999.00 03.28 03.26 03.24 03.22 03.20 03.18 03.16 03.15 03.14 03.13 03.13 03.12 03.11 03.10 03.07 03.05 03.03 03.00 02.96 02.93 02.90
-9999.0 -9999.0 -9999.0 -9999.0 -9999.0 -9999.0 -9999.0 -9999.0 -9999.0 -9999.0 -9999.0 -9999.0 -9999.0 -9999.0 -9999.0 -9999.0 -9999.0 -9999.0 -9999.0 -9999.0 -9999.0 -9999.0 -9999.0 -9999.0 -9999.0 -9999.0 -9999.0 01.16 01.19 01.21 01.24 01.27 01.29 01.32 01.35 01.37 01.40 01.43 01.46 01.49 01.52 01.55 01.58 01.64 01.72 01.75 01.77 -9999.00 -9999.0 -9999.0 -9999.00 03.28 03.26 03.24 03.22 03.21 03.20 03.18 03.15 03.12 03.11 03.11 03.07 03.04 03.01 03.02 02.99 02.93 02.89 02.86 02.83
-9999.0 -9999.0 -9999.0 -9999.0 -9999.0 -9999.0 -9999.0 -9999.0 -9999.0 -9999.0 -9999.0 -9999.0 -9999.0 -9999.0 -9999.0 -9999.0 -9999.0 -9999.0 -9999.0 -9999.0 -9999.0 -9999.0 -9999.0 -9999.0 -9999.0 -9999.0 -9999.0 01.15 01.18 01.20 01.23 01.25 01.28 01.31 01.34 01.36 01.38 01.41 01.44 01.46 01.48 01.51 01.54 01.61 01.68 01.77 -9999.00 -9999.0 -9999.0 -9999.0 -9999.0 -9999.00 03.28 03.26 03.25 03.22 03.21 03.18 03.11 03.07 03.07 03.04 03.00 02.96 02.94 02.89 02.86 02.83 02.81 02.79 02.76
-9999.0 -9999.0 -9999.0 -9999.0 -9999.0 -9999.0 -9999.0 -9999.0 -9999.0 -9999.0 -9999.0 -9999.0 -9999.0 -9999.0 -9999.0 -9999.0 -9999.0 -9999.0 -9999.0 -9999.0 -9999.0 -9999.0 -9999.0 -9999.0 -9999.0 -9999.0 -9999.0 01.13 01.16 01.18 01.21 01.23 01.26 01.29 01.31 01.33 01.36 01.38 01.41 01.42 01.44 01.47 01.49 01.57 01.62 01.76 -9999.0 -9999.0 -9999.0 -9999.0 -9999.0 -9999.0 -9999.00 03.29 03.23 03.18 03.14 03.10 03.06 03.00 02.95 02.90 02.87 02.86 02.84 02.81 02.79 02.77 02.75 02.74 02.71
-9999.0 -9999.0 -9999.0 -9999.0 -9999.0 -9999.0 -9999.0 -9999.0 -9999.0 -9999.0 -9999.0 -9999.0 -9999.0 -9999.0 -9999.0 -9999.0 -9999.0 -9999.0 -9999.0 -9999.0 -9999.0 -9999.0 -9999.0 -9999.0 -9999.0 -9999.0 -9999.0 01.11 01.14 01.16 01.19 01.22 01.24 01.26 01.28 01.31 01.33 01.35 01.36 01.39 01.40 01.39 01.43 01.46 01.52 -9999.00 -9999.0 -9999.0 -9999.0 -9999.0 -9999.0 -9999.0 -9999.00 03.23 03.17 03.09 03.00 02.91 02.88 02.84 02.78 02.78 02.77 02.77 02.75 02.75 02.73 02.72 02.70 02.69 02.67
-9999.0 -9999.0 -9999.0 -9999.0 -9999.0 -9999.0 -9999.0 -9999.0 -9999.0 -9999.0 -9999.0 -9999.0 -9999.0 -9999.0 -9999.0 -9999.0 -9999.0 -9999.0 -9999.0 -9999.0 -9999.0 -9999.0 -9999.0 -9999.0 -9999.0 -9999.0 -9999.0 01.10 01.13 01.15 01.17 01.20 01.22 01.24 01.26 01.28 01.30 01.32 01.33 01.36 01.36 01.36 01.38 01.40 01.44 -9999.00 -9999.0 -9999.0 -9999.0 -9999.0 -9999.0 -9999.0 -9999.0 02.81 02.83 02.84 02.77 02.74 02.72 02.72 02.71 02.70 02.70 02.70 02.69 02.68 02.68 02.67 02.66 02.64 02.63
-9999.0 -9999.0 -9999.0 -9999.0 -9999.0 -9999.0 -9999.0 -9999.0 -9999.0 -9999.0 -9999.0 -9999.0 -9999.0 -9999.0 -9999.0 -9999.0 -9999.0 -9999.0 -9999.0 -9999.0 -9999.0 -9999.0 -9999.0 -9999.0 -9999.0 -9999.0 -9999.0 -9999.0 01.12 01.14 01.16 01.19 01.21 01.23 01.25 01.27 01.29 01.30 01.32 01.33 01.34 01.34 01.35 01.36 01.39 01.41 -9999.00 -9999.0 -9999.0 -9999.0 -9999.0 -9999.0 -9999.00 02.63 02.64 02.65 02.64 02.63 02.62 02.62 02.62 02.63 02.63 02.63 02.63 02.62 02.61 02.60 02.59 02.57 02.57
-9999.0 -9999.0 -9999.0 -9999.0 -9999.0 -9999.0 -9999.0 -9999.0 -9999.0 -9999.0 -9999.0 -9999.0 -9999.0 -9999.0 -9999.0 -9999.0 -9999.0 -9999.0 -9999.0 -9999.0 -9999.0 -9999.0 -9999.0 -9999.0 -9999.0 -9999.0 -9999.0 -9999.0 01.11 01.13 01.15 01.18 01.19 01.22 01.24 01.26 01.28 01.29 01.31 01.32 01.33 01.34 01.34 01.35 01.37 01.40 01.42 -9999.0 -9999.0 -9999.0 -9999.0 -9999.00 02.63 02.61 02.58 02.56 02.54 02.52 02.52 02.54 02.55 02.55 02.56 02.56 02.56 02.55 02.53 02.52 02.53 02.52 02.51
-9999.0 -9999.0 -9999.0 -9999.0 -9999.0 -9999.0 -9999.0 -9999.0 -9999.0 -9999.0 -9999.0 -9999.0 -9999.0 -9999.0 -9999.0 -9999.0 -9999.0 -9999.0 -9999.0 -9999.0 -9999.0 -9999.0 -9999.0 -9999.0 -9999.0 -9999.0 -9999.0 -9999.0 01.10 01.12 01.14 01.16 01.19 01.21 01.23 01.25 01.26 01.28 01.30 01.31 01.33 01.33 01.34 01.35 01.36 01.38 01.40 -9999.00 -9999.0 -9999.0 -9999.0 02.64 02.61 02.59 02.57 02.54 02.52 02.50 02.49 02.49 02.49 02.49 02.49 02.50 02.50 02.49 02.48 02.47 02.45 02.45 02.45
-9999.0 -9999.0 -9999.0 -9999.0 -9999.0 -9999.0 -9999.0 -9999.0 -9999.0 -9999.0 -9999.0 -9999.0 -9999.0 -9999.0 -9999.0 -9999.0 -9999.0 -9999.0 -9999.0 -9999.0 -9999.0 -9999.0 -9999.0 -9999.0 -9999.0 -9999.0 -9999.0 -9999.0 -9999.0 01.11 01.13 01.15 01.17 01.19 01.21 01.24 01.25 01.27 01.29 01.30 01.32 01.33 01.34 01.35 01.35 01.36 01.39 01.41 -9999.00 -9999.0 -9999.00 02.56 02.56 02.56 02.54 02.52 02.50 02.49 02.49 02.48 02.48 02.47 02.47 02.46 02.45 02.45 02.44 02.43 02.41 02.41 02.39
-9999.0 -9999.0 -9999.0 -9999.0 -9999.0 -9999.0 -9999.0 -9999.0 -9999.0 -9999.0 -9999.0 -9999.0 -9999.0 -9999.0 -9999.0 -9999.0 -9999.0 -9999.0 -9999.0 -9999.0 -9999.0 -9999.0 -9999.0 -9999.0 -9999.0 -9999.0 -9999.0 -9999.0 -9999.0 01.10 01.12 01.14 01.16 01.18 01.20 01.22 01.24 01.26 01.28 01.29 01.31 01.32 01.34 01.34 01.35 01.35 01.37 01.40 01.48 -9999.00 02.07 02.22 02.35 02.39 02.41 02.42 02.44 02.45 02.46 02.46 02.47 02.46 02.46 02.45 02.43 02.42 02.41 02.39 02.39 02.37 02.36
-9999.0 -9999.0 -9999.0 -9999.0 -9999.0 -9999.0 -9999.0 -9999.0 -9999.0 -9999.0 -9999.0 -9999.0 -9999.0 -9999.0 -9999.0 -9999.0 -9999.0 -9999.0 -9999.0 -9999.0 -9999.0 -9999.0 -9999.0 -9999.0 -9999.0 -9999.0 -9999.0 -9999.0 -9999.0 01.09 01.11 01.13 01.15 01.17 01.19 01.21 01.23 01.25 01.27 01.29 01.30 01.32 01.33 01.34 01.34 01.35 01.36 01.40 01.44 01.60 01.86 02.09 02.19 02.23 02.27 02.30 02.33 02.38 02.39 02.40 02.43 02.43 02.43 02.42 02.41 02.41 02.39 02.39 02.37 02.35 02.33
-9999.0 -9999.0 -9999.0 -9999.0 -9999.0 -9999.0 -9999.0 -9999.0 -9999.0 -9999.0 -9999.0 -9999.0 -9999.0 -9999.0 -9999.0 -9999.0 -9999.0 -9999.0 -9999.0 -9999.0 -9999.0 -9999.0 -9999.0 -9999.0 -9999.0 -9999.0 -9999.0 -9999.0 -9999.0 -9999.0 01.10 01.12 01.14 01.16 01.18 01.20 01.22 01.24 01.26 01.28 01.29 01.31 01.32 01.33 01.34 01.35 01.37 01.39 01.44 01.56 01.73 01.88 02.03 02.10 02.15 02.20 02.25 02.31 02.33 02.35 02.38 02.39 02.38 02.38 02.37 02.37 02.36 02.35 02.34 02.33 02.32
-9999.0 -9999.0 -9999.0 -9999.0 -9999.0 -9999.0 -9999.0 -9999.0 -9999.0 -9999.0 -9999.0 -9999.0 -9999.0 -9999.0 -9999.0 -9999.0 -9999.0 -9999.0 -9999.0 -9999.0 -9999.0 -9999.0 -9999.0 -9999.0 -9999.0 -9999.0 -9999.0 -9999.0 -9999.0 -9999.0 01.08 01.11 01.12 01.15 01.17 01.19 01.21 01.23 01.25 01.26 01.28 01.29 01.31 01.32 01.34 01.35 01.37 01.40 01.43 01.47 01.61 01.80 01.94 02.02 02.06 02.09 02.13 02.18 02.21 02.24 02.27 02.29 02.31 02.32 02.33 02.32 02.32 02.31 02.30 02.29 02.28
-9999.0 -9999.0 -9999.0 -9999.0 -9999.0 -9999.0 -9999.0 -9999.0 -9999.0 -9999.0 -9999.0 -9999.0 -9999.0 -9999.0 -9999.0 -9999.0 -9999.0 -9999.0 -9999.0 -9999.0 -9999.0 -9999.0 -9999.0 -9999.0 -9999.0 -9999.0 -9999.0 -9999.0 -9999.0 -9999.0 -9999.0 01.09 01.12 01.13 01.16 01.18 01.19 01.21 01.23 01.25 01.27 01.28 01.30 01.32 01.33 01.35 01.38 01.41 01.43 01.48 01.56 01.70 01.85 01.95 01.99 02.02 02.06 02.10 02.13 02.16 02.19 02.21 02.22 02.25 02.26 02.27 02.27 02.26 02.26 02.25 02.24
-9999.0 -9999.0 -9999.0 -9999.0 -9999.0 -9999.0 -9999.0 -9999.0 -9999.0 -9999.0 -9999.0 -9999.0 -9999.0 -9999.0 -9999.0 -9999.0 -9999.0 -9999.0 -9999.0 -9999.0 -9999.0 -9999.0 -9999.0 -9999.0 -9999.0 -9999.0 -9999.0 -9999.0 -9999.0 -9999.0 -9999.0 01.08 01.10 01.12 01.14 01.16 01.18 01.20 01.22 01.24 01.25 01.27 01.29 01.30 01.33 01.36 01.38 01.41 01.44 01.47 01.50 01.63 01.77 01.88 01.93 01.97 02.00 02.04 02.06 02.09 02.11 02.13 02.14 02.16 02.20 02.21 02.21 02.21 02.23 02.21 02.21
-9999.0 -9999.0 -9999.0 -9999.0 -9999.0 -9999.0 -9999.0 -9999.0 -9999.0 -9999.0 -9999.0 -9999.0 -9999.0 -9999.0 -9999.0 -9999.0 -9999.0 -9999.0 -9999.0 -9999.0 -9999.0 -9999.0 -9999.0 -9999.0 -9999.0 -9999.0 -9999.0 -9999.0 -9999.0 -9999.0 -9999.0 -9999.0 01.09 01.11 01.13 01.15 01.17 01.19 01.20 01.22 01.24 01.26 01.28 01.31 01.32 01.35 01.38 01.41 01.44 01.47 01.50 01.60 01.70 01.79 01.87 01.92 01.95 01.98 02.00 02.04 02.06 02.07 02.07 02.09 02.10 02.12 02.14 02.13 02.14 02.16 02.16
-9999.0 -9999.0 -9999.0 -9999.0 -9999.0 -9999.0 -9999.0 -9999.0 -9999.0 -9999.0 -9999.0 -9999.0 -9999.0 -9999.0 -9999.0 -9999.0 -9999.0 -9999.0 -9999.0 -9999.0 -9999.0 -9999.0 -9999.0 -9999.0 -9999.0 -9999.0 -9999.0 -9999.0 -9999.0 -9999.0 -9999.0 -9999.0 -9999.0 01.10 01.12 01.13 01.15 01.17 01.19 01.21 01.23 01.25 01.27 01.30 01.32 01.34 01.37 01.40 01.42 01.45 01.49 01.55 01.61 01.74 01.83 01.86 01.89 01.92 01.94 01.97 02.01 02.02 02.03 02.04 02.04 02.05 02.06 02.06 02.07 02.08 02.08
-9999.0 -9999.0 -9999.0 -9999.0 -9999.0 -9999.0 -9999.0 -9999.0 -9999.0 -9999.0 -9999.0 -9999.0 -9999.0 -9999.0 -9999.0 -9999.0 -9999.0 -9999.0 -9999.0 -9999.0 -9999.0 -9999.0 -9999.0 -9999.0 -9999.0 -9999.0 -9999.0 -9999.0 -9999.0 -9999.0 -9999.0 -9999.0 -9999.0 -9999.0 01.10 01.12 01.13 01.16 01.18 01.19 01.22 01.24 01.26 01.29 01.31 01.33 01.36 01.38 01.42 01.45 01.47 01.51 01.59 01.69 01.76 01.81 01.84 01.87 01.89 01.91 01.94 01.96 01.98 01.99 02.00 02.01 02.01 02.01 02.01 02.02 02.02
-9999.0 -9999.0 -9999.0 -9999.0 -9999.0 -9999.0 -9999.0 -9999.0 -9999.0 -9999.0 -9999.0 -9999.0 -9999.0 -9999.0 -9999.0 -9999.0 -9999.0 -9999.0 -9999.0 -9999.0 -9999.0 -9999.0 -9999.0 -9999.0 -9999.0 -9999.0 -9999.0 -9999.0 -9999.0 -9999.0 -9999.0 -9999.0 -9999.0 -9999.0 01.08 01.11 01.12 01.14 01.16 01.18 01.20 01.23 01.25 01.28 01.30 01.32 01.34 01.37 01.40 01.43 01.45 01.49 01.55 01.64 01.70 01.75 01.79 01.82 01.85 01.86 01.88 01.90 01.92 01.93 01.95 01.97 01.97 01.97 01.97 01.97 01.97
