examples/flatland/Outputs/centerIgnit/b_RAWS/singleWinds/flatland_centerIgnit_3mph240deg7hr_RAWS/flatland_centerIgnit_3mph240deg7hr_RAWS_HeatPerUnitArea.asc
NCOLS 100
NROWS 100
XLLCORNER 20000.000000
YLLCORNER 20000.000000
CELLSIZE 30.000000
NODATA_VALUE -9999.0
[rows 28 to 55 of 100, columns 0 to 62 of 100]
-9999.0 -9999.0 -9999.0 -9999.0 -9999.0 -9999.0 -9999.0 -9999.0 -9999.0 -9999.0 -9999.0 -9999.0 -9999.0 -9999.0 -9999.0 -9999.0 -9999.0 -9999.0 -9999.0 -9999.0 -9999.0 -9999.0 -9999.0 -9999.0 -9999.0 -9999.0 -9999.0 -9999.0 -9999.0 -9999.0 -9999.0 -9999.0 00996.855 01009.176 01015.712 01020.163 01026.747 01031.421 01035.861 01038.920 01043.901 01048.238 01052.156 01056.285 01059.264 01062.849 01065.995 01068.893 01071.757 01074.126 01076.511 01078.359 01078.796 01078.904 01078.861 01078.808 01078.738 01077.926 01076.661 01074.981 01073.273 01071.589 01069.417
-9999.0 -9999.0 -9999.0 -9999.0 -9999.0 -9999.0 -9999.0 -9999.0 -9999.0 -9999.0 -9999.0 -9999.0 -9999.0 -9999.0 -9999.0 -9999.0 -9999.0 -9999.0 -9999.0 -9999.0 -9999.0 -9999.0 -9999.0 -9999.0 -9999.0 -9999.0 -9999.0 -9999.0 -9999.0 -9999.0 -9999.0 -9999.0 01006.614 01013.566 01019.362 01025.083 01030.076 01034.841 01038.431 01043.266 01047.649 01052.527 01056.901 01060.286 01064.139 01067.732 01071.346 01074.411 01077.585 01078.818 01078.995 01082.418 01083.441 01084.044 01083.561 01082.977 01082.273 01079.023 01078.910 01078.776 01077.802 01075.559 01073.265
-9999.0 -9999.0 -9999.0 -9999.0 -9999.0 -9999.0 -9999.0 -9999.0 -9999.0 -9999.0 -9999.0 -9999.0 -9999.0 -9999.0 -9999.0 -9999.0 -9999.0 -9999.0 -9999.0 -9999.0 -9999.0 -9999.0 -9999.0 -9999.0 -9999.0 -9999.0 -9999.0 -9999.0 -9999.0 -9999.0 -9999.0 01003.279 01011.135 01017.441 01021.140 01028.448 01033.300 01037.729 01042.290 01046.834 01051.752 01056.848 01061.061 01065.031 01069.035 01073.026 01077.151 01078.838 01080.966 01083.665 01085.225 01086.569 01087.616 01087.751 01087.187 01086.549 01085.674 01084.740 01083.542 01082.310 01078.963 01078.784 01077.257
-9999.0 -9999.0 -9999.0 -9999.0 -9999.0 -9999.0 -9999.0 -9999.0 -9999.0 -9999.0 -9999.0 -9999.0 -9999.0 -9999.0 -9999.0 -9999.0 -9999.0 -9999.0 -9999.0 -9999.0 -9999.0 -9999.0 -9999.0 -9999.0 -9999.0 -9999.0 -9999.0 -9999.0 -9999.0 -9999.0 -9999.0 01008.023 01015.091 01020.054 01026.685 01031.652 01036.495 01040.391 01045.648 01050.731 01056.222 01060.540 01065.573 01069.920 01074.316 01078.712 01079.037 01083.830 01086.036 01087.868 01089.534 01090.876 01092.048 01091.571 01090.934 01090.164 01089.222 01087.996 01086.749 01085.303 01083.693 01082.013 01078.901
-9999.0 -9999.0 -9999.0 -9999.0 -9999.0 -9999.0 -9999.0 -9999.0 -9999.0 -9999.0 -9999.0 -9999.0 -9999.0 -9999.0 -9999.0 -9999.0 -9999.0 -9999.0 -9999.0 -9999.0 -9999.0 -9999.0 -9999.0 -9999.0 -9999.0 -9999.0 -9999.0 -9999.0 -9999.0 -9999.0 01004.346 01012.207 01018.565 01024.616 01029.926 01034.807 01038.640 01044.043 01049.181 01055.034 01059.571 01064.804 01070.044 01075.398 01078.812 01082.589 01085.532 01088.016 01090.372 01092.320 01094.026 01095.433 01096.304 01095.567 01094.841 01093.888 01092.746 01091.385 01090.011 01088.240 01086.541 01084.748 01082.974
-9999.0 -9999.0 -9999.0 -9999.0 -9999.0 -9999.0 -9999.0 -9999.0 -9999.0 -9999.0 -9999.0 -9999.0 -9999.0 -9999.0 -9999.0 -9999.0 -9999.0 -9999.0 -9999.0 -9999.0 -9999.0 -9999.0 -9999.0 -9999.0 -9999.0 -9999.0 -9999.0 -9999.0 -9999.0 -9999.0 01008.364 01015.932 01020.445 01027.792 01032.934 01037.669 01042.387 01047.372 01053.045 01058.312 01063.741 01069.167 01074.925 01078.889 01083.420 01086.633 01089.740 01092.464 01094.899 01097.001 01098.652 01098.787 01098.805 01098.737 01098.655 01097.722 01096.321 01094.904 01093.116 01091.267 01089.421 01087.503 01085.208
-9999.0 -9999.0 -9999.0 -9999.0 -9999.0 -9999.0 -9999.0 -9999.0 -9999.0 -9999.0 -9999.0 -9999.0 -9999.0 -9999.0 -9999.0 -9999.0 -9999.0 -9999.0 -9999.0 -9999.0 -9999.0 -9999.0 -9999.0 -9999.0 -9999.0 -9999.0 -9999.0 -9999.0 -9999.0 01002.941 01011.829 01018.849 01025.378 01030.750 01035.933 01039.964 01045.561 01051.005 01056.826 01062.042 01067.826 01073.767 01078.812 01083.714 01087.430 01090.817 01094.124 01097.133 01098.734 01098.917 01100.401 01101.000 01100.793 01100.464 01099.626 01098.884 01098.762 01098.193 01096.304 01094.328 01092.289 01089.896 01087.525
-9999.0 -9999.0 -9999.0 -9999.0 -9999.0 -9999.0 -9999.0 -9999.0 -9999.0 -9999.0 -9999.0 -9999.0 -9999.0 -9999.0 -9999.0 -9999.0 -9999.0 -9999.0 -9999.0 -9999.0 -9999.0 -9999.0 -9999.0 -9999.0 -9999.0 -9999.0 -9999.0 -9999.0 -9999.0 01006.721 01014.856 01020.310 01028.064 01033.654 01038.170 01043.556 01048.913 01054.977 01060.032 01065.816 01072.027 01078.709 01082.954 01087.304 01091.625 01095.168 01098.650 01098.928 01100.734 01101.500 01102.182 01102.619 01102.281 01101.903 01101.468 01100.962 01100.343 01098.892 01098.719 01097.325 01094.761 01092.283 01089.866
-9999.0 -9999.0 -9999.0 -9999.0 -9999.0 -9999.0 -9999.0 -9999.0 -9999.0 -9999.0 -9999.0 -9999.0 -9999.0 -9999.0 -9999.0 -9999.0 -9999.0 -9999.0 -9999.0 -9999.0 -9999.0 -9999.0 -9999.0 -9999.0 -9999.0 -9999.0 -9999.0 -9999.0 -9999.0 01009.892 01017.544 01024.306 01030.460 01036.223 01041.060 01046.589 01052.474 01058.169 01063.856 01069.814 01076.505 01080.217 01086.413 01091.030 01095.813 01098.742 01100.327 01101.539 01102.482 01103.282 01103.987 01104.126 01103.730 01103.352 01102.820 01102.250 01101.531 01100.831 01099.286 01098.754 01097.322 01094.706 01092.116
-9999.0 -9999.0 -9999.0 -9999.0 -9999.0 -9999.0 -9999.0 -9999.0 -9999.0 -9999.0 -9999.0 -9999.0 -9999.0 -9999.0 -9999.0 -9999.0 -9999.0 -9999.0 -9999.0 -9999.0 -9999.0 -9999.0 -9999.0 -9999.0 -9999.0 -9999.0 -9999.0 -9999.0 01003.688 01012.832 01019.621 01026.807 01032.788 01038.003 01043.858 01049.868 01056.210 01061.592 01067.697 01074.095 01078.889 01084.965 01089.956 01094.834 01098.752 01100.699 01102.023 01103.311 01104.252 01105.097 01105.862 01105.641 01105.237 01104.733 01104.166 01103.457 01102.734 01101.896 01100.952 01099.267 01098.746 01097.099 01094.428
-9999.0 -9999.0 -9999.0 -9999.0 -9999.0 -9999.0 -9999.0 -9999.0 -9999.0 -9999.0 -9999.0 -9999.0 -9999.0 -9999.0 -9999.0 -9999.0 -9999.0 -9999.0 -9999.0 -9999.0 -9999.0 -9999.0 -9999.0 -9999.0 -9999.0 -9999.0 -9999.0 -9999.0 01006.343 01015.165 01020.662 01029.016 01034.950 01039.778 01046.262 01052.912 01058.939 01065.141 01071.614 01078.660 01083.332 01088.225 01093.442 01098.658 01100.534 01102.388 01103.738 01105.058 01106.074 01106.936 01109.363 01107.666 01106.659 01106.130 01105.403 01104.681 01103.813 01102.837 01101.888 01100.903 01098.955 01098.720 01096.804
-9999.0 -9999.0 -9999.0 -9999.0 -9999.0 -9999.0 -9999.0 -9999.0 -9999.0 -9999.0 -9999.0 -9999.0 -9999.0 -9999.0 -9999.0 -9999.0 -9999.0 -9999.0 -9999.0 -9999.0 -9999.0 -9999.0 -9999.0 -9999.0 -9999.0 -9999.0 -9999.0 -9999.0 01008.728 01017.082 01024.408 01031.022 01037.087 01042.559 01048.738 01055.884 01062.034 01068.829 01075.781 01079.041 01086.522 01091.608 01097.034 01099.437 01101.981 01103.873 01105.471 01106.812 01110.200 01114.468 01115.982 01113.042 01110.770 01108.471 01106.655 01105.755 01104.773 01103.783 01102.775 01101.779 01100.793 01098.929 01098.694
-9999.0 -9999.0 -9999.0 -9999.0 -9999.0 -9999.0 -9999.0 -9999.0 -9999.0 -9999.0 -9999.0 -9999.0 -9999.0 -9999.0 -9999.0 -9999.0 -9999.0 -9999.0 -9999.0 -9999.0 -9999.0 -9999.0 -9999.0 -9999.0 -9999.0 -9999.0 -9999.0 -9999.0 01010.867 01018.810 01026.172 01032.619 01038.210 01044.671 01051.249 01058.018 01064.783 01072.157 01078.814 01084.537 01089.776 01095.118 01098.822 01101.391 01103.441 01105.371 01107.998 01113.048 01118.889 01123.517 01122.826 01120.264 01117.117 01113.332 01109.634 01106.725 01105.706 01104.684 01103.671 01102.665 01101.670 01100.686 01098.899
-9999.0 -9999.0 -9999.0 -9999.0 -9999.0 -9999.0 -9999.0 -9999.0 -9999.0 -9999.0 -9999.0 -9999.0 -9999.0 -9999.0 -9999.0 -9999.0 -9999.0 -9999.0 -9999.0 -9999.0 -9999.0 -9999.0 -9999.0 -9999.0 -9999.0 -9999.0 -9999.0 01002.400 01012.507 01019.826 01027.735 01034.113 01039.206 01046.416 01053.796 01060.342 01067.491 01075.330 01081.689 01087.598 01093.035 01098.655 01100.696 01102.733 01104.819 01106.879 01114.541 01121.730 01127.561 01132.993 01129.420 01126.291 01122.888 01118.683 01113.583 01109.383 01106.624 01105.592 01104.572 01103.562 01102.556 01101.532 01100.527
-9999.0 -9999.0 -9999.0 -9999.0 -9999.0 -9999.0 -9999.0 -9999.0 -9999.0 -9999.0 -9999.0 -9999.0 -9999.0 -9999.0 -9999.0 -9999.0 -9999.0 -9999.0 -9999.0 -9999.0 -9999.0 -9999.0 -9999.0 -9999.0 -9999.0 -9999.0 -9999.0 01003.998 01013.763 01020.302 01028.945 01035.566 01041.347 01048.049 01055.772 01062.571 01070.205 01078.477 01084.242 01090.269 01096.411 01098.957 01102.030 01104.094 01106.202 01111.664 01121.771 01129.944 01136.406 01139.664 01135.795 01132.280 01127.743 01122.937 01118.278 01112.983 01108.990 01106.513 01105.481 01104.452 01103.423 01102.367 01101.216
-9999.0 -9999.0 -9999.0 -9999.0 -9999.0 -9999.0 -9999.0 -9999.0 -9999.0 -9999.0 -9999.0 -9999.0 -9999.0 -9999.0 -9999.0 -9999.0 -9999.0 -9999.0 -9999.0 -9999.0 -9999.0 -9999.0 -9999.0 -9999.0 -9999.0 -9999.0 -9999.0 01005.198 01014.873 01020.766 01029.915 01036.526 01042.673 01049.686 01057.262 01064.395 01072.430 01078.917 01086.448 01092.688 01098.704 01101.204 01103.345 01105.472 01109.173 01118.801 01128.592 01138.482 01145.777 01145.808 01141.775 01137.141 01132.142 01127.220 01122.427 01117.761 01112.389 01108.609 01106.390 01105.337 01104.180 01103.015 01101.863
-9999.0 -9999.0 -9999.0 -9999.0 -9999.0 -9999.0 -9999.0 -9999.0 -9999.0 -9999.0 -9999.0 -9999.0 -9999.0 -9999.0 -9999.0 -9999.0 -9999.0 -9999.0 -9999.0 -9999.0 -9999.0 -9999.0 -9999.0 -9999.0 -9999.0 -9999.0 -9999.0 01006.126 01015.590 01022.033 01030.681 01037.355 01043.624 01050.803 01058.297 01066.022 01074.496 01081.393 01088.309 01095.095 01098.925 01102.273 01104.663 01106.848 01115.182 01125.155 01135.349 01145.167 -9999.0 -9999.000 01146.138 01141.315 01136.618 01131.602 01126.690 01121.923 01117.194 01111.692 01107.951 01106.044 01104.854 01103.632 01102.393
-9999.0 -9999.0 -9999.0 -9999.0 -9999.0 -9999.0 -9999.0 -9999.0 -9999.0 -9999.0 -9999.0 -9999.0 -9999.0 -9999.0 -9999.0 -9999.0 -9999.0 -9999.0 -9999.0 -9999.0 -9999.0 -9999.0 -9999.0 -9999.0 -9999.0 -9999.0 -9999.0 01006.610 01016.051 01023.429 01031.236 01037.679 01044.276 01051.740 01059.250 01067.240 01076.121 01083.332 01089.952 01096.961 01100.665 01103.205 01105.756 01111.238 01121.844 01131.763 01141.761 -9999.000 -9999.0 -9999.0 -9999.000 01145.567 01140.806 01136.075 01131.029 01126.186 01121.377 01115.773 01110.242 01106.676 01105.393 01104.134 01102.859
-9999.0 -9999.0 -9999.0 -9999.0 -9999.0 -9999.0 -9999.0 -9999.0 -9999.0 -9999.0 -9999.0 -9999.0 -9999.0 -9999.0 -9999.0 -9999.0 -9999.0 -9999.0 -9999.0 -9999.0 -9999.0 -9999.0 -9999.0 -9999.0 -9999.0 -9999.0 -9999.0 01006.839 01016.277 01024.129 01031.493 01037.885 01044.713 01052.386 01059.933 01068.116 01077.358 01084.253 01091.107 01098.525 01101.297 01103.996 01106.714 01116.847 01128.205 01138.456 -9999.000 -9999.0 -9999.0 -9999.0 -9999.0 -9999.000 01145.036 01140.296 01135.550 01130.076 01124.446 01119.020 01112.561 01107.869 01105.918 01104.646 01103.343
-9999.0 -9999.0 -9999.0 -9999.0 -9999.0 -9999.0 -9999.0 -9999.0 -9999.0 -9999.0 -9999.0 -9999.0 -9999.0 -9999.0 -9999.0 -9999.0 -9999.0 -9999.0 -9999.0 -9999.0 -9999.0 -9999.0 -9999.0 -9999.0 -9999.0 -9999.0 -9999.0 01006.698 01016.371 01024.535 01031.744 01038.044 01045.008 01052.836 01060.469 01068.828 01078.186 01084.913 01092.010 01098.731 01101.779 01104.626 01108.670 01121.215 01133.741 01144.880 -9999.0 -9999.0 -9999.0 -9999.0 -9999.0 -9999.0 -9999.000 01144.516 01139.356 01133.585 01127.659 01121.763 01115.616 01109.195 01106.072 01104.549 01103.072
-9999.0 -9999.0 -9999.0 -9999.0 -9999.0 -9999.0 -9999.0 -9999.0 -9999.0 -9999.0 -9999.0 -9999.0 -9999.0 -9999.0 -9999.0 -9999.0 -9999.0 -9999.0 -9999.0 -9999.0 -9999.0 -9999.0 -9999.0 -9999.0 -9999.0 -9999.0 -9999.0 01004.667 01014.779 01020.872 01030.544 01037.430 01044.135 01051.885 01059.758 01068.286 01077.948 01085.032 01092.536 01098.812 01102.230 01105.164 01111.026 01124.928 01138.760 -9999.000 -9999.0 -9999.0 -9999.0 -9999.0 -9999.0 -9999.0 -9999.000 01148.396 01142.709 01135.836 01128.339 01121.193 01113.714 01107.807 01105.693 01104.210 01102.757
-9999.0 -9999.0 -9999.0 -9999.0 -9999.0 -9999.0 -9999.0 -9999.0 -9999.0 -9999.0 -9999.0 -9999.0 -9999.0 -9999.0 -9999.0 -9999.0 -9999.0 -9999.0 -9999.0 -9999.0 -9999.0 -9999.0 -9999.0 -9999.0 -9999.0 -9999.0 -9999.0 01002.437 01013.055 01020.222 01029.156 01036.139 01042.648 01050.081 01058.064 01066.174 01075.464 01083.243 01090.326 01098.058 01101.334 01104.267 01108.139 01121.648 01135.770 -9999.000 -9999.0 -9999.0 -9999.0 -9999.0 -9999.0 -9999.0 -9999.0 01147.246 01140.178 01132.925 01125.707 01118.847 01111.344 01106.747 01105.260 01103.792 01102.342
-9999.0 -9999.0 -9999.0 -9999.0 -9999.0 -9999.0 -9999.0 -9999.0 -9999.0 -9999.0 -9999.0 -9999.0 -9999.0 -9999.0 -9999.0 -9999.0 -9999.0 -9999.0 -9999.0 -9999.0 -9999.0 -9999.0 -9999.0 -9999.0 -9999.0 -9999.0 -9999.0 -9999.0 01010.866 01019.416 01027.477 01034.493 01040.562 01048.054 01056.382 01063.959 01072.715 01079.003 01088.123 01095.482 01100.298 01103.159 01106.061 01114.765 01128.307 01140.639 -9999.000 -9999.0 -9999.0 -9999.0 -9999.0 -9999.0 -9999.000 01142.954 01136.405 01129.363 01122.607 01115.798 01109.388 01106.183 01104.697 01103.230 01101.783
-9999.0 -9999.0 -9999.0 -9999.0 -9999.0 -9999.0 -9999.0 -9999.0 -9999.0 -9999.0 -9999.0 -9999.0 -9999.0 -9999.0 -9999.0 -9999.0 -9999.0 -9999.0 -9999.0 -9999.0 -9999.0 -9999.0 -9999.0 -9999.0 -9999.0 -9999.0 -9999.0 -9999.0 01008.184 01017.323 01025.369 01032.461 01038.465 01045.845 01053.880 01061.326 01069.558 01078.728 01085.435 01092.584 01098.764 01101.834 01104.617 01108.404 01119.635 01131.231 01142.917 -9999.0 -9999.0 -9999.0 -9999.0 -9999.000 01145.250 01138.661 01131.779 01124.967 01118.425 01111.225 01106.758 01105.310 01103.878 01102.462 01101.063
-9999.0 -9999.0 -9999.0 -9999.0 -9999.0 -9999.0 -9999.0 -9999.0 -9999.0 -9999.0 -9999.0 -9999.0 -9999.0 -9999.0 -9999.0 -9999.0 -9999.0 -9999.0 -9999.0 -9999.0 -9999.0 -9999.0 -9999.0 -9999.0 -9999.0 -9999.0 -9999.0 -9999.0 01004.899 01014.836 01020.852 01030.278 01037.041 01043.343 01050.646 01058.312 01066.234 01075.089 01082.489 01089.060 01096.174 01100.436 01102.927 01105.429 01110.323 01121.978 01133.747 -9999.000 -9999.0 -9999.0 -9999.0 01147.530 01140.863 01134.157 01127.248 01120.624 01113.574 01107.987 01105.811 01104.388 01102.980 01101.590 01100.122
-9999.0 -9999.0 -9999.0 -9999.0 -9999.0 -9999.0 -9999.0 -9999.0 -9999.0 -9999.0 -9999.0 -9999.0 -9999.0 -9999.0 -9999.0 -9999.0 -9999.0 -9999.0 -9999.0 -9999.0 -9999.0 -9999.0 -9999.0 -9999.0 -9999.0 -9999.0 -9999.0 -9999.0 -9999.0 01011.656 01019.587 01027.618 01034.397 01040.189 01047.626 01055.533 01062.551 01070.531 01078.777 01085.590 01092.122 01098.650 01101.083 01103.498 01105.956 01112.308 01124.310 01136.246 -9999.000 -9999.0 -9999.000 01143.037 01136.510 01129.526 01122.823 01116.137 01109.662 01106.298 01104.868 01103.455 01102.061 01100.684 01098.810
-9999.0 -9999.0 -9999.0 -9999.0 -9999.0 -9999.0 -9999.0 -9999.0 -9999.0 -9999.0 -9999.0 -9999.0 -9999.0 -9999.0 -9999.0 -9999.0 -9999.0 -9999.0 -9999.0 -9999.0 -9999.0 -9999.0 -9999.0 -9999.0 -9999.0 -9999.0 -9999.0 -9999.0 -9999.0 01007.835 01016.864 01024.769 01031.686 01037.788 01044.209 01051.362 01058.587 01066.194 01074.698 01079.050 01087.513 01093.781 01098.785 01101.580 01103.998 01106.471 01115.013 01126.587 01137.139 -9999.000 01142.864 01136.962 01131.190 01124.782 01118.262 01111.152 01106.764 01105.349 01103.931 01102.532 01101.150 01098.921 01098.051
-9999.0 -9999.0 -9999.0 -9999.0 -9999.0 -9999.0 -9999.0 -9999.0 -9999.0 -9999.0 -9999.0 -9999.0 -9999.0 -9999.0 -9999.0 -9999.0 -9999.0 -9999.0 -9999.0 -9999.0 -9999.0 -9999.0 -9999.0 -9999.0 -9999.0 -9999.0 -9999.0 -9999.0 -9999.0 01003.477 01013.309 01020.079 01028.379 01034.894 01040.440 01047.446 01055.165 01061.837 01068.964 01076.986 01083.137 01088.906 01095.072 01098.902 01102.078 01104.502 01106.899 01116.962 01124.685 01132.236 01134.568 01128.763 01123.430 01118.114 01111.951 01107.533 01105.691 01104.286 01102.908 01101.550 01100.088 01098.703 01095.551
