example/Panther/1177973_SpreadDirection.asc
NCOLS 748
NROWS 648
XLLCORNER -8363.000000
YLLCORNER -11743.000000
CELLSIZE 30.000000
NODATA_VALUE -9999.0
[rows 315 to 349 of 648, columns 158 to 236 of 748]
-9999 -9999 -9999 -9999 -9999 -9999 -9999 -9999 -9999 -9999 -9999 -9999 -9999 -9999 -9999 060 -9999 -9999 -9999 328 273 253 322 327 348 348 026 025 065 046 267 332 358 061 083 297 004 004 341 020 330 322 315 339 343 299 203 239 288 -9999 -9999 -9999 -9999 -9999 -9999 -9999 -9999 -9999 -9999 -9999 -9999 -9999 -9999 -9999 -9999 -9999 -9999 -9999 -9999 -9999 -9999 -9999 -9999 -9999 -9999 -9999 -9999 -9999 -9999
-9999 -9999 -9999 -9999 -9999 -9999 -9999 -9999 -9999 -9999 -9999 -9999 -9999 -9999 275 031 -9999 -9999 320 358 345 276 327 335 335 342 338 028 051 125 223 248 356 061 083 265 252 268 353 357 033 290 306 318 336 347 356 294 197 197 -9999 -9999 -9999 -9999 -9999 -9999 -9999 -9999 -9999 -9999 -9999 -9999 -9999 -9999 -9999 -9999 -9999 -9999 -9999 -9999 -9999 -9999 -9999 -9999 -9999 -9999 -9999 -9999 -9999
-9999 -9999 -9999 -9999 -9999 -9999 -9999 -9999 -9999 -9999 -9999 -9999 -9999 -9999 275 316 316 314 328 330 311 278 221 213 254 334 334 337 000 021 356 355 176 142 156 255 229 266 306 027 081 307 282 311 306 000 000 201 201 200 200 173 -9999 -9999 -9999 -9999 -9999 -9999 -9999 -9999 -9999 -9999 -9999 -9999 -9999 -9999 -9999 -9999 -9999 -9999 -9999 -9999 -9999 -9999 -9999 -9999 -9999 -9999 -9999
-9999 -9999 -9999 -9999 -9999 -9999 -9999 -9999 -9999 -9999 -9999 -9999 305 312 353 294 200 205 211 206 214 253 175 165 149 239 342 342 332 336 325 281 156 139 200 219 176 311 334 039 047 292 282 307 -9999 -9999 -9999 -9999 -9999 -9999 204 142 -9999 -9999 -9999 -9999 -9999 -9999 -9999 -9999 -9999 -9999 -9999 -9999 -9999 -9999 -9999 -9999 -9999 -9999 -9999 -9999 -9999 -9999 -9999 -9999 -9999 -9999 -9999
-9999 -9999 -9999 -9999 -9999 -9999 -9999 -9999 -9999 -9999 -9999 353 306 334 337 333 055 143 -9999 210 170 233 146 112 270 223 239 226 216 203 203 256 154 040 301 293 266 260 013 013 040 307 298 301 -9999 -9999 -9999 -9999 -9999 -9999 -9999 -9999 -9999 -9999 -9999 -9999 -9999 -9999 -9999 -9999 -9999 -9999 -9999 -9999 -9999 -9999 -9999 -9999 -9999 -9999 -9999 -9999 -9999 -9999 -9999 -9999 -9999 -9999 -9999
-9999 -9999 -9999 -9999 -9999 -9999 -9999 -9999 -9999 -9999 339 341 359 328 340 266 324 349 051 240 219 260 168 170 085 218 204 196 198 165 307 035 314 025 291 293 302 021 260 311 006 001 299 -9999 -9999 -9999 -9999 -9999 -9999 -9999 -9999 -9999 -9999 -9999 -9999 -9999 -9999 -9999 -9999 -9999 -9999 -9999 -9999 -9999 -9999 -9999 -9999 -9999 -9999 -9999 -9999 -9999 -9999 -9999 -9999 -9999 -9999 -9999 -9999
-9999 -9999 -9999 -9999 -9999 -9999 -9999 -9999 -9999 297 292 352 352 352 355 287 066 270 090 253 217 194 191 152 323 341 342 233 201 263 281 239 266 144 293 291 293 326 311 319 328 341 -9999 -9999 -9999 -9999 -9999 -9999 -9999 -9999 -9999 -9999 -9999 -9999 -9999 -9999 -9999 -9999 -9999 -9999 -9999 -9999 -9999 -9999 -9999 -9999 -9999 -9999 -9999 -9999 -9999 -9999 -9999 -9999 -9999 -9999 -9999 -9999 -9999
-9999 -9999 -9999 -9999 -9999 -9999 -9999 -9999 296 294 286 308 321 349 024 011 166 359 185 241 251 236 236 113 283 348 053 043 316 303 296 278 173 274 289 275 257 258 275 291 313 312 -9999 -9999 -9999 -9999 -9999 -9999 -9999 -9999 -9999 -9999 -9999 -9999 -9999 -9999 -9999 -9999 -9999 -9999 -9999 -9999 -9999 -9999 -9999 -9999 -9999 -9999 -9999 -9999 -9999 -9999 -9999 -9999 -9999 -9999 -9999 -9999 -9999
-9999 -9999 -9999 -9999 -9999 -9999 -9999 -9999 265 274 222 214 300 314 007 008 030 114 089 240 249 231 172 170 266 232 109 091 281 262 242 192 114 183 183 225 240 258 280 256 255 249 -9999 -9999 -9999 -9999 -9999 -9999 -9999 -9999 -9999 -9999 -9999 -9999 -9999 -9999 -9999 -9999 -9999 -9999 -9999 -9999 -9999 -9999 -9999 -9999 -9999 -9999 -9999 -9999 -9999 -9999 -9999 -9999 -9999 -9999 -9999 -9999 -9999
-9999 -9999 -9999 -9999 -9999 -9999 -9999 -9999 265 215 299 294 304 331 335 006 006 012 020 292 049 228 160 147 251 235 201 214 253 257 162 158 233 192 131 222 225 154 -9999 241 255 245 -9999 -9999 -9999 -9999 -9999 -9999 -9999 -9999 -9999 -9999 -9999 -9999 -9999 -9999 -9999 -9999 -9999 -9999 -9999 -9999 -9999 -9999 -9999 -9999 -9999 -9999 -9999 -9999 -9999 -9999 -9999 -9999 -9999 -9999 -9999 -9999 -9999
-9999 -9999 -9999 -9999 -9999 -9999 -9999 -9999 -9999 262 261 259 257 256 275 000 000 000 053 023 000 005 147 040 241 239 222 171 277 243 148 -9999 227 130 022 020 238 213 -9999 -9999 221 246 230 -9999 -9999 -9999 -9999 -9999 -9999 -9999 -9999 -9999 -9999 -9999 -9999 -9999 -9999 -9999 -9999 -9999 -9999 -9999 -9999 -9999 -9999 -9999 -9999 -9999 -9999 -9999 -9999 -9999 -9999 -9999 -9999 -9999 -9999 -9999 -9999
-9999 -9999 -9999 -9999 -9999 -9999 -9999 -9999 -9999 276 264 260 264 236 279 327 358 358 041 330 324 026 330 024 297 247 273 095 269 144 -9999 299 319 292 024 038 113 -9999 -9999 -9999 271 230 288 -9999 -9999 -9999 -9999 -9999 -9999 -9999 -9999 -9999 -9999 -9999 -9999 -9999 -9999 -9999 -9999 -9999 -9999 -9999 -9999 -9999 -9999 -9999 -9999 -9999 -9999 -9999 -9999 -9999 -9999 -9999 -9999 -9999 -9999 -9999 -9999
-9999 -9999 -9999 -9999 -9999 -9999 -9999 -9999 -9999 -9999 326 307 337 238 269 264 359 359 023 019 348 004 318 313 298 288 189 171 264 162 -9999 286 292 286 276 009 -9999 -9999 283 297 193 271 258 251 -9999 -9999 -9999 -9999 -9999 -9999 025 025 -9999 -9999 -9999 -9999 -9999 -9999 -9999 -9999 -9999 -9999 -9999 -9999 -9999 -9999 -9999 -9999 -9999 -9999 -9999 -9999 -9999 -9999 -9999 -9999 -9999 -9999 -9999
-9999 -9999 -9999 -9999 -9999 -9999 -9999 -9999 -9999 -9999 312 306 316 322 320 264 295 010 010 015 015 046 313 314 319 276 172 347 346 352 353 042 291 273 275 251 279 292 283 267 169 133 256 210 181 -9999 -9999 -9999 -9999 -9999 061 044 049 -9999 -9999 -9999 -9999 -9999 -9999 -9999 -9999 -9999 -9999 -9999 -9999 -9999 -9999 -9999 -9999 -9999 -9999 -9999 -9999 -9999 -9999 -9999 -9999 -9999 -9999
-9999 -9999 -9999 -9999 -9999 -9999 -9999 -9999 -9999 283 303 349 247 252 321 319 326 034 113 332 036 018 264 322 333 334 039 330 341 348 346 029 285 273 265 258 279 249 213 220 133 108 208 210 173 217 220 -9999 -9999 -9999 077 072 079 -9999 -9999 -9999 -9999 -9999 -9999 -9999 -9999 -9999 -9999 -9999 -9999 -9999 -9999 -9999 -9999 -9999 -9999 -9999 -9999 -9999 -9999 -9999 -9999 -9999 -9999
-9999 -9999 -9999 -9999 -9999 -9999 -9999 -9999 -9999 284 300 285 342 329 273 267 302 356 275 016 026 022 017 262 267 274 274 288 308 339 336 033 028 261 268 258 228 225 211 214 222 108 202 202 291 165 224 197 220 199 101 111 074 077 -9999 -9999 -9999 -9999 -9999 -9999 -9999 -9999 -9999 -9999 -9999 -9999 -9999 -9999 -9999 -9999 -9999 -9999 -9999 -9999 -9999 -9999 -9999 -9999 -9999
-9999 -9999 -9999 -9999 -9999 -9999 -9999 -9999 323 309 275 294 321 296 294 300 303 013 275 343 012 018 344 345 239 271 276 299 321 334 333 335 035 296 268 259 209 223 225 206 224 115 252 161 265 222 224 198 219 184 184 108 102 080 -9999 -9999 -9999 -9999 -9999 -9999 -9999 -9999 -9999 -9999 -9999 -9999 -9999 -9999 -9999 -9999 -9999 -9999 -9999 -9999 -9999 -9999 -9999 -9999 -9999
-9999 -9999 -9999 -9999 -9999 -9999 -9999 -9999 299 328 296 286 261 292 292 302 315 322 011 004 286 352 347 032 279 006 267 271 273 282 266 213 108 263 259 204 205 272 245 203 235 224 248 135 265 227 221 207 215 184 184 172 152 080 -9999 -9999 -9999 -9999 -9999 -9999 -9999 -9999 -9999 -9999 -9999 -9999 -9999 -9999 -9999 -9999 -9999 -9999 -9999 -9999 -9999 -9999 -9999 -9999 -9999
-9999 -9999 -9999 -9999 -9999 -9999 -9999 -9999 249 242 299 279 262 268 291 249 322 327 332 020 052 277 276 034 282 004 017 270 303 276 192 163 108 263 175 301 285 210 210 170 234 229 238 129 265 255 184 184 213 191 189 189 159 146 066 -9999 -9999 -9999 -9999 -9999 -9999 -9999 -9999 -9999 -9999 -9999 -9999 -9999 -9999 -9999 -9999 -9999 -9999 -9999 -9999 -9999 -9999 -9999 -9999
-9999 -9999 -9999 -9999 -9999 -9999 -9999 000 253 225 248 227 246 268 198 217 207 181 268 150 016 015 215 154 264 252 333 284 215 204 192 162 318 325 287 299 263 190 228 272 234 230 222 123 257 184 184 206 214 195 195 164 172 172 082 -9999 -9999 -9999 -9999 -9999 -9999 -9999 -9999 -9999 -9999 -9999 -9999 -9999 -9999 -9999 -9999 -9999 -9999 -9999 -9999 -9999 -9999 -9999 -9999
-9999 -9999 -9999 -9999 -9999 -9999 -9999 318 318 332 282 349 343 331 310 312 296 283 268 311 012 011 067 127 264 257 331 027 204 196 160 159 166 240 195 187 187 171 248 270 232 202 101 208 253 206 147 197 197 197 213 165 165 171 169 -9999 -9999 -9999 -9999 -9999 -9999 -9999 -9999 -9999 -9999 -9999 -9999 -9999 -9999 -9999 -9999 -9999 -9999 -9999 -9999 -9999 -9999 -9999 -9999
-9999 -9999 -9999 -9999 -9999 -9999 -9999 318 322 355 283 278 277 271 276 278 187 187 311 311 310 013 071 092 194 234 207 158 129 254 118 -9999 -9999 -9999 -9999 153 -9999 248 250 210 213 188 202 -9999 -9999 -9999 -9999 -9999 192 198 212 217 174 171 171 -9999 -9999 -9999 -9999 -9999 -9999 -9999 -9999 -9999 -9999 -9999 -9999 -9999 -9999 -9999 -9999 -9999 -9999 -9999 -9999 -9999 -9999 -9999 -9999
-9999 -9999 -9999 -9999 -9999 -9999 280 276 289 328 291 265 277 271 276 190 190 289 238 238 243 193 136 093 169 204 209 178 178 256 131 -9999 341 002 -9999 -9999 -9999 253 242 179 179 211 -9999 -9999 -9999 -9999 -9999 314 227 185 205 205 185 185 170 144 -9999 -9999 -9999 -9999 -9999 -9999 -9999 -9999 -9999 -9999 -9999 -9999 -9999 -9999 -9999 -9999 -9999 -9999 -9999 -9999 -9999 -9999 -9999
-9999 -9999 -9999 -9999 -9999 -9999 274 276 277 282 284 268 282 307 278 328 221 289 184 184 190 136 125 087 326 333 290 228 233 255 137 332 335 304 294 303 229 226 227 159 152 -9999 -9999 026 -9999 227 314 281 190 190 193 202 181 181 181 -9999 -9999 -9999 -9999 -9999 -9999 -9999 -9999 -9999 -9999 -9999 -9999 -9999 -9999 -9999 -9999 -9999 -9999 -9999 -9999 -9999 -9999 -9999 -9999
-9999 -9999 -9999 -9999 -9999 -9999 262 258 251 294 293 279 275 272 313 173 317 265 177 186 186 135 131 087 236 255 255 246 268 250 281 289 294 304 258 241 233 229 226 227 117 079 044 030 020 216 228 259 164 144 222 203 183 183 140 -9999 -9999 -9999 -9999 -9999 -9999 -9999 -9999 -9999 -9999 -9999 -9999 -9999 -9999 -9999 -9999 -9999 -9999 -9999 -9999 -9999 -9999 -9999 -9999
-9999 -9999 -9999 -9999 -9999 -9999 -9999 249 225 257 275 279 275 272 164 295 296 173 173 160 157 124 129 119 080 246 315 282 268 232 283 239 165 254 259 240 241 263 195 200 130 139 137 128 337 221 287 258 144 153 149 196 183 183 255 -9999 -9999 -9999 -9999 -9999 -9999 -9999 -9999 -9999 -9999 -9999 -9999 -9999 -9999 -9999 -9999 -9999 -9999 -9999 -9999 -9999 -9999 -9999 -9999
-9999 -9999 -9999 -9999 -9999 -9999 -9999 239 193 266 255 249 260 161 292 224 219 206 199 161 145 123 094 052 080 285 300 273 217 253 212 237 168 235 194 198 214 201 194 197 131 129 339 335 336 306 280 260 167 176 117 111 245 196 251 -9999 -9999 -9999 -9999 -9999 -9999 -9999 -9999 -9999 -9999 -9999 -9999 -9999 -9999 -9999 -9999 -9999 -9999 -9999 -9999 -9999 -9999 -9999 -9999
-9999 -9999 -9999 -9999 -9999 -9999 -9999 -9999 170 267 227 243 240 175 191 195 290 207 179 179 146 154 091 078 052 293 201 193 193 240 154 -9999 -9999 -9999 -9999 -9999 220 186 198 193 154 350 286 279 217 284 268 259 196 170 170 104 260 236 251 -9999 -9999 -9999 -9999 -9999 -9999 -9999 -9999 -9999 -9999 -9999 -9999 -9999 -9999 -9999 -9999 -9999 -9999 -9999 -9999 -9999 -9999 -9999 -9999
-9999 -9999 -9999 -9999 -9999 -9999 -9999 -9999 300 238 224 250 235 175 154 -9999 241 170 105 188 167 148 185 078 088 217 214 156 260 140 099 065 334 309 310 224 256 142 229 211 192 248 286 226 261 281 265 224 217 171 171 104 255 259 210 -9999 -9999 -9999 -9999 -9999 -9999 -9999 -9999 -9999 -9999 -9999 -9999 -9999 -9999 -9999 -9999 -9999 -9999 -9999 -9999 -9999 -9999 -9999 -9999
-9999 -9999 -9999 -9999 -9999 -9999 -9999 -9999 215 230 266 257 229 146 131 -9999 -9999 267 201 148 152 231 217 200 086 077 213 261 260 144 140 084 301 291 189 303 299 142 253 229 205 187 217 229 248 255 265 213 222 199 193 190 251 249 160 060 -9999 -9999 -9999 -9999 -9999 -9999 -9999 -9999 -9999 -9999 -9999 -9999 -9999 -9999 -9999 -9999 -9999 -9999 -9999 323 338 318 327
-9999 -9999 -9999 -9999 -9999 -9999 -9999 331 000 305 281 226 229 132 103 338 338 270 167 153 153 234 224 212 202 077 075 242 165 142 149 278 257 307 289 301 268 279 265 257 192 178 233 223 255 247 219 210 213 190 211 202 133 188 109 084 065 -9999 -9999 -9999 -9999 -9999 -9999 -9999 -9999 -9999 -9999 -9999 -9999 -9999 -9999 -9999 -9999 -9999 312 028 272 316 327
-9999 -9999 -9999 298 341 342 327 327 316 291 275 225 225 117 104 312 297 252 185 148 141 248 227 203 181 181 119 229 168 168 292 312 264 235 258 237 041 340 339 160 279 172 246 285 259 227 220 200 209 181 221 214 196 119 170 148 109 037 -9999 -9999 -9999 -9999 -9999 -9999 -9999 -9999 -9999 -9999 338 -9999 -9999 -9999 -9999 344 345 012 274 278 300
-9999 -9999 -9999 323 326 325 311 307 290 283 231 230 217 125 118 195 191 191 169 140 236 232 225 196 194 189 176 088 -9999 208 268 290 278 274 263 235 257 278 233 274 185 244 249 259 259 248 227 219 190 279 222 218 214 144 148 101 106 069 112 064 -9999 -9999 -9999 328 065 088 047 -9999 132 -9999 -9999 -9999 300 355 356 356 302 278 329
-9999 -9999 314 316 315 312 289 292 289 246 236 231 199 124 120 195 182 183 155 163 237 227 228 199 198 192 192 107 106 321 307 316 273 263 257 248 174 334 167 313 337 335 279 259 265 248 259 231 153 266 218 187 187 158 171 105 115 110 110 092 056 027 102 041 057 082 130 -9999 -9999 -9999 320 325 349 307 008 011 297 330 081
-9999 297 304 315 295 300 289 263 256 252 231 231 178 145 110 185 176 155 156 133 236 223 216 215 168 199 189 189 289 325 313 331 338 187 218 248 273 229 082 266 275 338 285 254 351 261 259 243 295 258 194 146 127 187 188 131 138 111 123 130 109 116 098 069 124 128 -9999 286 351 302 340 040 113 309 010 012 334 261 135
