example/Panther/1177973_SpreadRate.asc
NCOLS 748
NROWS 648
XLLCORNER -8363.000000
YLLCORNER -11743.000000
CELLSIZE 30.000000
NODATA_VALUE -9999.0
[rows 300 to 329 of 648, columns 476 to 543 of 748]
01.34 01.55 01.63 01.05 00.89 00.80 02.02 02.18 02.68 03.31 02.22 01.16 00.84 01.06 01.06 01.12 01.02 00.87 00.82 00.61 00.72 00.39 01.28 01.09 01.00 00.14 00.66 00.75 00.69 00.74 01.09 01.11 01.11 01.11 01.23 00.86 01.35 01.60 01.15 00.73 00.71 00.38 00.60 00.56 00.63 00.53 00.47 00.26 00.59 01.34 00.91 01.01 01.20 01.98 02.12 00.66 00.38 01.08 01.06 00.57 -9999.0 -9999.0 -9999.0 -9999.0 -9999.0 -9999.0 -9999.0 -9999.0
01.89 01.64 00.27 00.66 00.92 02.05 02.39 02.01 02.46 01.62 01.15 01.24 00.75 00.86 00.93 00.80 00.73 00.80 00.62 00.76 00.68 00.38 00.64 00.74 00.80 00.95 01.03 00.82 00.75 00.64 00.67 00.73 00.70 00.68 00.87 00.88 01.11 01.11 01.12 00.65 00.13 00.48 00.81 00.52 00.54 00.55 00.36 00.46 00.46 00.61 01.03 01.39 01.64 01.90 01.94 01.61 01.13 00.90 00.90 00.86 -9999.0 -9999.0 -9999.0 -9999.0 -9999.0 -9999.0 -9999.0 -9999.0
01.65 01.86 00.92 02.26 01.63 03.62 02.03 01.48 01.54 01.06 00.84 00.88 00.40 00.53 00.54 00.62 00.68 00.66 00.76 00.72 00.65 00.39 00.45 00.39 00.60 00.55 00.57 00.59 00.65 00.72 00.57 00.46 00.54 00.64 00.67 00.58 00.54 00.52 00.58 00.50 00.43 00.93 00.70 00.42 00.48 00.43 00.93 00.49 00.56 00.51 00.80 00.76 01.69 01.83 02.01 01.38 00.84 00.63 00.68 00.66 -9999.0 -9999.0 -9999.0 -9999.0 -9999.0 -9999.0 -9999.0 -9999.0
01.80 01.38 02.76 04.29 03.68 02.52 01.49 01.06 01.13 01.25 00.93 00.54 00.72 00.33 00.67 00.55 00.51 00.55 00.58 00.53 00.67 01.07 00.52 00.61 00.61 00.50 00.41 00.40 00.50 00.59 00.69 00.72 00.49 00.57 00.59 00.59 00.73 00.85 00.85 00.96 01.07 00.75 00.38 00.49 00.46 00.22 00.63 00.56 00.75 00.90 01.10 00.91 01.06 01.43 01.48 -9999.0 -9999.0 -9999.0 -9999.0 -9999.0 -9999.0 -9999.0 -9999.0 -9999.0 -9999.0 -9999.0 -9999.0 -9999.0
01.59 01.91 02.42 03.36 01.39 01.04 01.06 01.12 01.24 01.08 00.74 00.70 00.26 00.56 00.95 01.25 00.68 00.44 00.79 01.34 00.96 00.77 00.60 00.64 00.55 00.47 00.54 00.55 00.47 00.50 00.58 00.64 00.60 00.53 00.56 00.63 00.72 00.77 00.77 00.74 00.73 00.02 00.48 00.66 00.48 00.21 00.27 00.58 00.66 00.70 00.78 00.64 00.57 00.53 00.66 00.33 -9999.0 -9999.0 -9999.0 -9999.0 -9999.0 -9999.0 -9999.0 -9999.0 -9999.0 -9999.0 -9999.0 -9999.0
00.36 00.47 00.57 00.61 00.72 00.66 00.69 00.72 00.78 01.35 01.08 00.72 00.33 00.65 00.93 00.87 00.31 00.84 01.34 00.75 00.78 00.65 00.59 00.49 00.55 00.53 00.50 00.47 00.47 00.37 00.42 00.47 00.53 00.63 00.51 00.50 00.60 00.63 00.67 00.70 00.73 00.58 00.56 00.45 00.46 00.19 00.13 00.05 00.12 00.53 00.60 00.72 00.53 -9999.0 -9999.0 -9999.0 -9999.0 -9999.0 -9999.0 -9999.0 -9999.0 -9999.0 -9999.0 -9999.0 -9999.0 -9999.0 -9999.0 -9999.0
00.43 00.47 00.48 00.51 00.74 01.16 00.88 00.84 00.84 00.88 00.73 00.57 00.60 00.69 00.72 00.69 00.50 00.79 01.28 00.95 00.81 00.49 00.48 00.41 00.44 00.47 00.46 00.44 00.44 00.50 00.36 00.42 00.47 00.53 00.54 00.55 00.49 00.52 00.58 00.61 00.56 00.56 00.55 00.45 00.31 00.18 00.17 -9999.0 00.17 00.39 00.49 00.05 -9999.0 -9999.0 -9999.0 -9999.0 -9999.0 -9999.0 -9999.0 -9999.0 -9999.0 -9999.0 -9999.0 -9999.0 -9999.0 -9999.0 -9999.0 -9999.0
00.33 00.75 00.50 00.35 00.56 00.72 00.58 00.58 00.45 00.52 00.55 00.56 00.57 00.59 00.52 00.47 00.53 00.64 00.64 00.64 00.60 00.30 00.09 00.12 00.25 00.40 00.42 00.42 00.45 00.47 00.38 00.37 00.40 00.45 00.50 00.54 00.52 00.47 00.51 00.49 00.29 00.35 00.40 00.18 00.29 00.06 -9999.0 -9999.0 -9999.0 00.33 00.40 -9999.0 -9999.0 -9999.0 -9999.0 -9999.0 -9999.0 -9999.0 -9999.0 -9999.0 -9999.0 -9999.0 -9999.0 -9999.0 -9999.0 -9999.0 -9999.0 -9999.0
00.08 00.06 00.08 00.32 00.36 00.28 00.07 00.30 00.35 00.39 00.06 00.17 00.45 00.33 00.06 00.06 00.06 00.05 00.05 00.05 00.14 00.14 00.07 00.42 00.32 00.35 00.38 00.23 00.37 00.40 00.44 00.35 00.29 00.32 00.39 00.44 00.46 00.40 00.43 00.49 00.44 00.43 00.49 00.18 00.15 -9999.0 -9999.0 -9999.0 -9999.0 -9999.0 -9999.0 -9999.0 -9999.0 -9999.0 -9999.0 -9999.0 -9999.0 -9999.0 -9999.0 -9999.0 -9999.0 -9999.0 -9999.0 -9999.0 -9999.0 -9999.0 -9999.0 -9999.0
00.34 00.09 01.14 00.15 00.14 00.09 00.08 00.10 00.08 00.08 00.08 00.08 00.08 00.06 00.06 00.05 00.07 00.04 00.06 00.06 00.06 00.05 00.05 00.04 00.04 00.04 00.04 00.14 00.32 00.33 00.34 00.35 00.36 00.28 00.31 00.39 00.41 00.43 00.42 00.42 00.48 00.17 00.22 00.20 00.27 -9999.0 -9999.0 -9999.0 -9999.0 -9999.0 -9999.0 -9999.0 -9999.0 -9999.0 -9999.0 -9999.0 -9999.0 -9999.0 -9999.0 -9999.0 -9999.0 -9999.0 -9999.0 -9999.0 -9999.0 -9999.0 -9999.0 -9999.0
00.82 00.90 01.43 00.51 00.32 00.12 00.24 00.34 00.05 00.46 00.37 00.21 00.30 00.30 00.30 00.26 00.30 00.06 00.19 00.26 00.07 00.06 -9999.0 00.05 00.02 -9999.0 -9999.0 00.03 00.28 00.30 00.31 00.32 00.29 00.27 00.29 00.33 00.37 00.40 00.41 00.42 00.44 00.47 00.44 00.10 -9999.0 -9999.0 -9999.0 -9999.0 -9999.0 -9999.0 -9999.0 -9999.0 -9999.0 -9999.0 -9999.0 -9999.0 -9999.0 -9999.0 -9999.0 -9999.0 -9999.0 -9999.0 -9999.0 -9999.0 -9999.0 -9999.0 -9999.0 -9999.0
01.18 01.39 01.48 00.73 00.46 00.32 00.37 00.37 00.40 00.14 01.03 00.57 00.34 00.37 00.23 00.25 00.25 00.23 00.28 00.25 00.33 00.07 00.27 00.35 00.06 00.07 -9999.0 00.05 -9999.0 00.04 00.24 00.28 00.28 00.24 00.25 00.29 00.33 00.34 00.37 00.41 00.37 00.19 -9999.0 -9999.0 -9999.0 -9999.0 -9999.0 -9999.0 -9999.0 -9999.0 -9999.0 -9999.0 -9999.0 -9999.0 -9999.0 -9999.0 -9999.0 -9999.0 -9999.0 -9999.0 -9999.0 -9999.0 -9999.0 -9999.0 -9999.0 -9999.0 -9999.0 -9999.0
01.34 01.35 01.19 00.86 00.57 00.46 00.42 00.40 00.41 00.43 00.37 00.47 00.37 00.36 00.24 00.29 00.30 00.28 00.34 00.32 00.27 00.06 00.20 00.33 00.33 00.06 -9999.0 -9999.0 -9999.0 -9999.0 -9999.0 00.09 00.23 00.22 00.22 00.25 00.28 00.31 00.34 00.38 00.33 00.15 -9999.0 -9999.0 -9999.0 -9999.0 -9999.0 -9999.0 -9999.0 -9999.0 -9999.0 -9999.0 -9999.0 -9999.0 -9999.0 -9999.0 -9999.0 -9999.0 -9999.0 -9999.0 -9999.0 -9999.0 -9999.0 -9999.0 -9999.0 -9999.0 -9999.0 -9999.0
01.56 01.33 01.10 00.93 00.70 00.52 00.45 00.41 00.44 00.45 00.41 00.35 00.33 00.36 00.28 00.27 00.27 00.24 00.26 00.32 00.30 00.30 00.38 00.31 00.30 00.29 00.32 00.21 -9999.0 -9999.0 -9999.0 -9999.0 -9999.0 -9999.0 -9999.0 -9999.0 00.25 00.28 00.33 00.35 00.33 -9999.0 -9999.0 -9999.0 -9999.0 -9999.0 -9999.0 -9999.0 -9999.0 -9999.0 -9999.0 -9999.0 -9999.0 -9999.0 -9999.0 -9999.0 -9999.0 -9999.0 -9999.0 -9999.0 -9999.0 -9999.0 -9999.0 -9999.0 -9999.0 -9999.0 -9999.0 -9999.0
01.67 01.42 01.17 01.01 00.73 00.55 00.48 00.43 00.47 00.48 00.44 00.38 00.34 00.37 00.35 00.77 00.72 00.32 00.31 00.25 00.28 00.36 00.24 00.34 00.33 00.31 00.20 00.28 00.21 -9999.0 -9999.0 -9999.0 -9999.0 -9999.0 -9999.0 -9999.0 -9999.0 -9999.0 -9999.0 -9999.0 -9999.0 -9999.0 -9999.0 -9999.0 -9999.0 -9999.0 -9999.0 -9999.0 -9999.0 -9999.0 -9999.0 -9999.0 -9999.0 -9999.0 -9999.0 -9999.0 -9999.0 -9999.0 -9999.0 -9999.0 -9999.0 -9999.0 -9999.0 -9999.0 -9999.0 -9999.0 -9999.0 -9999.0
01.74 01.47 01.20 01.34 00.90 00.60 00.50 00.44 00.48 00.50 00.51 00.41 00.38 00.57 00.42 00.37 00.34 00.43 00.34 00.30 00.29 00.35 00.39 00.23 00.28 00.26 00.28 00.24 00.22 -9999.0 -9999.0 -9999.0 -9999.0 -9999.0 -9999.0 -9999.0 -9999.0 -9999.0 -9999.0 -9999.0 -9999.0 -9999.0 -9999.0 -9999.0 -9999.0 -9999.0 -9999.0 -9999.0 -9999.0 -9999.0 -9999.0 -9999.0 -9999.0 -9999.0 -9999.0 -9999.0 -9999.0 -9999.0 -9999.0 -9999.0 -9999.0 -9999.0 -9999.0 -9999.0 -9999.0 -9999.0 -9999.0 -9999.0
01.85 01.52 01.77 01.50 01.12 00.66 00.52 00.45 00.49 00.52 00.52 00.45 00.42 00.41 00.50 00.38 00.34 00.31 00.41 00.30 00.37 00.31 00.36 00.33 00.31 00.30 00.49 00.32 00.26 -9999.0 -9999.0 -9999.0 -9999.0 -9999.0 -9999.0 -9999.0 -9999.0 -9999.0 -9999.0 -9999.0 -9999.0 -9999.0 -9999.0 -9999.0 -9999.0 -9999.0 -9999.0 -9999.0 -9999.0 -9999.0 -9999.0 -9999.0 -9999.0 -9999.0 -9999.0 -9999.0 -9999.0 -9999.0 -9999.0 -9999.0 -9999.0 -9999.0 -9999.0 -9999.0 -9999.0 -9999.0 -9999.0 -9999.0
01.95 01.82 01.66 01.50 01.21 00.70 00.54 00.46 00.53 00.55 00.51 00.46 00.37 00.75 00.38 00.56 00.38 00.32 00.54 00.29 00.37 00.24 00.29 00.35 00.37 00.38 00.34 00.25 00.27 -9999.0 -9999.0 -9999.0 -9999.0 -9999.0 -9999.0 -9999.0 -9999.0 -9999.0 -9999.0 -9999.0 -9999.0 -9999.0 -9999.0 -9999.0 -9999.0 -9999.0 -9999.0 -9999.0 -9999.0 -9999.0 -9999.0 -9999.0 -9999.0 -9999.0 -9999.0 -9999.0 -9999.0 -9999.0 -9999.0 -9999.0 -9999.0 -9999.0 -9999.0 -9999.0 -9999.0 -9999.0 -9999.0 -9999.0
01.80 01.73 01.74 01.54 01.04 00.68 00.55 00.35 00.55 00.52 00.49 00.47 00.50 00.37 00.54 00.51 00.43 00.44 00.30 00.28 00.26 00.25 00.29 00.38 00.39 00.39 00.45 00.49 00.30 -9999.0 -9999.0 -9999.0 -9999.0 -9999.0 -9999.0 -9999.0 -9999.0 -9999.0 -9999.0 -9999.0 -9999.0 -9999.0 -9999.0 -9999.0 -9999.0 -9999.0 -9999.0 -9999.0 -9999.0 -9999.0 -9999.0 -9999.0 -9999.0 -9999.0 -9999.0 -9999.0 -9999.0 -9999.0 -9999.0 -9999.0 -9999.0 -9999.0 -9999.0 -9999.0 -9999.0 -9999.0 -9999.0 -9999.0
01.74 01.85 01.97 01.65 01.09 00.68 00.57 00.44 00.54 00.56 00.48 00.48 00.73 00.51 00.41 00.44 00.43 00.58 00.32 00.25 00.24 00.25 00.24 00.40 00.44 00.56 00.42 00.24 -9999.0 -9999.0 -9999.0 -9999.0 -9999.0 -9999.0 -9999.0 -9999.0 -9999.0 -9999.0 -9999.0 -9999.0 -9999.0 -9999.0 -9999.0 -9999.0 -9999.0 -9999.0 -9999.0 -9999.0 -9999.0 -9999.0 -9999.0 -9999.0 -9999.0 -9999.0 -9999.0 -9999.0 -9999.0 -9999.0 -9999.0 -9999.0 -9999.0 -9999.0 -9999.0 -9999.0 -9999.0 -9999.0 -9999.0 -9999.0
01.98 02.11 02.03 01.56 01.05 00.74 00.60 00.52 00.47 00.59 00.47 00.47 00.59 00.46 00.28 00.37 00.35 00.47 00.32 00.27 00.17 00.21 00.04 00.03 00.28 00.50 00.65 00.41 -9999.0 -9999.0 -9999.0 -9999.0 -9999.0 -9999.0 -9999.0 -9999.0 -9999.0 -9999.0 -9999.0 -9999.0 -9999.0 -9999.0 -9999.0 -9999.0 -9999.0 -9999.0 -9999.0 -9999.0 -9999.0 -9999.0 -9999.0 -9999.0 -9999.0 -9999.0 -9999.0 -9999.0 -9999.0 -9999.0 -9999.0 -9999.0 -9999.0 -9999.0 -9999.0 -9999.0 -9999.0 -9999.0 -9999.0 -9999.0
01.60 01.75 01.34 01.24 00.99 00.74 00.62 00.55 00.51 00.43 00.46 00.43 00.53 00.90 00.48 00.36 00.35 00.36 00.32 00.30 00.24 00.33 00.26 -9999.0 00.41 00.63 00.41 00.38 -9999.0 -9999.0 -9999.0 -9999.0 -9999.0 -9999.0 -9999.0 -9999.0 -9999.0 -9999.0 -9999.0 -9999.0 -9999.0 -9999.0 -9999.0 -9999.0 -9999.0 -9999.0 -9999.0 -9999.0 -9999.0 -9999.0 -9999.0 -9999.0 -9999.0 -9999.0 -9999.0 -9999.0 -9999.0 -9999.0 -9999.0 -9999.0 -9999.0 -9999.0 -9999.0 -9999.0 -9999.0 -9999.0 -9999.0 -9999.0
01.09 01.29 01.34 01.23 00.98 00.75 00.61 00.54 00.49 00.43 00.41 00.72 00.38 00.48 00.38 00.35 00.34 00.32 00.32 00.31 00.24 00.23 00.23 -9999.0 00.46 00.66 00.50 -9999.0 -9999.0 -9999.0 -9999.0 -9999.0 -9999.0 -9999.0 -9999.0 -9999.0 -9999.0 -9999.0 -9999.0 -9999.0 -9999.0 -9999.0 -9999.0 -9999.0 -9999.0 -9999.0 -9999.0 -9999.0 -9999.0 -9999.0 -9999.0 -9999.0 -9999.0 -9999.0 -9999.0 -9999.0 -9999.0 -9999.0 -9999.0 -9999.0 -9999.0 -9999.0 -9999.0 -9999.0 -9999.0 -9999.0 -9999.0 -9999.0
01.26 01.41 01.42 01.31 00.98 00.76 00.59 00.57 00.46 00.40 00.46 00.87 00.36 00.35 00.37 00.34 00.28 00.32 00.38 00.29 00.25 00.24 -9999.0 -9999.0 -9999.0 00.68 -9999.0 -9999.0 -9999.0 -9999.0 -9999.0 -9999.0 -9999.0 -9999.0 -9999.0 -9999.0 -9999.0 -9999.0 -9999.0 -9999.0 -9999.0 -9999.0 -9999.0 -9999.0 -9999.0 -9999.0 -9999.0 -9999.0 -9999.0 -9999.0 -9999.0 -9999.0 -9999.0 -9999.0 -9999.0 -9999.0 -9999.0 -9999.0 -9999.0 -9999.0 -9999.0 -9999.0 -9999.0 -9999.0 -9999.0 -9999.0 -9999.0 -9999.0
01.41 01.50 01.36 01.09 00.61 00.72 00.66 00.56 00.42 00.39 00.47 00.39 00.35 00.35 00.34 00.18 00.23 00.87 00.34 00.29 00.26 00.24 00.24 -9999.0 -9999.0 -9999.0 -9999.0 -9999.0 -9999.0 -9999.0 -9999.0 -9999.0 -9999.0 -9999.0 -9999.0 -9999.0 -9999.0 -9999.0 -9999.0 -9999.0 -9999.0 -9999.0 -9999.0 -9999.0 -9999.0 -9999.0 -9999.0 -9999.0 -9999.0 -9999.0 -9999.0 -9999.0 -9999.0 -9999.0 -9999.0 -9999.0 -9999.0 -9999.0 -9999.0 -9999.0 -9999.0 -9999.0 -9999.0 -9999.0 -9999.0 -9999.0 -9999.0 -9999.0
01.19 01.18 01.04 00.66 00.46 00.56 00.51 00.46 00.40 00.40 00.41 00.36 00.35 00.36 00.33 00.30 00.26 00.36 00.20 00.39 00.56 00.22 00.25 -9999.0 -9999.0 -9999.0 -9999.0 -9999.0 -9999.0 -9999.0 -9999.0 -9999.0 -9999.0 -9999.0 -9999.0 -9999.0 -9999.0 -9999.0 -9999.0 -9999.0 -9999.0 -9999.0 -9999.0 -9999.0 -9999.0 -9999.0 -9999.0 -9999.0 -9999.0 -9999.0 -9999.0 -9999.0 -9999.0 -9999.0 -9999.0 -9999.0 -9999.0 -9999.0 -9999.0 -9999.0 -9999.0 -9999.0 -9999.0 -9999.0 -9999.0 -9999.0 -9999.0 -9999.0
00.79 00.73 00.57 00.50 00.36 00.40 00.41 00.37 00.32 00.39 00.44 00.38 00.34 00.26 00.28 00.33 00.31 00.31 00.68 00.31 00.31 -9999.0 -9999.0 -9999.0 -9999.0 -9999.0 -9999.0 -9999.0 -9999.0 -9999.0 -9999.0 -9999.0 -9999.0 -9999.0 -9999.0 -9999.0 -9999.0 -9999.0 -9999.0 -9999.0 -9999.0 -9999.0 -9999.0 -9999.0 -9999.0 -9999.0 -9999.0 -9999.0 -9999.0 -9999.0 -9999.0 -9999.0 -9999.0 -9999.0 -9999.0 -9999.0 -9999.0 -9999.0 -9999.0 -9999.0 -9999.0 -9999.0 -9999.0 -9999.0 -9999.0 -9999.0 -9999.0 -9999.0
00.41 00.27 00.26 00.26 00.33 00.28 00.18 00.16 00.19 00.41 00.43 00.38 00.35 00.24 00.41 00.35 00.78 00.32 00.39 00.40 00.29 -9999.0 -9999.0 -9999.0 -9999.0 -9999.0 -9999.0 -9999.0 -9999.0 -9999.0 -9999.0 -9999.0 -9999.0 -9999.0 -9999.0 -9999.0 -9999.0 -9999.0 -9999.0 -9999.0 -9999.0 -9999.0 -9999.0 -9999.0 -9999.0 -9999.0 -9999.0 -9999.0 -9999.0 -9999.0 -9999.0 -9999.0 -9999.0 -9999.0 -9999.0 -9999.0 -9999.0 -9999.0 -9999.0 -9999.0 -9999.0 -9999.0 -9999.0 -9999.0 -9999.0 -9999.0 -9999.0 -9999.0
00.44 00.36 00.35 00.37 00.39 00.29 00.22 00.16 00.24 00.35 00.35 00.31 00.33 01.05 00.36 00.39 00.42 00.37 00.26 00.17 -9999.0 -9999.0 -9999.0 -9999.0 -9999.0 -9999.0 -9999.0 -9999.0 -9999.0 -9999.0 -9999.0 -9999.0 -9999.0 -9999.0 -9999.0 -9999.0 -9999.0 -9999.0 -9999.0 -9999.0 -9999.0 -9999.0 -9999.0 -9999.0 -9999.0 -9999.0 -9999.0 -9999.0 -9999.0 -9999.0 -9999.0 -9999.0 -9999.0 -9999.0 -9999.0 -9999.0 -9999.0 -9999.0 -9999.0 -9999.0 -9999.0 -9999.0 -9999.0 -9999.0 -9999.0 -9999.0 -9999.0 -9999.0
00.39 00.32 00.21 00.37 00.30 00.31 00.31 00.22 00.23 00.34 00.33 00.36 00.34 00.62 00.32 00.34 00.41 00.16 00.26 -9999.0 -9999.0 -9999.0 -9999.0 -9999.0 -9999.0 -9999.0 -9999.0 -9999.0 -9999.0 -9999.0 -9999.0 -9999.0 -9999.0 -9999.0 -9999.0 -9999.0 -9999.0 -9999.0 -9999.0 -9999.0 -9999.0 -9999.0 -9999.0 -9999.0 -9999.0 -9999.0 -9999.0 -9999.0 -9999.0 -9999.0 -9999.0 -9999.0 -9999.0 -9999.0 -9999.0 -9999.0 -9999.0 -9999.0 -9999.0 -9999.0 -9999.0 -9999.0 -9999.0 -9999.0 -9999.0 -9999.0 -9999.0 -9999.0
