example/Panther/1177973_SpreadRate.asc
NCOLS 748
NROWS 648
XLLCORNER -8363.000000
YLLCORNER -11743.000000
CELLSIZE 30.000000
NODATA_VALUE -9999.0
[rows 390 to 419 of 648, columns 340 to 407 of 748]
00.93 00.68 00.45 00.44 00.53 00.55 00.53 00.37 00.48 00.64 00.44 00.27 00.07 00.09 00.64 00.97 01.62 00.64 00.84 01.33 02.19 02.37 01.76 03.58 07.40 05.35 03.01 02.18 01.55 00.75 00.37 00.35 00.35 00.34 00.31 00.30 00.27 00.37 00.39 00.38 00.20 00.26 00.20 00.26 00.16 00.30 00.37 00.19 00.20 00.33 00.38 00.40 00.35 00.19 00.38 00.12 00.32 00.28 00.38 00.40 00.40 00.30 00.42 00.41 00.43 00.33 00.31 00.32
00.56 00.50 00.47 00.45 00.45 00.49 00.54 00.64 00.75 00.60 00.47 00.07 00.08 00.30 00.70 00.98 00.88 00.48 00.78 01.04 01.66 02.11 03.11 03.05 03.31 03.80 03.61 03.66 03.84 00.80 00.39 00.39 00.35 00.34 00.32 00.29 00.24 00.23 00.30 00.32 00.18 00.17 00.20 00.20 00.36 00.44 00.33 00.31 00.32 00.20 00.24 00.28 00.19 00.20 00.22 00.18 00.22 00.15 00.26 00.32 00.35 00.44 00.33 00.35 00.41 00.15 00.34 00.29
00.49 00.38 00.55 00.64 00.43 00.45 00.78 01.24 01.05 00.91 00.24 00.10 00.09 00.61 00.70 00.99 01.02 01.00 00.31 00.93 01.19 02.04 02.58 03.02 03.12 03.25 03.63 03.62 04.55 02.23 00.41 00.58 00.36 00.34 00.32 00.30 00.17 00.20 00.19 00.18 00.16 00.18 00.22 00.27 00.32 00.33 00.34 00.27 00.28 00.40 00.42 00.34 00.38 00.40 00.21 00.15 00.21 00.23 00.31 00.23 00.34 00.39 00.34 00.25 00.29 00.32 00.24 -9999.0
00.61 00.41 00.62 00.43 00.38 00.39 00.22 00.14 00.22 00.36 00.49 00.09 00.22 00.73 00.85 01.09 00.61 01.90 00.86 00.59 01.08 01.61 02.52 03.01 03.16 03.51 03.07 04.47 04.83 04.48 00.41 00.76 00.39 00.36 00.34 00.27 00.15 00.18 00.31 00.20 00.18 00.21 00.56 00.25 00.43 00.30 00.34 00.25 00.44 00.41 00.44 00.40 00.42 00.25 00.32 00.37 00.36 00.43 00.44 00.43 00.44 00.30 00.36 00.43 00.41 00.32 00.30 -9999.0
00.23 00.61 00.53 00.42 00.38 00.52 00.43 00.26 00.13 00.11 00.11 00.47 00.48 00.82 00.96 00.71 00.91 02.20 01.32 01.04 00.57 01.26 02.78 03.85 06.79 07.20 04.55 04.60 04.87 05.30 00.37 00.33 00.37 00.40 00.36 00.18 00.14 00.20 00.23 00.34 00.23 00.44 00.44 00.27 00.35 00.31 00.38 00.40 00.48 00.41 00.51 00.25 00.34 00.37 00.30 00.12 00.23 00.36 00.39 00.27 00.28 00.37 00.23 00.38 00.14 00.35 00.36 -9999.0
00.65 00.69 00.36 00.28 01.06 00.57 00.20 00.29 00.10 00.06 00.11 00.69 00.77 00.80 00.84 00.78 01.10 02.39 02.13 00.62 00.66 00.76 00.57 03.55 08.31 11.65 09.18 05.60 09.68 04.01 01.83 00.33 00.24 00.28 00.35 00.22 00.16 00.20 00.24 00.46 00.49 00.66 00.60 00.56 00.40 00.54 00.36 00.49 00.54 00.43 00.50 00.50 00.20 00.30 00.24 00.23 00.17 00.31 00.25 00.35 00.44 00.35 00.45 00.26 00.52 00.37 -9999.0 -9999.0
00.60 00.54 00.48 03.03 01.45 01.08 00.55 00.25 00.09 00.10 00.27 02.10 00.52 00.80 00.89 00.39 01.31 02.05 02.65 01.04 00.49 00.65 00.66 01.47 03.03 03.75 04.23 05.32 05.28 01.23 00.40 00.47 00.32 00.34 00.35 00.30 00.19 00.19 00.24 00.27 00.51 00.42 00.35 00.37 00.45 00.68 00.30 00.55 00.51 00.59 00.40 00.44 00.44 00.43 00.39 00.32 00.29 00.48 00.44 00.27 00.45 00.53 00.48 00.35 00.42 00.39 -9999.0 -9999.0
01.97 01.80 03.23 02.99 02.07 00.99 00.62 00.07 00.12 00.09 00.66 00.75 01.21 00.62 01.09 00.77 01.18 01.92 02.39 02.54 00.63 01.23 00.53 01.39 02.61 03.21 03.63 06.74 03.66 01.64 00.32 00.31 00.29 00.35 00.39 00.41 00.41 00.23 00.24 00.37 00.53 00.60 00.46 00.26 00.88 01.01 00.85 00.75 00.44 00.48 00.55 00.52 00.58 00.60 00.60 00.52 00.61 00.49 00.53 00.51 00.26 00.29 00.30 00.31 00.32 -9999.0 -9999.0 -9999.0
01.38 01.44 01.90 03.22 01.68 00.99 00.54 00.06 00.06 00.32 00.85 01.15 01.51 00.70 01.06 00.77 00.91 01.61 02.41 02.99 02.21 01.17 01.19 02.15 02.47 02.94 04.22 09.64 06.81 01.03 00.32 00.31 00.29 00.35 00.47 00.48 00.27 00.30 00.25 00.28 00.49 00.61 00.47 00.28 00.99 00.71 00.66 00.70 00.64 00.63 00.63 00.56 00.37 00.48 00.49 00.48 00.66 00.59 00.49 00.44 00.40 00.31 00.26 00.25 -9999.0 -9999.0 -9999.0 -9999.0
01.37 01.43 01.35 01.13 01.13 00.60 00.30 00.10 00.19 00.65 00.74 00.46 00.87 00.60 00.77 00.64 00.80 01.40 02.11 01.53 00.27 00.83 05.07 01.54 02.71 03.14 03.53 06.26 02.88 00.60 00.33 00.34 00.38 00.43 00.38 00.41 00.41 00.24 00.29 00.32 00.52 00.58 00.52 00.11 00.13 00.35 00.51 00.54 00.57 00.48 00.31 00.36 00.41 00.39 00.39 -9999.0 00.50 00.44 00.20 00.35 00.23 00.11 -9999.0 -9999.0 -9999.0 -9999.0 -9999.0 -9999.0
01.05 01.68 01.15 00.92 00.60 00.30 00.90 00.53 00.17 00.85 00.46 00.55 01.14 01.82 00.90 00.84 00.76 01.08 01.73 02.13 01.14 00.23 03.34 08.21 02.16 02.99 06.93 01.33 00.80 00.57 00.42 00.32 00.36 00.70 00.68 00.44 00.54 00.22 00.46 00.50 00.49 00.52 00.48 00.06 00.29 00.37 00.42 00.42 00.42 00.42 00.12 00.10 00.17 00.03 -9999.0 00.28 00.31 00.06 -9999.0 -9999.0 -9999.0 -9999.0 -9999.0 -9999.0 -9999.0 -9999.0 -9999.0 -9999.0
00.38 01.13 01.34 01.17 00.74 01.09 01.20 00.46 00.09 00.75 00.32 00.74 01.11 01.78 00.83 00.85 00.73 00.87 01.40 02.82 05.59 00.43 01.29 02.04 02.31 01.32 03.33 01.76 00.67 00.43 00.33 00.44 00.64 00.83 00.61 00.52 00.44 00.22 00.56 00.50 00.45 00.46 00.44 00.09 00.09 00.32 00.40 00.40 00.06 00.07 00.07 00.09 00.09 00.18 -9999.0 -9999.0 -9999.0 -9999.0 -9999.0 -9999.0 -9999.0 -9999.0 -9999.0 -9999.0 -9999.0 -9999.0 -9999.0 -9999.0
01.17 01.07 01.12 00.41 00.53 00.53 00.18 00.08 00.05 00.44 00.30 00.72 01.25 01.37 01.51 00.79 00.77 00.81 00.97 01.43 01.64 00.46 00.79 01.75 02.24 00.91 01.14 01.29 01.69 00.52 00.57 00.56 00.60 00.92 00.56 00.30 00.38 00.40 00.49 00.46 00.41 00.44 00.41 00.11 00.11 00.10 00.30 00.31 00.28 00.23 00.35 00.28 00.16 00.21 00.28 -9999.0 -9999.0 -9999.0 -9999.0 -9999.0 -9999.0 -9999.0 -9999.0 -9999.0 -9999.0 -9999.0 -9999.0 -9999.0
01.17 01.84 00.48 00.91 01.52 01.16 00.66 00.05 00.06 00.49 00.63 00.77 01.08 00.57 02.07 00.90 00.81 00.81 00.84 01.15 01.35 01.08 00.77 00.50 00.67 00.91 00.43 00.43 00.60 02.19 03.35 00.98 00.56 00.76 00.42 00.37 00.46 00.43 00.43 00.39 00.38 00.40 00.26 00.09 00.12 00.31 00.50 00.40 00.20 00.25 00.21 00.29 00.26 00.20 00.22 -9999.0 -9999.0 -9999.0 -9999.0 -9999.0 -9999.0 -9999.0 -9999.0 -9999.0 -9999.0 -9999.0 -9999.0 -9999.0
01.60 01.85 02.19 02.21 01.51 00.93 00.83 00.05 00.07 00.73 00.31 00.40 00.73 01.53 01.14 00.78 00.72 01.08 01.08 01.22 01.20 01.29 00.40 00.41 00.35 00.60 00.90 01.06 00.35 01.43 01.40 00.56 00.69 00.34 00.30 00.48 00.41 00.37 00.38 00.35 00.38 00.37 00.07 00.07 00.56 00.68 00.60 00.59 00.37 00.23 00.34 00.26 00.22 00.15 -9999.0 -9999.0 -9999.0 -9999.0 -9999.0 -9999.0 -9999.0 -9999.0 -9999.0 -9999.0 -9999.0 -9999.0 -9999.0 -9999.0
01.06 01.02 00.85 00.53 00.28 00.64 00.16 00.10 00.05 00.13 00.91 01.06 01.00 01.26 01.81 01.70 00.48 00.45 00.24 00.63 00.72 00.36 00.99 00.34 00.21 00.36 00.59 00.39 00.14 00.48 00.95 01.06 00.66 00.55 00.34 00.39 00.37 00.34 00.36 00.35 00.38 00.36 00.06 00.12 00.92 00.87 00.89 00.39 00.27 00.31 00.26 00.21 00.13 -9999.0 -9999.0 -9999.0 -9999.0 -9999.0 -9999.0 -9999.0 -9999.0 -9999.0 -9999.0 -9999.0 -9999.0 -9999.0 -9999.0 -9999.0
00.81 00.55 01.47 01.91 00.59 01.34 01.30 00.40 00.05 00.50 00.93 01.36 01.43 01.12 01.62 01.55 01.64 01.42 01.50 00.17 00.73 00.48 00.73 00.99 00.62 00.39 00.20 00.55 00.72 00.45 00.52 00.49 00.41 00.38 00.40 00.38 00.36 00.38 00.37 00.36 00.40 00.34 00.08 00.37 00.58 00.78 00.83 00.75 00.63 00.27 00.25 00.30 00.21 -9999.0 -9999.0 -9999.0 -9999.0 -9999.0 -9999.0 -9999.0 -9999.0 -9999.0 -9999.0 -9999.0 -9999.0 -9999.0 -9999.0 -9999.0
01.15 01.36 01.39 00.79 00.39 00.82 00.70 00.05 00.05 00.70 00.85 01.31 00.98 00.54 00.51 00.56 00.25 00.21 01.30 01.43 00.53 01.32 00.51 00.63 00.83 01.09 01.60 00.51 00.65 00.25 00.54 00.46 00.36 00.37 00.37 00.36 00.35 00.38 00.37 00.42 00.41 00.35 00.08 00.35 00.45 00.55 00.63 00.69 00.63 00.25 00.23 00.40 00.21 -9999.0 -9999.0 -9999.0 -9999.0 -9999.0 -9999.0 -9999.0 -9999.0 -9999.0 -9999.0 -9999.0 -9999.0 -9999.0 -9999.0 -9999.0
00.63 00.65 00.73 00.52 00.91 00.65 00.43 00.06 00.07 00.70 00.97 00.90 00.49 00.74 01.12 01.34 00.87 01.06 00.51 00.68 01.40 01.10 00.63 00.61 00.60 00.67 00.87 01.52 00.74 00.40 00.34 00.32 00.32 00.34 00.36 00.35 00.38 00.38 00.36 00.41 00.38 00.36 00.08 00.11 00.12 00.46 00.51 00.58 00.52 00.37 00.24 00.11 -9999.0 -9999.0 -9999.0 -9999.0 -9999.0 -9999.0 -9999.0 -9999.0 -9999.0 -9999.0 -9999.0 -9999.0 -9999.0 -9999.0 -9999.0 -9999.0
01.37 00.92 01.09 00.56 00.28 00.12 00.37 00.07 00.07 00.35 00.86 01.30 00.96 01.07 01.40 00.53 01.22 01.01 00.41 00.57 00.76 00.95 00.76 00.63 00.55 00.59 00.54 00.65 00.91 00.92 00.41 00.30 00.33 00.34 00.35 00.37 00.36 00.35 00.40 00.41 00.37 00.35 00.09 00.21 00.20 00.37 00.43 00.50 00.47 00.60 00.25 -9999.0 -9999.0 -9999.0 -9999.0 -9999.0 -9999.0 -9999.0 -9999.0 -9999.0 -9999.0 -9999.0 -9999.0 -9999.0 -9999.0 -9999.0 -9999.0 -9999.0
01.22 00.97 00.72 00.56 01.02 00.66 00.36 00.06 00.06 00.66 00.77 00.88 01.38 02.05 00.22 00.42 00.75 00.85 00.42 00.90 00.61 00.81 00.99 01.08 00.78 00.77 00.69 00.72 00.75 01.03 00.85 00.31 00.34 00.35 00.33 00.31 00.33 00.36 00.38 00.36 00.33 00.07 00.05 00.07 00.34 00.51 00.44 00.45 00.43 00.26 00.19 -9999.0 -9999.0 -9999.0 -9999.0 -9999.0 -9999.0 -9999.0 -9999.0 -9999.0 -9999.0 -9999.0 -9999.0 -9999.0 -9999.0 -9999.0 -9999.0 -9999.0
00.59 00.80 00.67 00.28 00.51 00.47 00.06 00.08 00.22 00.41 00.49 00.32 01.93 00.27 00.24 00.96 00.56 00.76 00.72 00.54 00.65 00.72 00.86 00.99 01.15 00.94 00.78 01.14 00.90 00.56 00.43 00.45 00.16 00.33 00.33 00.33 00.22 00.16 00.20 00.29 00.14 00.06 00.07 00.26 00.47 00.64 00.48 00.47 00.44 00.11 -9999.0 -9999.0 -9999.0 -9999.0 -9999.0 -9999.0 -9999.0 -9999.0 -9999.0 -9999.0 -9999.0 -9999.0 -9999.0 -9999.0 -9999.0 -9999.0 -9999.0 -9999.0
00.51 00.60 00.54 00.38 00.43 00.34 00.09 00.06 00.05 00.59 00.64 00.33 01.04 00.79 01.14 00.41 00.91 01.08 00.70 00.58 00.64 00.86 01.02 01.16 01.28 01.24 00.79 00.74 00.48 00.46 00.47 00.36 00.36 00.32 00.16 00.16 00.16 00.26 00.36 00.18 00.07 00.05 00.45 00.60 00.73 00.66 00.60 00.29 00.21 -9999.0 -9999.0 -9999.0 -9999.0 -9999.0 -9999.0 -9999.0 -9999.0 -9999.0 -9999.0 -9999.0 -9999.0 -9999.0 -9999.0 -9999.0 -9999.0 -9999.0 -9999.0 -9999.0
00.61 00.70 00.47 00.22 00.11 00.09 00.18 00.06 00.05 00.25 00.90 00.96 00.56 00.75 00.65 00.50 00.77 01.06 01.38 00.61 00.82 00.99 01.08 01.28 01.61 01.63 00.91 01.46 00.94 00.25 00.28 00.33 00.40 00.41 00.33 00.18 00.20 00.30 00.29 00.30 00.59 00.65 00.57 00.71 00.60 00.49 00.48 00.36 00.25 -9999.0 -9999.0 -9999.0 -9999.0 -9999.0 -9999.0 -9999.0 -9999.0 -9999.0 -9999.0 -9999.0 -9999.0 -9999.0 -9999.0 -9999.0 -9999.0 -9999.0 -9999.0 -9999.0
00.49 00.38 00.50 00.29 00.12 00.35 00.05 -9999.0 00.05 00.43 00.57 00.54 00.45 00.69 00.73 00.50 00.81 01.21 01.60 01.48 00.85 00.95 01.47 01.71 01.95 01.88 01.02 01.41 00.21 00.20 00.63 00.34 00.24 00.21 00.19 00.25 00.38 00.54 00.41 00.32 00.69 00.76 00.76 00.56 00.53 00.47 00.36 00.13 -9999.0 -9999.0 -9999.0 -9999.0 -9999.0 -9999.0 -9999.0 -9999.0 -9999.0 -9999.0 -9999.0 -9999.0 -9999.0 -9999.0 -9999.0 -9999.0 -9999.0 -9999.0 -9999.0 -9999.0
00.41 00.41 00.55 00.42 00.19 00.15 00.04 -9999.0 00.05 00.26 00.62 00.74 00.59 00.70 00.81 00.62 00.87 01.37 01.65 01.77 01.53 00.96 01.27 01.71 01.87 01.88 00.90 00.34 00.17 00.20 00.28 00.37 00.32 00.27 00.75 00.50 00.29 00.33 00.15 00.07 00.16 00.78 00.75 00.61 00.42 00.36 00.16 00.16 -9999.0 -9999.0 -9999.0 -9999.0 -9999.0 -9999.0 -9999.0 -9999.0 -9999.0 -9999.0 -9999.0 -9999.0 -9999.0 -9999.0 -9999.0 -9999.0 -9999.0 -9999.0 -9999.0 -9999.0
00.15 00.12 00.10 00.26 00.26 00.08 00.07 -9999.0 00.07 00.06 00.26 00.73 00.65 00.67 00.87 00.60 00.82 01.37 01.62 01.84 01.54 00.85 01.17 01.66 01.75 01.78 00.79 00.31 00.33 00.44 00.28 00.27 00.30 00.28 00.33 00.36 00.05 00.05 00.05 -9999.0 00.41 00.62 00.67 00.42 00.39 00.13 00.45 00.13 -9999.0 00.17 -9999.0 -9999.0 -9999.0 -9999.0 -9999.0 -9999.0 -9999.0 -9999.0 -9999.0 -9999.0 -9999.0 -9999.0 -9999.0 -9999.0 -9999.0 -9999.0 -9999.0 -9999.0
00.22 01.25 00.46 00.62 00.08 00.26 00.05 -9999.0 00.04 00.14 00.29 00.63 00.70 00.58 00.46 00.54 00.96 00.89 01.15 01.56 02.12 00.92 01.02 01.63 01.83 01.26 00.39 00.18 00.53 00.37 00.31 00.66 00.48 00.41 00.38 00.07 -9999.0 -9999.0 -9999.0 00.28 00.31 00.55 00.31 00.08 00.11 00.21 00.23 00.13 -9999.0 00.27 -9999.0 -9999.0 -9999.0 -9999.0 -9999.0 -9999.0 -9999.0 -9999.0 -9999.0 -9999.0 -9999.0 -9999.0 -9999.0 -9999.0 -9999.0 -9999.0 -9999.0 -9999.0
01.50 02.14 01.32 00.96 00.14 00.40 00.25 -9999.0 00.05 00.35 00.45 00.50 00.59 00.51 00.70 00.68 00.36 00.74 00.92 01.35 01.93 02.24 01.27 01.30 01.86 00.39 00.30 00.28 00.38 00.15 00.17 00.14 00.24 00.09 00.05 00.06 00.04 00.28 00.31 00.37 00.51 00.71 00.71 00.43 00.48 00.50 00.13 00.15 -9999.0 -9999.0 -9999.0 -9999.0 -9999.0 -9999.0 -9999.0 -9999.0 -9999.0 -9999.0 -9999.0 -9999.0 -9999.0 -9999.0 -9999.0 -9999.0 -9999.0 -9999.0 -9999.0 -9999.0
01.20 01.38 01.01 00.63 00.43 00.44 00.10 00.02 00.08 00.36 00.43 00.41 00.42 00.86 00.61 00.57 00.50 00.58 00.74 00.85 01.07 01.12 01.03 01.10 00.81 00.37 00.39 00.46 00.25 00.54 00.22 00.28 00.08 00.08 00.06 00.06 00.24 00.34 00.38 00.51 00.28 00.41 00.47 00.24 00.40 00.48 00.08 -9999.0 -9999.0 -9999.0 -9999.0 -9999.0 -9999.0 -9999.0 -9999.0 -9999.0 -9999.0 -9999.0 -9999.0 -9999.0 -9999.0 -9999.0 -9999.0 -9999.0 -9999.0 -9999.0 -9999.0 -9999.0
