example/Panther/1177973_ReactionIntensity.asc
NCOLS 748
NROWS 648
XLLCORNER -8363.000000
YLLCORNER -11743.000000
CELLSIZE 30.000000
NODATA_VALUE -9999.0
[rows 377 to 405 of 648, columns 260 to 324 of 748]
-9999.0 -9999.0 -9999.0 -9999.0 -9999.0 -9999.0 -9999.0 -9999.0 -9999.0 -9999.0 -9999.0 -9999.0 -9999.0 -9999.0 -9999.0 -9999.0 -9999.0 -9999.0 -9999.0 -9999.0 -9999.0 -9999.0 -9999.0 -9999.0 -9999.0 -9999.0 -9999.0 -9999.0 -9999.0 -9999.0 -9999.0 -9999.0 -9999.0 -9999.0 -9999.0 -9999.0 -9999.0 -9999.0 -9999.0 -9999.0 -9999.0 -9999.0 -9999.0 -9999.0 -9999.0 -9999.0 -9999.0 -9999.0 -9999.0 -9999.0 -9999.0 -9999.0 -9999.0 -9999.0 -9999.0 -9999.0 -9999.0 -9999.0 -9999.0 -9999.0 -9999.000 00753.357 01202.848 00707.176 00180.627
00490.517 00654.706 00837.132 01111.846 00137.864 00160.482 00142.220 00295.336 00392.734 00373.603 00212.305 00373.900 00335.232 00293.447 -9999.000 -9999.0 -9999.0 -9999.0 -9999.0 -9999.0 -9999.0 -9999.0 -9999.0 -9999.0 -9999.0 -9999.0 -9999.0 -9999.0 -9999.0 -9999.0 -9999.0 -9999.0 -9999.0 -9999.0 -9999.0 -9999.0 -9999.0 -9999.0 -9999.0 -9999.0 -9999.0 -9999.0 -9999.0 -9999.0 -9999.0 00101.437 00101.623 00128.889 00041.265 -9999.0 -9999.0 -9999.0 -9999.0 01183.957 -9999.0 -9999.0 -9999.0 -9999.0 -9999.0 -9999.0 -9999.0 -9999.000 00236.964 00569.252 00562.328
00719.644 00905.100 00536.132 01274.129 01286.385 01322.973 00156.656 01035.271 00855.482 00172.207 01403.990 01362.744 00439.221 01243.804 00602.906 -9999.000 -9999.000 -9999.0 -9999.0 -9999.0 -9999.0 -9999.0 -9999.0 -9999.0 -9999.0 -9999.0 -9999.0 -9999.0 -9999.0 -9999.0 -9999.0 -9999.0 -9999.0 -9999.0 -9999.0 -9999.0 -9999.0 -9999.0 -9999.0 -9999.0 -9999.0 -9999.0 00231.027 00202.936 00150.066 00000.000 -9999.000 -9999.000 -9999.000 -9999.0 -9999.0 -9999.0 00943.717 01097.851 -9999.000 -9999.0 -9999.0 -9999.0 -9999.0 -9999.0 -9999.0 -9999.000 00237.374 00244.280 00768.375
01603.454 00779.280 01172.922 01378.100 00360.763 00358.777 01390.827 00359.336 01604.494 01020.464 00089.846 00131.046 00226.461 00792.092 01319.007 00167.738 01639.540 -9999.000 -9999.0 -9999.0 -9999.0 -9999.0 -9999.0 -9999.0 -9999.0 -9999.0 -9999.0 -9999.0 -9999.0 -9999.0 -9999.0 -9999.0 -9999.0 -9999.0 -9999.0 -9999.0 -9999.0 00000.000 00000.000 -9999.000 -9999.000 -9999.000 -9999.0 -9999.0 -9999.0 -9999.0 -9999.0 -9999.0 -9999.0 00024.604 00000.000 00130.560 00730.125 00674.484 00062.918 -9999.0 -9999.0 -9999.0 -9999.0 -9999.0 -9999.0 -9999.0 00337.997 00238.180 00330.360
01212.030 01452.432 01324.340 01545.293 01288.846 00507.587 00336.012 00384.999 01087.632 00321.715 00136.421 00337.406 00372.556 01377.487 00777.041 00055.009 00016.119 00108.952 00064.855 -9999.0 -9999.0 -9999.0 -9999.0 -9999.0 -9999.0 -9999.0 00565.446 -9999.0 -9999.0 -9999.0 -9999.0 -9999.0 00000.000 -9999.0 -9999.0 -9999.0 -9999.0 -9999.0 -9999.0 -9999.0 -9999.0 -9999.0 -9999.0 -9999.0 -9999.0 -9999.0 -9999.0 -9999.0 -9999.0 00033.545 00824.409 00000.000 00000.000 00884.847 00361.445 -9999.000 -9999.0 -9999.0 -9999.000 -9999.000 -9999.000 -9999.000 01178.236 00581.808 00847.550
01374.148 00170.729 01237.216 00812.692 00512.614 01104.143 01006.373 00341.843 00884.397 01072.470 00229.282 00650.295 01509.109 01441.972 01279.545 00166.112 00140.232 00000.000 00770.614 -9999.000 -9999.0 -9999.0 -9999.0 -9999.0 -9999.0 -9999.0 -9999.0 -9999.0 00000.000 00376.926 -9999.0 00046.058 -9999.000 -9999.000 -9999.000 -9999.000 -9999.0 -9999.0 -9999.0 -9999.0 -9999.0 -9999.0 -9999.0 -9999.0 -9999.0 -9999.0 -9999.0 -9999.0 -9999.0 00135.437 00959.414 00754.692 00344.328 01503.353 00340.532 00016.589 00050.661 00316.148 00649.333 01046.533 01066.517 00199.240 00495.046 00094.115 00079.981
00269.292 00036.077 00962.624 01068.255 01113.083 01602.531 01185.692 01060.968 00931.835 00501.607 00666.296 00521.901 00125.006 00611.086 00185.020 -9999.0 -9999.0 -9999.0 01509.845 00364.927 -9999.000 -9999.0 -9999.0 -9999.0 -9999.0 -9999.0 -9999.0 -9999.0 -9999.0 -9999.0 00267.994 01338.444 00749.182 00038.045 00515.424 00049.855 00018.966 -9999.000 -9999.000 -9999.000 -9999.0 -9999.0 -9999.0 -9999.0 -9999.0 -9999.0 -9999.0 -9999.0 -9999.000 00008.793 01052.864 00601.706 00286.711 00729.563 00956.722 00130.799 00051.644 00652.904 00002.198 00113.692 00048.239 00215.184 00201.252 00008.789 00435.489
01538.261 00476.646 01522.659 00913.298 00620.441 01455.683 01048.783 01165.200 01237.411 01365.446 00125.510 00604.263 01134.591 00531.001 00677.114 00149.684 01334.814 01583.129 01003.717 00982.974 00455.315 -9999.000 -9999.000 -9999.0 -9999.0 -9999.0 -9999.0 -9999.0 -9999.0 -9999.000 00177.105 01247.688 01412.022 01025.126 00609.810 00032.417 00144.102 01147.632 00010.183 00089.787 00079.398 00865.314 -9999.000 -9999.000 -9999.000 -9999.0 -9999.0 -9999.0 -9999.000 00029.631 00017.836 01180.118 00081.259 00228.735 00533.647 01047.132 00487.944 00889.566 00862.733 01106.479 00195.319 00012.777 00941.205 00070.735 00245.223
01250.570 01131.953 01386.462 00458.873 00751.279 01112.143 00890.859 01375.327 01489.652 00778.772 00127.529 00982.901 01135.456 01059.844 00528.909 00085.619 00603.779 00006.886 00653.340 00374.242 01221.875 00159.599 00436.973 00363.960 -9999.000 -9999.000 -9999.000 -9999.0 -9999.0 -9999.000 01211.530 00742.487 00589.334 01196.941 00736.394 00809.281 00018.596 00385.500 00723.169 01095.371 00616.523 00070.091 00544.429 00062.892 00409.702 00264.392 00104.148 -9999.000 -9999.000 00029.481 01153.544 00010.671 01457.039 01331.605 01489.276 00971.036 00178.107 01201.252 01202.300 01015.718 00461.966 00945.197 00581.604 00047.942 00120.548
00211.207 00581.934 00223.691 00490.321 00061.274 01100.847 00192.601 00827.030 00952.587 00394.020 00085.967 00580.980 00258.069 00312.697 00587.572 00683.634 00073.710 00069.284 01263.503 01349.731 01179.522 00299.851 00764.447 00101.032 00182.465 00186.781 00760.655 00453.944 -9999.000 00931.912 00173.125 01169.274 00906.295 01197.078 00946.339 00447.714 00168.619 01096.658 00383.589 00406.355 00743.232 00790.499 00435.850 00011.702 00345.387 01047.774 00011.584 00086.142 00044.393 00025.317 00401.505 01225.524 01507.090 01346.904 01327.442 00402.460 01189.360 00763.724 01187.860 00265.435 00967.152 01202.107 01104.575 01282.232 00646.051
00317.417 00569.081 00147.758 00207.758 00262.219 00616.491 00488.567 00084.708 00147.653 00251.438 00380.603 00326.712 00537.426 00433.574 00126.418 00608.760 00181.361 00171.674 00088.724 00155.863 01467.624 00425.023 01276.329 00850.437 00911.298 00927.058 01474.719 01553.021 00810.049 01527.692 01032.211 00088.718 01196.317 00805.120 01200.569 00089.847 00025.085 01110.475 00933.442 00738.786 00711.874 00789.052 01338.365 00990.313 00084.746 00895.185 01139.264 00155.407 00524.736 01474.049 01249.370 00326.627 01553.084 01028.393 00578.621 00528.397 00336.887 01190.074 00718.264 00761.636 01055.250 00820.924 01088.833 01206.689 01636.915
00137.640 -9999.0 -9999.0 00662.136 00321.790 00435.304 00448.204 -9999.0 -9999.0 -9999.0 00372.520 00153.499 00416.748 00503.378 00651.277 00997.173 01254.543 01426.548 00286.828 00207.047 01577.084 00799.942 01100.472 01103.629 01550.127 01499.143 00705.434 00022.079 00970.136 01191.527 00076.114 00088.739 00089.182 00936.622 00225.994 01508.000 00519.997 01552.770 00861.051 00401.416 00676.402 01075.192 00378.003 00775.241 00212.709 01330.218 01476.336 01193.284 00833.647 01153.517 01354.184 00558.316 01168.677 00450.208 01537.962 01429.367 00704.349 00576.623 00999.936 00558.115 00941.850 01196.898 01187.300 01049.731 01581.771
-9999.0 00000.000 00380.490 00132.248 00123.794 00329.919 01034.495 00000.000 00149.970 01116.121 01104.910 01067.832 00387.071 00254.343 00975.795 00656.903 00489.323 01319.809 00439.887 01263.706 00099.023 00457.388 00337.671 00086.388 00074.501 00050.357 01360.630 01601.046 01143.114 01490.163 01259.838 00179.950 00088.829 00088.885 00255.584 01456.140 01201.711 00948.649 00310.327 00941.054 00871.295 01064.884 01014.680 00378.646 01121.816 01111.633 00867.659 00212.321 01114.288 00913.288 00196.006 00927.928 00893.306 00391.869 00821.396 00284.986 00852.327 00779.812 01255.011 00273.471 01070.589 00661.849 00188.307 01346.921 01138.048
-9999.0 00378.224 00516.272 00581.441 00462.869 01120.930 01132.875 00215.870 00677.116 00637.837 01024.604 00932.525 00110.621 00029.132 00706.428 00738.834 00566.695 01084.531 01002.133 00010.787 01237.055 01322.335 00613.518 01292.464 00896.947 00076.412 01276.006 01136.285 00973.718 01344.689 01149.822 00011.937 00899.825 00053.038 01240.074 00210.147 00083.602 01137.097 01125.852 01005.120 00835.302 00578.639 00260.017 00269.679 00552.460 00607.830 00759.277 00142.471 00573.024 00952.290 00856.853 01105.929 00078.754 00185.485 01113.513 00932.982 00660.450 00548.690 01377.701 01129.767 01424.990 00629.711 01105.513 00465.378 01538.204
00087.748 00432.912 00629.080 00243.680 00173.188 00450.769 00867.988 00882.079 00394.202 00158.569 01092.435 01053.695 00615.450 00078.832 01127.464 01155.071 01231.657 01118.457 00640.606 00734.430 00075.746 00400.677 00033.159 00079.651 00938.664 01026.803 00663.643 01104.434 00068.605 00295.274 01010.530 01125.105 01100.323 01211.162 00520.125 00128.580 00901.454 00239.845 00137.019 00565.932 00131.839 00267.080 00083.251 00732.572 00537.535 01035.840 00083.324 00305.171 00088.521 00361.221 01079.839 00544.274 00903.981 00442.461 00529.542 01102.415 00312.106 01024.190 00590.121 01212.983 00977.338 01266.812 00634.103 00708.162 00479.078
00220.932 00142.890 01087.970 01127.558 00222.717 00112.719 00727.065 00959.251 00524.215 01083.567 00256.183 00092.665 00224.203 00294.419 00831.487 00876.552 01087.989 01426.930 01410.801 00615.639 01583.447 01229.287 01441.228 01412.915 01568.989 01570.406 00968.303 01101.639 00606.967 00227.491 01039.224 00490.353 01125.630 00292.719 00651.024 00481.492 00304.195 00999.736 01008.506 01052.689 00649.830 00505.053 00113.389 01126.924 01132.955 01113.154 00917.229 00318.585 00553.893 00542.890 00754.737 00929.643 01080.209 00590.727 00702.950 00087.737 01028.221 00101.091 01086.412 00679.796 01144.360 00751.818 01131.036 00959.326 00957.738
00175.289 00221.602 00333.718 01127.287 00428.182 00334.312 00278.719 00562.601 00465.518 00619.989 01011.619 00098.321 00539.681 00882.663 00373.681 00253.720 00078.467 00253.153 01138.987 00827.336 01151.007 01176.105 00774.874 00954.905 00983.594 00989.736 01108.487 00010.771 00354.669 00684.123 00376.270 00212.671 01114.307 00599.614 01124.192 00159.251 00178.400 00911.395 00556.226 01123.301 00524.520 00246.639 00664.795 01121.854 01111.902 01123.107 00039.745 -9999.0 00527.114 00419.984 00869.816 01011.513 00181.899 00400.091 01131.079 00083.602 00553.471 01121.595 00907.859 00624.933 01105.077 01112.386 00583.787 00148.288 00612.762
00222.149 00222.675 00602.097 01126.556 01128.114 01115.648 00569.800 00127.240 00604.061 00655.273 00416.376 00083.087 00761.697 00618.238 00497.996 00413.405 00723.639 00078.884 00268.533 00900.577 01130.058 00910.732 01142.632 01146.582 00574.329 00616.514 00834.660 00724.256 01130.380 01130.155 00323.603 00197.893 01106.101 00078.271 00571.478 00169.846 01108.065 00170.836 01125.709 00555.453 00410.386 00621.704 01058.072 01078.835 01108.349 01113.921 00401.900 00612.749 00665.063 00656.923 00776.301 00982.307 00442.693 00216.588 00692.451 00083.558 01056.836 01121.776 01100.895 00727.025 00608.298 00079.576 00078.921 00978.108 00604.669
00345.499 00758.338 00188.854 00489.229 00294.693 01119.844 00801.600 01102.070 00684.549 00095.041 00812.583 00277.294 00097.103 00403.240 00417.678 00285.153 00404.699 00423.176 00961.956 00078.860 00969.029 00352.955 01114.000 00534.728 01049.466 00904.721 01122.295 00084.423 00084.800 00870.521 00232.780 00532.816 01033.309 00445.428 00227.926 00828.868 00680.510 00515.568 00578.724 00079.893 00845.863 00383.367 00077.247 00720.256 00421.349 00994.238 00083.814 00957.476 00810.928 00105.592 00666.984 00444.824 00270.202 00128.911 00789.537 00256.851 00083.375 00912.085 01104.719 01103.986 00635.268 00739.370 01112.758 01046.466 01000.417
00325.672 00256.815 00083.767 00761.545 00935.545 00083.370 01101.549 00162.582 00081.519 00976.484 01122.946 01108.947 00431.221 00381.687 00143.811 00168.086 00842.344 01119.610 01119.735 00773.905 00106.293 00078.849 00078.967 00079.070 00182.783 00112.470 00779.976 00731.038 00762.300 00269.589 00722.164 00169.497 00083.095 00113.518 00865.551 00095.759 01017.476 00174.531 01086.134 00594.711 00222.771 00878.042 00076.137 00501.612 00922.085 00601.481 00318.431 00364.506 00656.928 00383.803 00283.972 01029.334 00561.172 00963.166 00085.826 00800.360 01110.236 00793.286 01108.988 00336.405 01097.621 00523.671 00438.546 01071.219 00371.978
00840.408 01013.665 01043.328 00128.301 00083.015 00084.236 00083.962 00083.085 00686.438 00148.387 00697.849 00476.206 01121.208 -9999.0 00663.787 00109.302 00306.961 00742.372 00775.402 00283.081 00217.129 00079.991 00079.973 -9999.0 -9999.0 00483.332 00419.930 00494.068 00526.291 00338.789 00673.283 01103.389 00456.582 01088.888 01083.371 01079.586 00083.050 00890.233 01046.118 00518.117 00528.860 00907.419 00171.322 00400.660 00848.365 00791.889 00080.239 00707.707 00428.621 01009.480 00608.245 00815.040 00938.715 00161.645 00137.781 00232.433 01108.580 01113.115 00475.278 01060.250 01103.109 00681.902 00344.739 00441.829 00420.398
00837.487 00593.099 00737.177 00447.978 00084.772 00086.946 00087.030 00085.825 00416.762 00152.447 00800.624 00084.069 00369.908 01002.643 00793.690 00749.206 01017.829 00793.316 00097.751 00457.208 -9999.0 -9999.0 -9999.0 -9999.0 -9999.0 00502.834 00871.865 01051.708 00081.095 00080.537 00080.872 00081.594 00157.444 01101.174 00743.735 00168.306 00239.237 00924.901 00492.402 00098.173 00971.127 00707.739 00770.530 00835.898 00100.653 00199.046 01016.609 00120.090 00083.067 00122.918 00313.808 00488.978 00445.446 00280.386 01080.027 00087.452 00383.399 01013.103 00600.218 01109.226 01111.753 00505.111 01051.991 00741.225 00218.113
00082.236 00912.317 00009.604 01116.768 00086.222 00086.828 00087.080 00087.198 00085.212 00152.338 00242.200 00084.126 00151.471 00097.055 01087.500 00231.681 00551.256 00334.263 00143.789 01111.162 -9999.0 -9999.0 -9999.0 -9999.0 00719.494 00081.826 00391.953 01008.353 00220.427 00538.146 00775.074 01048.916 00331.421 00080.678 00081.702 00689.136 00535.527 00929.840 00965.341 00892.564 01026.964 00971.163 00808.796 00700.692 00593.419 00413.277 00194.292 00874.242 00081.251 00081.303 00133.598 00174.504 00081.505 00079.970 00655.131 -9999.0 00538.025 00504.684 00753.937 00169.333 00340.147 01045.559 00949.461 00704.742 00635.018
00806.595 00080.271 00078.338 01155.730 00484.342 00085.907 00084.741 00086.615 00084.520 00158.805 00157.202 00237.973 00682.662 00705.535 00219.874 01040.609 00081.207 00064.126 -9999.0 00066.829 00308.946 00379.776 00687.531 01004.296 00827.014 00591.882 00781.665 00231.745 00333.675 00600.519 00570.655 00807.320 00430.079 00695.318 01027.171 00606.333 00198.210 00347.416 00560.837 00827.071 00506.109 00431.046 00315.190 00110.637 00155.035 00500.158 00296.794 00863.031 01002.750 00449.737 01014.216 00080.985 00118.849 01051.430 -9999.0 -9999.0 00827.706 01111.527 00685.479 00202.097 01076.956 00868.620 00227.332 00832.457 00311.819
01004.979 00848.653 00081.075 01061.984 00887.525 00083.992 00085.097 00086.078 00084.652 00093.628 00732.550 00670.062 00682.544 01131.830 01114.553 00082.701 00996.120 00369.731 00865.166 00248.822 01002.994 00784.160 00725.085 00536.623 00269.856 00000.000 00310.483 00370.200 00590.859 00694.347 00746.563 00146.971 00728.400 00680.470 00306.875 00710.564 00411.378 00217.302 00156.892 00723.333 00200.329 00633.106 00604.154 00711.713 00644.221 00685.223 00547.266 00121.342 00753.800 01049.510 00335.072 00791.328 00416.683 00518.893 00355.672 -9999.0 00197.816 00249.332 01007.578 01083.109 01070.599 00492.564 -9999.0 00506.833 00499.032
00516.954 00980.860 00735.426 00069.470 00876.269 00085.291 00083.174 01089.112 01034.902 00754.178 00359.681 00540.812 01118.197 00971.404 01121.515 00081.784 01044.828 00430.867 00819.100 00732.456 00704.216 00543.826 00517.263 00174.126 00120.378 00629.014 00730.997 00862.037 00593.269 00693.983 00514.445 01000.468 00097.207 00936.881 00163.506 00512.919 00955.854 00097.528 00366.614 00374.664 00559.551 00771.584 00880.829 00997.815 00098.809 00840.444 00591.614 00164.457 00104.260 00306.363 00150.201 00920.522 00188.776 00525.468 01028.255 01040.121 00813.965 01059.907 01069.406 01022.154 01083.410 00189.679 01006.000 -9999.0 01047.204
00147.333 00620.628 00850.985 00197.876 00082.992 00515.167 00758.005 00081.840 00133.427 00080.326 00680.475 00483.993 00556.248 00437.795 00180.389 00748.501 00081.901 00829.964 00664.881 00400.995 01031.643 00671.726 00082.694 00057.350 00275.055 00363.873 00441.504 00695.487 00446.665 00476.729 00937.488 00518.106 00998.230 00258.997 00535.348 00681.277 00075.558 01003.769 00438.037 00134.839 00238.381 00783.395 00471.528 00902.298 00240.195 00740.428 00177.619 00536.346 00875.962 00281.309 00104.527 00290.584 00602.906 00670.830 01008.208 00215.000 00607.168 00428.409 00397.424 00599.592 00165.799 00785.824 01107.292 -9999.0 00210.244
01021.398 00085.284 00108.722 00270.385 00175.512 00416.979 00081.108 00081.970 00215.511 00312.560 00818.918 00362.706 00230.861 00260.590 00804.407 00483.589 00304.530 00935.673 00457.068 00879.712 00137.394 00637.593 00729.117 00338.298 00297.698 00505.666 00408.117 00735.745 00964.593 00578.626 00496.650 00104.305 00524.320 00368.301 00611.996 01027.229 01047.220 00643.224 00772.397 00272.101 01006.164 00125.060 00630.431 00275.376 00647.832 00710.692 00875.075 00372.910 00600.735 00072.149 00613.573 00908.230 00732.441 00943.069 00877.550 01022.190 00906.582 00873.017 01022.757 01073.855 00085.331 00085.886 00086.112 00085.178 00786.203
01027.568 01021.339 00794.936 00509.069 01055.077 00432.489 00604.713 00080.398 01009.178 00708.629 00088.562 00168.842 00082.429 00104.831 00709.309 00453.445 00775.885 00642.560 00755.079 00924.348 00281.003 00802.986 00783.156 00894.031 00124.575 00089.496 00898.037 00832.626 00925.894 00152.681 00345.546 00572.420 00990.248 00462.718 00810.695 00311.112 00724.371 00136.037 00148.845 01001.248 00801.650 00846.549 00163.234 00800.932 00211.154 00422.853 00556.798 00693.123 00966.136 00227.257 00393.073 00856.011 00477.574 01021.134 01035.563 01024.548 00782.752 00921.786 01024.742 01085.725 00623.803 00085.589 00089.702 00085.102 00141.071
