example/Panther/1177973_FlameLength.asc
NCOLS 748
NROWS 648
XLLCORNER -8363.000000
YLLCORNER -11743.000000
CELLSIZE 30.000000
NODATA_VALUE -9999.0
[rows 360 to 389 of 648, columns 204 to 271 of 748]
00.38 00.67 00.30 00.35 00.23 00.47 00.29 00.92 00.17 00.59 00.82 00.58 00.23 00.14 00.73 00.85 00.30 00.93 01.22 00.98 00.18 00.18 00.17 00.46 00.66 00.54 00.45 00.51 00.66 00.81 00.84 00.86 00.97 00.87 00.75 00.40 -9999.0 -9999.0 -9999.0 -9999.0 -9999.0 -9999.0 -9999.0 -9999.0 -9999.0 -9999.0 -9999.0 -9999.0 -9999.0 -9999.0 -9999.0 -9999.0 -9999.0 -9999.0 -9999.0 -9999.0 -9999.0 -9999.0 -9999.0 -9999.0 -9999.0 -9999.0 -9999.0 -9999.0 -9999.0 -9999.0 -9999.0 -9999.0
00.38 01.11 01.05 00.78 00.30 00.33 00.12 00.13 00.27 00.83 -9999.0 00.17 00.27 00.31 00.67 00.17 00.29 01.53 01.08 00.24 00.16 00.19 00.22 00.30 00.96 00.33 00.28 00.60 00.80 00.85 00.90 00.87 00.26 00.51 00.66 00.54 00.17 -9999.0 -9999.0 -9999.0 -9999.0 -9999.0 -9999.0 -9999.0 -9999.0 -9999.0 -9999.0 -9999.0 -9999.0 -9999.0 -9999.0 -9999.0 -9999.0 -9999.0 -9999.0 -9999.0 -9999.0 -9999.0 -9999.0 -9999.0 -9999.0 -9999.0 -9999.0 -9999.0 -9999.0 -9999.0 -9999.0 -9999.0
00.54 00.34 00.66 01.20 01.53 00.48 00.15 00.49 00.29 -9999.0 -9999.0 00.20 00.64 00.32 00.42 00.22 00.29 01.33 00.69 00.17 00.21 00.19 00.16 00.23 00.69 00.70 00.94 01.05 00.89 01.15 01.10 00.59 00.03 -9999.0 00.82 00.46 00.85 -9999.0 -9999.0 -9999.0 -9999.0 -9999.0 -9999.0 -9999.0 -9999.0 -9999.0 -9999.0 -9999.0 -9999.0 -9999.0 -9999.0 -9999.0 -9999.0 -9999.0 -9999.0 -9999.0 -9999.0 -9999.0 -9999.0 -9999.0 -9999.0 -9999.0 -9999.0 -9999.0 -9999.0 -9999.0 -9999.0 -9999.0
00.64 00.45 00.28 00.80 01.26 00.33 00.89 01.08 00.26 -9999.0 00.41 00.30 00.49 00.82 00.08 00.20 00.20 00.94 00.17 00.15 00.20 00.21 00.38 00.29 00.25 01.49 01.23 01.68 01.43 01.26 00.41 00.49 00.63 00.57 00.66 00.34 00.83 00.33 -9999.0 -9999.0 -9999.0 -9999.0 -9999.0 -9999.0 -9999.0 -9999.0 -9999.0 -9999.0 -9999.0 -9999.0 -9999.0 -9999.0 -9999.0 -9999.0 -9999.0 -9999.0 -9999.0 -9999.0 -9999.0 -9999.0 -9999.0 -9999.0 -9999.0 -9999.0 -9999.0 -9999.0 -9999.0 -9999.0
00.42 00.36 00.27 00.17 00.57 00.32 00.56 00.27 00.24 00.33 00.31 00.15 00.73 01.29 00.59 00.21 00.51 00.65 00.15 00.81 00.76 00.87 00.37 02.97 01.32 02.12 02.17 00.73 01.51 00.98 00.47 00.63 01.04 00.59 01.25 01.16 00.97 00.96 01.15 01.02 -9999.0 -9999.0 -9999.0 -9999.0 -9999.0 -9999.0 -9999.0 -9999.0 00.32 -9999.0 -9999.0 -9999.00 -9999.0 -9999.0 -9999.0 -9999.0 -9999.0 -9999.0 -9999.0 -9999.0 -9999.0 -9999.0 -9999.0 -9999.0 -9999.0 -9999.0 -9999.0 -9999.0
00.31 00.30 00.56 00.72 00.57 00.31 00.11 -9999.0 -9999.0 00.71 00.16 00.31 00.94 00.68 00.62 00.51 00.64 00.64 00.87 01.17 01.30 01.42 01.47 02.77 01.82 02.32 02.51 01.96 00.34 00.96 00.85 01.00 01.21 01.61 01.28 01.08 00.86 00.77 00.70 00.30 00.78 00.48 00.52 -9999.00 -9999.0 -9999.0 -9999.0 -9999.0 -9999.0 -9999.0 -9999.0 -9999.0 -9999.00 00.34 -9999.0 -9999.0 -9999.0 -9999.0 -9999.0 -9999.0 -9999.0 -9999.0 -9999.0 -9999.0 -9999.0 -9999.0 -9999.0 -9999.0
00.81 00.86 00.74 00.97 -9999.0 -9999.0 -9999.0 -9999.0 -9999.0 -9999.0 00.31 00.53 00.74 00.74 00.22 00.62 00.80 00.83 01.19 01.60 01.60 01.97 02.42 02.07 01.22 00.70 00.70 00.17 01.01 01.53 00.56 01.10 01.14 00.89 01.01 00.84 00.85 01.03 00.43 00.27 00.73 00.79 00.76 00.69 -9999.0 -9999.0 -9999.0 -9999.0 -9999.0 -9999.0 -9999.0 -9999.0 -9999.0 -9999.00 00.53 -9999.0 -9999.0 -9999.0 -9999.0 -9999.0 -9999.0 -9999.0 -9999.0 -9999.0 -9999.0 -9999.0 -9999.0 -9999.0
00.52 00.75 00.80 00.90 00.42 01.01 -9999.0 -9999.0 -9999.0 00.24 00.21 00.56 00.67 00.70 00.34 00.87 00.98 01.08 01.66 01.76 00.66 01.24 00.76 00.29 00.24 00.12 00.18 01.25 00.45 00.49 00.72 00.46 00.28 00.53 01.09 00.72 01.56 00.27 00.22 00.58 00.51 00.78 00.81 00.92 -9999.0 -9999.0 -9999.0 -9999.0 -9999.0 -9999.0 -9999.0 -9999.0 -9999.0 -9999.0 -9999.00 00.75 -9999.0 -9999.0 -9999.0 -9999.0 -9999.0 -9999.0 -9999.0 -9999.0 -9999.0 -9999.0 -9999.0 -9999.0
-9999.0 00.12 00.13 00.64 00.89 00.68 -9999.0 -9999.0 00.50 00.58 00.19 00.69 00.76 00.87 00.82 01.16 01.16 01.18 02.40 01.35 00.35 00.28 00.26 00.86 00.99 00.20 00.15 00.28 00.25 00.27 00.26 00.27 00.19 00.40 00.92 01.55 01.47 01.23 00.16 00.41 00.71 00.78 00.82 00.80 -9999.0 -9999.0 -9999.0 -9999.0 -9999.0 -9999.0 -9999.0 -9999.0 -9999.0 -9999.0 -9999.0 -9999.00 00.86 -9999.0 -9999.0 -9999.0 -9999.0 -9999.0 -9999.0 -9999.0 -9999.0 -9999.0 -9999.0 -9999.0
-9999.0 -9999.0 -9999.0 -9999.0 -9999.0 -9999.0 -9999.0 -9999.0 00.49 00.55 00.33 00.75 00.88 01.04 01.21 01.54 00.56 00.42 02.48 02.52 01.13 00.86 01.00 01.03 01.03 00.26 00.22 00.28 00.23 00.23 00.23 00.21 00.18 00.55 00.24 00.41 01.25 00.47 00.20 00.87 00.85 00.81 00.83 00.48 -9999.00 -9999.00 -9999.0 -9999.0 -9999.0 -9999.0 -9999.0 -9999.0 -9999.0 -9999.0 -9999.0 -9999.0 -9999.0 00.80 00.73 -9999.0 -9999.0 -9999.0 -9999.0 -9999.0 -9999.0 -9999.0 -9999.0 -9999.0
-9999.0 -9999.0 -9999.0 -9999.0 -9999.0 -9999.0 -9999.0 00.30 00.65 00.68 00.68 00.85 00.91 00.66 01.13 01.48 00.69 00.36 02.36 01.44 00.72 00.28 00.26 00.49 00.18 00.33 00.39 00.11 00.25 00.22 00.22 00.27 00.42 00.61 00.65 00.67 00.63 00.27 01.33 00.76 00.88 00.89 00.91 00.54 00.52 00.93 01.06 -9999.00 -9999.00 -9999.00 -9999.0 -9999.0 -9999.0 -9999.0 -9999.0 -9999.0 -9999.0 -9999.0 -9999.0 00.65 00.61 -9999.0 -9999.0 -9999.0 -9999.0 -9999.0 -9999.0 -9999.0
-9999.0 -9999.0 -9999.0 -9999.0 -9999.0 -9999.0 00.66 00.57 00.72 00.70 00.75 00.85 00.98 00.71 00.57 01.15 00.88 00.39 00.82 00.28 00.27 00.13 00.16 00.47 00.38 00.18 00.17 00.18 00.23 00.23 01.07 00.26 00.26 00.44 00.68 00.70 00.49 01.34 01.12 00.39 00.89 00.87 00.92 00.32 00.79 00.77 00.27 00.83 00.68 00.71 00.74 -9999.00 -9999.00 -9999.0 -9999.0 -9999.0 -9999.0 -9999.0 -9999.0 -9999.0 -9999.0 -9999.0 00.45 -9999.0 -9999.0 -9999.0 -9999.0 -9999.00
-9999.0 -9999.0 -9999.0 -9999.0 -9999.0 -9999.0 00.82 00.81 00.78 00.69 00.71 00.74 00.96 00.59 00.28 00.60 00.15 00.17 00.23 00.25 00.22 00.14 00.37 00.62 00.29 00.29 00.27 00.28 00.26 00.30 01.24 00.25 00.41 00.45 00.57 00.61 00.78 01.79 01.37 00.76 01.07 00.87 00.41 00.72 00.22 00.69 00.19 00.34 00.42 00.23 00.13 00.04 -9999.0 00.08 -9999.0 -9999.0 -9999.0 -9999.0 -9999.0 -9999.0 -9999.0 -9999.0 -9999.0 -9999.0 -9999.00 -9999.00 -9999.0 -9999.0
-9999.0 -9999.0 -9999.0 -9999.0 -9999.0 -9999.0 00.82 00.77 00.79 00.73 00.64 00.63 00.71 00.52 00.25 00.18 00.13 00.16 00.26 00.16 00.17 00.25 00.18 00.72 00.15 00.85 01.09 00.57 00.15 00.39 00.24 00.43 00.41 00.89 01.13 00.62 00.90 01.74 01.60 01.05 00.45 00.66 00.41 00.82 00.90 01.48 00.44 00.79 00.96 00.20 00.65 00.84 01.07 -9999.00 -9999.0 -9999.0 -9999.0 -9999.0 -9999.0 -9999.0 -9999.0 -9999.0 -9999.0 -9999.0 -9999.0 -9999.0 -9999.0 -9999.0
-9999.0 -9999.0 -9999.0 -9999.0 -9999.0 -9999.0 -9999.0 00.56 00.58 00.57 00.59 00.62 00.49 00.23 00.23 00.15 -9999.0 00.02 00.13 00.20 00.22 00.26 00.24 00.32 00.24 00.29 00.30 00.19 00.31 01.28 01.41 00.25 01.39 02.24 01.89 01.64 01.74 01.43 00.84 00.52 00.18 00.18 00.25 00.88 00.34 00.49 01.13 00.76 00.37 00.24 01.79 01.61 00.61 00.21 -9999.0 -9999.0 -9999.0 -9999.0 -9999.0 -9999.0 -9999.0 -9999.0 -9999.0 -9999.0 -9999.0 -9999.0 -9999.0 -9999.0
-9999.0 -9999.0 -9999.0 -9999.0 -9999.0 -9999.0 -9999.0 -9999.0 -9999.0 -9999.0 -9999.0 00.20 00.22 00.29 00.45 -9999.0 -9999.0 -9999.0 -9999.0 -9999.0 00.12 00.20 00.19 00.14 00.21 00.20 00.62 00.81 00.16 00.57 00.52 00.63 01.50 01.17 00.91 01.57 00.65 01.36 01.30 00.16 01.05 00.32 00.75 01.10 00.26 00.32 01.73 00.51 01.05 00.91 00.53 00.58 00.36 00.18 -9999.00 -9999.0 -9999.0 -9999.0 -9999.0 -9999.0 -9999.0 -9999.0 -9999.0 -9999.0 -9999.0 -9999.0 -9999.0 -9999.0
-9999.0 -9999.0 -9999.0 -9999.0 -9999.0 -9999.0 -9999.0 -9999.0 -9999.0 -9999.0 -9999.0 -9999.0 -9999.0 -9999.0 -9999.0 -9999.0 -9999.0 -9999.0 -9999.0 -9999.0 -9999.0 00.22 00.13 00.13 00.73 01.02 00.80 00.28 00.17 00.21 00.32 01.01 00.98 01.65 00.77 00.86 00.30 00.13 00.12 01.95 00.17 00.85 01.30 01.04 00.27 00.42 00.76 01.14 00.80 00.21 00.30 00.44 00.45 00.36 -9999.00 -9999.0 -9999.0 -9999.0 -9999.0 -9999.0 -9999.0 -9999.0 -9999.0 -9999.0 -9999.0 -9999.0 -9999.0 -9999.0
-9999.0 -9999.0 -9999.0 -9999.0 -9999.0 -9999.0 -9999.0 -9999.0 -9999.0 -9999.0 -9999.0 -9999.0 -9999.0 -9999.0 -9999.0 -9999.0 -9999.0 -9999.0 -9999.0 -9999.0 00.14 00.18 00.19 00.14 00.23 00.26 00.26 00.27 00.26 00.22 00.41 01.05 00.18 01.61 01.33 00.49 00.62 00.27 00.58 00.78 00.60 00.39 00.20 01.67 00.51 00.75 00.44 00.25 00.43 00.21 00.32 00.52 00.59 00.75 00.64 -9999.0 -9999.0 -9999.0 -9999.0 -9999.0 -9999.0 -9999.0 -9999.0 -9999.0 -9999.0 -9999.0 -9999.0 -9999.0
-9999.0 -9999.0 -9999.0 -9999.0 -9999.0 -9999.0 -9999.0 -9999.0 -9999.0 -9999.0 -9999.0 -9999.0 -9999.0 -9999.0 -9999.0 -9999.0 -9999.0 -9999.0 -9999.0 -9999.0 00.20 00.21 00.22 00.22 00.22 00.18 00.19 00.24 00.15 00.41 01.28 00.95 00.16 00.72 01.19 00.23 02.09 01.91 01.81 01.67 00.61 01.78 00.28 00.33 00.61 00.37 00.32 00.76 00.28 00.19 00.31 00.86 00.99 00.94 00.54 00.69 00.95 00.91 00.89 00.96 00.83 00.71 00.44 00.23 00.31 00.46 00.39 00.32
-9999.0 -9999.0 -9999.0 -9999.0 -9999.0 -9999.0 -9999.0 -9999.0 -9999.0 -9999.0 -9999.0 -9999.0 -9999.0 -9999.0 -9999.0 -9999.0 -9999.0 -9999.0 -9999.0 -9999.0 00.20 00.27 00.25 00.22 00.19 00.31 00.25 00.27 00.27 00.84 01.39 00.92 00.94 00.13 00.30 00.23 01.82 01.78 01.23 00.84 00.46 00.39 00.56 00.35 00.43 00.48 00.51 00.65 00.41 00.33 00.56 00.41 00.34 00.67 01.09 00.41 00.31 01.00 00.33 00.78 00.85 00.89 00.40 00.16 00.18 00.13 00.66 00.97
-9999.0 -9999.0 -9999.0 -9999.0 -9999.0 -9999.0 -9999.0 -9999.0 -9999.0 -9999.0 -9999.0 -9999.0 -9999.0 -9999.0 -9999.0 -9999.0 -9999.0 -9999.0 -9999.0 -9999.0 -9999.0 00.21 00.22 00.07 00.12 00.38 00.36 00.36 00.31 00.25 00.33 00.56 00.73 00.82 00.20 00.22 00.50 01.35 01.79 00.35 00.50 00.69 00.82 00.31 00.99 00.99 01.13 00.60 00.52 00.48 00.26 00.67 00.38 00.30 00.22 01.17 01.26 01.25 00.55 00.58 00.20 00.18 00.18 00.14 00.14 00.80 00.23 00.55
-9999.0 -9999.0 -9999.0 -9999.0 -9999.0 -9999.0 -9999.0 -9999.0 -9999.0 -9999.0 -9999.0 -9999.0 -9999.0 -9999.0 -9999.0 -9999.0 -9999.0 -9999.0 -9999.0 -9999.0 -9999.0 -9999.0 -9999.0 -9999.0 -9999.0 -9999.0 00.37 00.23 00.30 00.26 00.13 00.13 00.68 00.55 00.80 00.41 00.76 01.23 01.32 01.51 00.58 01.06 01.27 00.40 00.90 00.76 01.76 00.80 00.70 00.95 00.83 00.24 00.46 00.10 00.91 01.54 01.34 00.42 00.77 00.84 00.62 00.33 00.17 00.47 00.62 00.15 00.31 00.30
-9999.0 -9999.0 -9999.0 -9999.0 -9999.0 -9999.0 -9999.0 -9999.0 -9999.0 -9999.0 -9999.0 -9999.0 -9999.0 -9999.0 -9999.0 -9999.0 -9999.0 -9999.0 -9999.0 -9999.0 -9999.0 -9999.0 -9999.0 -9999.0 -9999.0 -9999.0 -9999.0 00.08 00.28 00.30 00.31 00.13 00.48 00.23 00.23 00.36 00.64 01.24 01.77 00.79 01.33 00.86 00.51 01.36 01.20 01.32 00.76 00.47 00.55 00.63 00.97 00.34 01.00 01.17 00.42 00.82 01.15 00.33 00.39 00.73 00.38 00.58 00.14 00.17 00.19 00.17 00.20 00.20
-9999.0 -9999.0 -9999.0 -9999.0 -9999.0 -9999.0 -9999.0 -9999.0 -9999.0 -9999.0 -9999.0 -9999.0 -9999.0 -9999.0 -9999.0 -9999.0 -9999.0 -9999.0 -9999.0 -9999.0 -9999.0 -9999.0 -9999.0 -9999.0 -9999.0 -9999.0 -9999.0 00.15 00.35 00.22 00.14 00.07 00.12 00.26 00.53 00.25 00.41 00.25 00.77 00.68 00.21 00.19 -9999.0 00.38 01.17 01.23 01.34 00.65 00.75 01.16 00.93 00.18 00.92 -9999.0 00.75 01.28 00.76 01.12 00.61 00.46 00.91 00.59 01.37 01.07 00.83 00.31 00.24 00.14
-9999.0 -9999.0 -9999.0 -9999.0 -9999.0 -9999.0 -9999.0 -9999.0 -9999.0 -9999.0 -9999.0 -9999.0 -9999.0 -9999.0 -9999.0 -9999.0 -9999.0 -9999.0 -9999.0 -9999.0 -9999.0 -9999.0 -9999.0 -9999.0 -9999.0 -9999.0 -9999.0 00.20 00.16 00.44 00.16 -9999.0 00.05 00.10 00.10 00.36 00.31 00.37 01.32 01.53 00.45 00.22 -9999.0 01.07 01.46 01.37 00.59 00.92 01.24 01.23 01.04 00.59 00.74 -9999.0 -9999.0 00.98 00.64 00.23 01.07 00.45 00.64 00.84 00.74 01.16 01.10 00.38 00.24 00.61
-9999.0 -9999.0 -9999.0 -9999.0 -9999.0 -9999.0 -9999.0 -9999.0 -9999.0 -9999.0 -9999.0 -9999.0 -9999.0 -9999.0 -9999.0 -9999.0 -9999.0 -9999.0 -9999.0 -9999.0 -9999.0 -9999.0 -9999.0 -9999.0 -9999.0 -9999.0 -9999.0 -9999.0 00.03 -9999.0 00.15 00.28 -9999.0 -9999.0 00.38 00.36 00.31 00.39 00.26 00.22 00.36 00.35 00.68 01.92 00.65 00.31 00.40 01.06 00.43 01.38 00.23 00.83 00.92 00.18 00.63 01.17 01.15 01.18 00.98 00.50 00.45 00.72 00.63 01.20 01.52 00.31 00.43 00.82
-9999.0 -9999.0 -9999.0 -9999.0 -9999.0 -9999.0 -9999.0 -9999.0 -9999.0 -9999.0 -9999.0 -9999.0 -9999.0 -9999.0 -9999.0 -9999.0 -9999.0 -9999.0 -9999.0 -9999.0 -9999.0 -9999.0 -9999.0 -9999.0 -9999.0 -9999.0 -9999.0 -9999.0 -9999.0 -9999.0 -9999.0 -9999.0 -9999.0 -9999.0 00.60 00.40 00.81 01.20 00.42 00.60 00.98 00.90 00.64 01.63 01.53 00.65 00.56 00.44 00.44 00.41 00.54 00.75 00.18 00.35 00.54 00.76 00.38 00.33 00.30 00.17 00.49 00.86 00.24 00.32 00.28 00.22 00.91 00.63
-9999.0 -9999.0 -9999.0 -9999.0 -9999.0 -9999.0 -9999.0 -9999.0 -9999.0 -9999.0 -9999.0 -9999.0 -9999.0 -9999.0 -9999.0 -9999.0 -9999.0 -9999.0 -9999.0 -9999.0 -9999.0 -9999.0 -9999.0 -9999.0 -9999.0 -9999.0 -9999.0 -9999.0 -9999.0 -9999.0 -9999.0 -9999.0 00.08 00.10 00.03 00.77 01.02 01.08 00.44 00.78 01.48 00.93 01.45 01.82 01.88 01.40 00.25 00.50 00.75 00.50 00.46 00.37 00.49 00.50 00.22 00.53 00.68 00.48 00.72 00.40 01.05 00.42 00.19 00.47 00.17 00.47 00.27 00.53
-9999.0 -9999.0 -9999.0 -9999.0 -9999.0 -9999.0 -9999.0 -9999.0 -9999.0 -9999.0 -9999.0 -9999.0 -9999.0 -9999.0 -9999.0 -9999.0 -9999.0 -9999.0 -9999.0 -9999.0 -9999.0 -9999.0 -9999.0 -9999.0 -9999.0 -9999.0 -9999.0 -9999.0 -9999.0 -9999.0 00.20 00.64 00.43 00.18 00.34 00.26 00.86 00.77 01.43 01.61 01.89 00.17 00.41 01.14 01.06 00.74 00.42 00.54 01.33 00.87 00.83 00.90 00.16 00.77 00.32 00.64 00.35 -9999.0 -9999.0 00.27 00.14 00.75 00.39 -9999.0 -9999.0 -9999.0 00.79 00.17
-9999.0 -9999.0 -9999.0 -9999.0 -9999.0 -9999.0 -9999.0 -9999.0 -9999.0 -9999.0 -9999.0 -9999.0 -9999.0 -9999.0 -9999.0 -9999.0 -9999.0 -9999.0 -9999.0 -9999.0 -9999.0 -9999.0 -9999.0 -9999.0 -9999.0 -9999.0 -9999.0 -9999.0 -9999.0 -9999.0 00.39 00.23 00.24 00.25 00.25 00.65 00.36 00.36 00.53 01.72 01.37 00.55 00.30 00.31 00.22 00.36 00.38 00.90 01.94 01.56 00.84 00.17 00.50 00.75 00.81 00.77 -9999.0 00.10 00.26 00.26 00.20 00.37 00.19 00.13 00.64 00.96 00.64 00.22
