example/Panther/1177973_SpreadRate.asc
NCOLS 748
NROWS 648
XLLCORNER -8363.000000
YLLCORNER -11743.000000
CELLSIZE 30.000000
NODATA_VALUE -9999.0
[rows 390 to 419 of 648, columns 272 to 339 of 748]
00.08 00.53 00.38 00.59 00.43 01.64 00.89 00.39 00.68 00.73 00.85 00.91 01.11 00.48 00.41 00.40 00.36 00.28 00.22 00.02 00.34 00.38 00.33 00.22 00.79 00.56 00.47 00.47 00.41 00.33 00.36 00.34 00.30 00.26 00.28 00.35 00.39 00.45 00.52 00.48 00.31 00.28 00.39 00.55 00.46 00.25 00.46 00.60 00.58 00.54 00.47 00.41 00.35 00.40 00.37 00.47 00.71 00.94 00.83 00.77 00.56 00.60 00.48 00.81 00.93 00.81 01.04 01.06
00.40 00.47 00.34 00.36 00.40 00.45 00.51 00.41 00.63 00.59 00.72 00.92 01.73 00.39 00.36 00.42 00.43 00.26 00.31 00.21 00.39 00.42 00.22 00.29 00.33 00.26 00.33 00.30 00.34 00.36 00.34 00.33 00.34 00.35 00.34 00.52 00.77 00.73 00.28 00.29 00.33 00.18 00.19 00.22 00.55 00.27 00.24 00.47 00.70 00.79 00.67 00.60 00.38 00.30 00.40 00.52 00.59 00.53 00.60 00.77 00.49 00.57 00.81 00.71 00.73 00.66 00.64 00.60
01.67 01.03 00.36 00.28 00.22 00.46 00.82 00.68 00.63 00.70 00.72 00.69 00.50 00.33 00.36 00.44 00.39 00.35 00.35 00.22 00.33 00.25 00.35 00.68 00.46 00.37 00.33 00.31 00.31 00.32 00.04 00.36 00.41 00.39 00.32 00.23 00.63 00.43 00.56 00.32 00.35 00.29 00.26 00.32 00.30 00.42 00.25 00.33 00.54 00.67 00.86 00.50 00.47 00.36 00.27 00.30 00.56 00.59 00.63 00.67 00.44 00.38 00.54 00.60 00.43 00.36 00.52 00.51
00.42 01.89 00.37 00.36 00.26 00.56 00.54 00.62 00.55 00.67 00.72 00.90 00.78 00.53 00.32 00.32 00.36 01.02 00.51 00.45 00.34 00.32 00.34 00.47 00.47 00.38 00.36 00.33 00.32 00.35 00.19 00.36 00.40 00.44 00.24 -9999.0 03.44 00.90 00.71 00.35 00.32 00.33 00.69 00.45 00.37 00.46 00.31 00.34 00.48 00.52 00.47 00.39 00.36 00.48 00.36 00.19 00.12 00.56 00.82 00.79 00.56 00.15 00.32 00.49 00.88 01.02 00.93 00.80
00.49 00.37 00.27 00.71 00.71 00.51 00.63 00.87 00.58 00.72 00.85 00.78 00.63 00.25 00.34 00.35 00.66 00.36 00.44 00.32 00.31 00.21 00.35 00.52 00.45 00.39 00.38 00.35 00.21 00.43 00.38 00.44 00.38 00.70 00.74 00.30 03.36 02.30 00.68 00.48 00.36 00.36 00.32 00.25 00.34 00.57 00.58 00.36 00.31 00.34 00.61 00.29 00.22 00.39 01.67 00.41 00.29 00.33 00.75 01.17 00.21 00.37 00.57 00.90 01.06 00.94 00.79 00.51
00.48 00.63 00.76 00.80 02.29 01.95 00.50 00.59 00.74 00.84 00.83 00.61 00.37 00.26 00.34 00.50 00.48 00.37 00.34 00.39 00.33 00.29 00.27 00.46 00.48 00.24 00.61 00.34 00.28 00.34 00.75 00.37 00.39 00.46 00.55 00.52 00.20 00.58 00.44 00.38 00.41 00.34 00.21 00.24 00.29 00.46 00.40 00.32 00.70 00.26 00.24 00.29 00.47 00.44 00.36 00.75 00.42 00.63 00.43 00.28 00.44 00.52 00.51 00.62 00.65 00.60 00.54 00.51
00.19 00.33 01.11 01.42 02.08 01.76 00.67 00.43 00.36 00.71 00.62 00.54 00.43 00.29 00.34 00.49 00.51 00.54 00.53 00.31 00.28 00.27 00.34 00.45 00.41 00.28 00.39 00.31 00.32 00.37 00.33 00.40 00.36 00.42 00.32 00.66 00.72 00.63 00.57 00.45 00.34 00.36 00.19 00.33 00.35 00.47 00.34 00.31 00.40 00.27 00.18 00.27 00.44 00.84 00.46 00.64 00.77 00.65 00.35 00.34 00.37 00.51 00.40 00.49 00.55 00.60 00.56 00.58
00.25 -9999.0 00.01 01.31 00.62 00.57 00.78 00.15 00.28 00.43 01.23 -9999.0 -9999.0 00.21 00.40 00.52 00.46 00.55 00.38 00.28 00.32 00.36 00.38 00.30 00.23 00.28 00.32 00.35 00.40 00.32 00.33 00.32 00.34 00.38 00.26 00.53 00.57 00.48 00.39 00.44 00.63 00.50 00.31 00.16 00.32 00.33 00.37 00.38 00.31 00.22 00.30 00.39 00.44 01.07 01.49 00.84 00.50 01.33 00.31 00.59 00.43 00.55 00.55 00.48 00.47 00.33 00.49 00.64
00.86 00.49 00.29 01.14 00.69 00.50 00.39 00.26 -9999.0 -9999.0 -9999.0 -9999.0 -9999.0 00.34 00.39 00.40 00.34 00.34 00.30 00.43 00.50 00.69 00.51 00.26 00.43 00.24 00.30 00.35 00.39 00.38 00.45 00.39 00.33 00.33 00.32 00.59 00.92 00.68 00.80 00.49 00.52 00.40 00.39 00.17 00.25 00.41 00.34 00.42 00.46 00.39 00.25 01.03 00.80 00.64 00.81 00.43 00.40 00.26 01.08 01.52 00.85 00.57 02.14 02.97 00.54 01.17 01.80 01.14
00.74 00.30 00.27 00.20 00.10 00.84 00.46 00.10 -9999.0 -9999.0 -9999.0 -9999.0 00.09 00.33 00.30 00.19 00.30 00.29 00.29 00.38 00.41 00.53 00.74 00.43 00.42 00.40 00.32 00.31 00.32 00.83 00.76 00.83 00.34 00.30 00.29 00.46 00.92 00.78 00.90 00.95 00.70 00.44 00.50 -9999.0 00.28 00.48 00.43 00.33 00.31 00.43 01.92 01.81 01.39 00.84 00.78 00.34 00.90 00.82 00.41 02.03 02.08 01.51 02.09 02.22 01.48 00.46 00.44 01.09
01.25 00.40 00.14 00.15 00.25 00.03 -9999.0 00.06 02.24 00.68 01.63 02.79 00.24 00.23 00.28 00.30 00.55 00.34 00.19 00.29 00.38 00.47 00.55 00.47 00.64 00.53 00.34 00.43 00.40 00.93 00.83 00.88 00.45 00.32 00.27 00.35 00.78 01.04 00.87 00.67 00.59 00.59 -9999.0 -9999.0 00.30 00.39 00.65 00.49 00.26 00.35 01.48 01.44 00.93 00.71 00.54 03.35 02.92 01.98 01.26 01.44 01.62 01.27 01.70 01.52 02.48 01.03 01.62 02.24
01.02 00.58 00.36 00.55 00.44 00.99 01.11 01.16 01.41 01.26 01.75 01.28 00.17 00.37 00.20 00.29 00.25 00.41 00.33 00.29 00.42 00.48 00.55 00.62 00.68 00.47 00.40 00.41 00.44 00.72 00.94 01.07 00.59 00.50 00.38 00.33 00.35 00.84 00.69 00.67 00.30 00.29 00.33 -9999.0 00.32 00.36 00.59 00.58 00.64 00.16 -9999.0 00.32 00.69 01.65 02.64 03.45 02.08 01.69 02.95 02.39 01.03 00.77 00.83 00.68 00.45 01.05 00.69 01.26
00.90 00.74 00.44 00.57 00.77 00.91 00.84 00.93 00.80 01.04 01.45 02.02 00.46 00.35 00.52 00.41 00.39 00.34 00.28 00.24 00.33 00.46 00.45 00.54 00.61 00.58 00.77 00.66 00.52 00.56 00.65 00.71 00.91 00.77 00.47 00.40 00.32 00.34 00.34 00.49 00.17 00.74 01.13 00.53 00.29 00.44 00.55 00.41 00.37 00.44 00.33 -9999.0 00.93 01.82 01.02 03.12 03.38 02.80 01.70 01.07 02.39 02.74 00.72 01.08 00.82 01.19 01.00 00.57
00.84 00.34 00.44 00.58 00.65 00.63 00.67 00.90 00.69 00.82 01.05 00.59 00.24 00.76 00.55 00.71 00.24 00.26 00.33 00.25 00.24 00.42 00.46 00.33 00.09 00.54 00.71 00.78 00.63 00.35 00.40 00.40 00.53 00.48 00.40 00.34 00.30 00.26 00.25 00.49 00.25 00.32 00.61 00.37 00.24 00.18 00.40 00.22 00.39 00.31 00.24 -9999.0 00.99 01.30 01.51 02.15 02.51 02.47 02.98 03.32 02.15 01.12 00.79 00.65 01.27 01.02 01.07 01.14
00.95 00.57 00.48 00.58 00.63 00.64 01.03 01.29 00.33 00.40 00.73 00.75 00.89 00.96 00.50 00.80 00.43 00.44 00.26 00.30 00.27 00.32 00.39 00.54 00.91 00.54 00.58 00.46 00.41 00.42 00.33 00.36 00.35 00.34 00.32 00.32 00.19 00.03 00.21 00.27 00.39 00.78 00.44 00.71 00.82 00.17 00.20 00.20 01.37 01.35 00.60 01.40 00.58 00.69 00.62 00.31 01.37 01.37 02.31 03.42 03.58 03.43 01.95 01.34 00.78 00.57 02.20 01.41
00.44 00.45 00.49 00.57 00.66 00.74 01.21 00.91 01.16 01.08 01.20 01.04 01.10 00.71 00.82 00.50 00.56 00.30 00.29 00.15 00.24 00.31 00.34 00.41 00.50 00.62 00.57 00.75 00.55 00.59 00.62 00.23 00.26 00.29 00.31 00.33 00.34 00.28 00.16 00.22 00.26 00.42 00.70 00.64 00.51 00.14 00.27 00.29 00.80 01.13 00.72 01.31 01.78 01.28 01.47 01.37 01.53 01.66 02.37 02.21 03.11 02.76 01.92 01.91 00.97 00.53 00.59 01.24
00.07 00.22 00.42 00.47 00.57 01.02 00.24 00.37 00.50 00.56 00.64 00.55 00.57 00.61 00.38 00.32 00.38 00.30 00.99 00.23 00.19 00.28 00.32 00.34 00.47 00.56 00.64 00.64 00.54 00.58 00.51 00.42 00.27 00.33 00.33 00.27 00.33 00.44 00.22 00.24 00.23 00.44 00.57 00.60 00.29 00.28 00.36 00.25 00.31 00.89 00.37 00.44 00.79 01.09 01.69 01.41 01.00 01.75 02.38 02.10 02.61 03.26 01.54 01.19 01.22 00.38 02.26 01.75
00.96 00.27 00.37 00.41 00.48 00.60 00.57 00.54 00.45 00.54 00.57 00.60 00.62 00.48 00.40 00.32 00.75 00.76 00.19 00.31 00.29 00.22 00.24 00.26 00.37 00.44 00.45 00.51 00.52 00.40 00.62 00.41 00.37 00.39 00.49 00.53 00.52 00.33 00.21 00.39 00.22 00.42 00.66 00.89 00.34 00.16 00.29 00.25 01.29 00.94 01.02 00.91 00.62 00.85 01.02 01.23 01.29 01.82 02.60 02.12 02.03 05.03 03.72 01.32 00.57 00.38 01.53 01.49
00.45 00.32 00.29 00.35 00.47 00.63 00.83 00.77 00.85 00.62 00.51 00.50 00.48 00.41 00.40 00.37 00.64 00.26 00.18 -9999.0 00.30 00.33 00.32 00.32 00.32 00.25 00.14 00.20 00.38 00.50 00.52 00.52 00.54 00.37 00.33 00.35 00.27 00.33 00.30 00.33 00.20 00.33 00.40 00.59 00.18 00.25 00.23 00.21 00.24 00.45 01.54 01.23 00.54 00.89 00.39 00.63 00.73 00.41 00.66 00.64 00.88 00.83 00.69 00.64 00.45 00.68 01.02 00.95
00.46 00.33 00.28 00.42 00.52 00.62 00.62 00.40 00.45 00.52 00.55 00.59 00.59 00.41 00.18 00.39 00.32 00.50 01.19 00.63 -9999.0 00.27 00.31 00.28 00.30 00.38 00.42 00.43 00.40 00.41 00.47 00.53 00.76 00.49 -9999.0 00.15 00.09 00.12 00.16 00.14 00.26 00.62 00.38 00.37 00.23 00.25 00.13 00.31 00.27 00.20 00.24 00.39 00.32 00.42 00.30 00.39 00.25 00.36 00.32 00.60 00.68 00.69 00.91 00.70 00.80 00.41 00.96 00.27
00.46 00.49 00.39 00.39 00.37 00.33 00.34 00.30 00.42 00.57 00.56 00.54 00.35 00.43 00.66 00.40 00.53 00.75 01.00 00.09 -9999.0 -9999.0 -9999.0 00.17 00.25 00.28 00.36 00.37 00.39 00.42 00.48 00.57 00.61 00.49 -9999.0 -9999.0 -9999.0 -9999.0 -9999.0 00.15 00.34 00.30 00.57 00.17 00.16 00.21 00.29 00.26 00.16 00.20 00.16 00.25 00.27 00.27 00.24 00.35 00.19 00.70 00.46 00.47 00.53 00.65 00.57 00.38 00.31 00.44 00.52 01.55
00.31 00.35 00.37 00.37 00.31 00.46 00.22 00.19 00.32 00.40 00.39 00.35 00.32 00.38 00.40 00.64 00.65 00.75 00.30 -9999.0 -9999.0 -9999.0 -9999.0 -9999.0 -9999.0 00.24 00.31 00.34 00.38 00.45 00.53 00.52 00.54 -9999.0 -9999.0 -9999.0 -9999.0 -9999.0 -9999.0 -9999.0 00.24 00.37 00.50 00.41 00.13 00.13 00.23 00.77 00.27 00.14 00.15 00.13 00.15 00.24 00.32 00.22 00.24 00.22 00.46 00.81 00.73 00.49 00.41 00.48 00.66 00.74 00.85 00.61
00.30 00.44 00.41 00.40 00.52 00.46 00.34 00.21 00.19 00.19 00.24 00.30 00.39 00.49 00.45 00.49 00.42 00.09 -9999.0 -9999.0 -9999.0 -9999.0 -9999.0 -9999.0 -9999.0 -9999.0 -9999.0 -9999.0 00.08 00.20 00.41 00.33 -9999.0 -9999.0 -9999.0 -9999.0 -9999.0 -9999.0 -9999.0 -9999.0 00.18 00.22 00.49 00.48 00.18 00.17 00.16 00.13 00.14 00.14 00.13 00.18 00.24 00.14 00.13 00.18 00.13 00.13 00.22 00.48 00.60 00.55 00.78 00.69 00.66 00.58 00.56 00.56
00.40 00.38 00.29 00.27 00.27 00.31 00.33 00.33 00.48 00.79 00.28 00.39 00.40 00.42 00.48 00.61 00.50 -9999.0 -9999.0 -9999.0 -9999.0 -9999.0 -9999.0 -9999.0 -9999.0 -9999.0 -9999.0 -9999.0 -9999.0 -9999.0 -9999.0 -9999.0 -9999.0 -9999.0 -9999.0 -9999.0 -9999.0 -9999.0 -9999.0 -9999.0 00.19 00.45 00.37 00.14 00.26 00.25 00.25 00.22 00.17 00.13 00.16 00.11 00.12 00.12 00.11 00.12 00.21 00.18 00.21 00.24 00.57 00.74 00.74 00.85 00.68 00.60 00.63 00.64
00.32 00.33 00.52 00.23 00.27 00.31 00.33 00.48 00.78 00.73 00.44 00.32 00.34 00.30 00.38 00.39 00.03 -9999.0 -9999.0 -9999.0 -9999.0 -9999.0 -9999.0 -9999.0 -9999.0 -9999.0 -9999.0 -9999.0 -9999.0 -9999.0 -9999.0 -9999.0 -9999.0 -9999.0 -9999.0 -9999.0 -9999.0 -9999.0 -9999.0 -9999.0 00.16 00.41 00.59 00.58 00.23 00.12 00.16 00.08 00.07 00.13 00.06 00.12 00.19 00.20 00.20 00.21 00.18 00.25 00.27 00.25 00.32 00.91 01.12 02.14 01.42 01.33 00.85 00.56
00.25 00.29 00.33 00.51 00.31 00.26 00.33 00.46 00.54 00.36 00.13 -9999.0 -9999.0 -9999.0 -9999.0 -9999.0 -9999.0 -9999.0 -9999.0 -9999.0 -9999.0 -9999.0 -9999.0 -9999.0 -9999.0 -9999.0 -9999.0 -9999.0 -9999.0 -9999.0 -9999.0 -9999.0 -9999.0 -9999.0 -9999.0 -9999.0 -9999.0 -9999.0 -9999.0 -9999.0 -9999.0 00.31 00.52 00.61 00.36 00.05 00.02 -9999.0 -9999.0 -9999.0 -9999.0 -9999.0 00.11 00.16 00.15 00.31 00.22 00.18 00.19 00.32 00.33 00.31 01.01 01.27 00.84 00.64 00.66 00.63
-9999.0 -9999.0 00.33 00.23 00.22 00.19 00.18 -9999.0 -9999.0 -9999.0 -9999.0 -9999.0 -9999.0 -9999.0 -9999.0 -9999.0 -9999.0 -9999.0 -9999.0 -9999.0 -9999.0 -9999.0 -9999.0 -9999.0 -9999.0 -9999.0 -9999.0 -9999.0 -9999.0 -9999.0 -9999.0 -9999.0 -9999.0 -9999.0 -9999.0 -9999.0 -9999.0 -9999.0 -9999.0 -9999.0 -9999.0 00.37 00.44 00.26 00.16 -9999.0 -9999.0 -9999.0 -9999.0 -9999.0 -9999.0 -9999.0 -9999.0 -9999.0 00.11 00.12 00.12 00.16 00.17 00.15 00.13 00.25 00.50 00.47 00.56 00.49 00.42 00.38
-9999.0 -9999.0 -9999.0 00.33 -9999.0 -9999.0 -9999.0 -9999.0 -9999.0 -9999.0 -9999.0 -9999.0 -9999.0 -9999.0 -9999.0 -9999.0 -9999.0 -9999.0 -9999.0 -9999.0 -9999.0 -9999.0 -9999.0 -9999.0 -9999.0 -9999.0 -9999.0 -9999.0 -9999.0 -9999.0 -9999.0 -9999.0 -9999.0 -9999.0 -9999.0 -9999.0 -9999.0 -9999.0 -9999.0 -9999.0 -9999.0 -9999.0 00.39 -9999.0 -9999.0 -9999.0 -9999.0 -9999.0 -9999.0 -9999.0 -9999.0 -9999.0 -9999.0 -9999.0 -9999.0 -9999.0 00.11 00.20 00.18 -9999.0 00.12 00.14 00.44 00.50 00.45 00.42 00.37 00.29
-9999.0 -9999.0 -9999.0 -9999.0 -9999.0 -9999.0 -9999.0 -9999.0 -9999.0 -9999.0 -9999.0 -9999.0 -9999.0 -9999.0 -9999.0 -9999.0 -9999.0 -9999.0 -9999.0 -9999.0 -9999.0 -9999.0 -9999.0 -9999.0 -9999.0 -9999.0 -9999.0 -9999.0 -9999.0 -9999.0 -9999.0 -9999.0 -9999.0 -9999.0 -9999.0 -9999.0 -9999.0 -9999.0 -9999.0 -9999.0 -9999.0 -9999.0 -9999.0 -9999.0 -9999.0 -9999.0 -9999.0 -9999.0 -9999.0 -9999.0 -9999.0 -9999.0 -9999.0 -9999.0 -9999.0 -9999.0 00.11 00.11 00.29 -9999.0 00.07 00.12 00.13 00.13 00.56 00.37 00.26 00.26
-9999.0 -9999.0 -9999.0 -9999.0 -9999.0 -9999.0 -9999.0 -9999.0 -9999.0 -9999.0 -9999.0 -9999.0 -9999.0 -9999.0 -9999.0 -9999.0 -9999.0 -9999.0 -9999.0 -9999.0 -9999.0 -9999.0 -9999.0 -9999.0 -9999.0 -9999.0 -9999.0 -9999.0 -9999.0 -9999.0 -9999.0 -9999.0 -9999.0 -9999.0 -9999.0 -9999.0 -9999.0 -9999.0 -9999.0 -9999.0 -9999.0 -9999.0 -9999.0 -9999.0 -9999.0 -9999.0 -9999.0 -9999.0 -9999.0 -9999.0 -9999.0 -9999.0 -9999.0 -9999.0 -9999.0 -9999.0 -9999.0 -9999.0 00.13 -9999.0 00.13 00.12 00.21 00.13 00.39 00.16 00.22 01.57
