example/Panther/1177973_Intensity.asc
NCOLS 748
NROWS 648
XLLCORNER -8363.000000
YLLCORNER -11743.000000
CELLSIZE 30.000000
NODATA_VALUE -9999.0
[rows 290 to 318 of 648, columns 455 to 519 of 748]
-9999.0 -9999.0 -9999.0 -9999.0 -9999.0 -9999.0 -9999.0 -9999.0 -9999.0 -9999.0 -9999.0 -9999.0 -9999.0 -9999.0 -9999.0 -9999.0 -9999.0 -9999.0 -9999.0 -9999.0 -9999.000 00483.258 00500.695 00534.151 00569.564 00470.477 00295.774 00370.154 00212.586 00160.390 00170.181 00178.321 00171.182 00256.123 00238.311 00146.033 00221.927 00283.915 00245.315 00252.715 00012.946 00003.324 00129.606 00232.789 00204.103 00224.947 00176.909 00038.937 00197.674 00321.560 00309.354 00318.078 00354.907 00351.242 00360.269 00289.208 00022.242 00226.642 00233.204 00158.542 00252.612 00252.025 00369.867 00414.092 00478.880
-9999.0 -9999.0 -9999.0 -9999.0 -9999.0 -9999.0 -9999.0 -9999.0 -9999.0 -9999.0 -9999.0 -9999.0 -9999.0 -9999.0 -9999.0 -9999.0 -9999.0 -9999.0 -9999.0 -9999.0 -9999.000 00454.013 00359.607 00422.149 00356.764 00322.534 00265.413 00305.627 00200.384 00208.548 00161.659 00136.919 00118.936 00066.315 00239.732 00232.998 00235.852 00297.942 00289.531 00236.773 00011.848 00003.740 00205.181 00250.404 00250.057 00264.803 00271.180 00314.612 00415.083 00376.101 00388.490 00396.542 00259.489 00374.578 00361.918 00367.054 00376.547 00203.184 00289.312 00117.518 00212.537 00327.802 00307.740 00534.512 00517.634
-9999.0 -9999.0 -9999.0 -9999.0 -9999.0 -9999.0 -9999.0 -9999.0 -9999.0 -9999.0 -9999.0 -9999.0 -9999.0 -9999.0 -9999.0 -9999.0 -9999.0 -9999.0 -9999.0 -9999.000 -9999.000 00417.898 00386.488 00389.259 00336.372 00376.030 00340.731 00325.397 00217.081 00046.268 00210.971 00199.011 00117.734 00340.939 00305.065 00249.396 00234.975 00208.035 00076.511 00274.590 00004.455 00023.099 00242.010 00225.765 00213.735 00238.167 00336.714 00385.469 00404.414 00514.952 00588.914 00423.387 00059.385 00031.397 00054.002 00323.694 00358.143 00221.172 00219.210 00237.914 00266.630 00269.628 00308.080 00657.722 00805.218
-9999.0 -9999.0 -9999.0 -9999.0 -9999.0 -9999.0 -9999.0 -9999.0 -9999.0 -9999.0 -9999.0 -9999.0 -9999.0 -9999.0 -9999.0 -9999.0 -9999.0 -9999.000 -9999.000 01370.377 01197.676 00419.860 00392.025 00313.958 00286.501 00281.829 00275.930 00271.381 00346.733 00231.947 00256.438 00197.615 00283.717 00064.645 00195.562 00257.458 00223.961 00295.334 00324.094 00226.373 00259.981 00002.828 00008.997 00023.351 00017.509 00133.073 00401.174 00410.571 00397.490 00605.741 00656.848 00606.786 00495.213 00297.316 00031.101 00236.059 00364.673 00183.673 00030.491 00246.564 00072.041 00268.169 00521.826 00632.451 00635.699
-9999.0 -9999.0 -9999.0 -9999.0 -9999.0 -9999.0 -9999.0 -9999.0 -9999.0 -9999.0 -9999.0 -9999.0 -9999.0 -9999.0 -9999.0 -9999.000 -9999.000 01194.536 01005.527 00794.373 00408.401 00291.385 00351.991 00289.556 00236.892 00236.050 00276.071 00206.175 00435.067 00308.447 00314.462 00030.710 00033.585 00327.806 00397.458 00279.631 00120.687 00253.105 00271.844 00305.084 00345.295 00494.350 00264.816 00049.408 00290.786 00605.728 00649.458 00658.193 00723.203 00538.448 00392.704 00614.557 00603.124 00506.636 00058.697 00167.085 00111.259 00127.799 00280.826 00139.884 00168.710 00237.924 00470.878 00614.843 00382.292
-9999.0 -9999.0 -9999.0 -9999.0 -9999.0 -9999.0 -9999.0 -9999.0 -9999.0 -9999.0 -9999.0 -9999.0 -9999.0 -9999.000 -9999.000 01030.600 00821.551 01255.548 00345.617 00315.785 00286.187 00050.730 00151.593 00274.124 00037.313 00155.366 00249.293 00113.814 00544.563 00598.855 00736.823 00452.614 00955.023 00925.151 00946.867 00295.095 00032.997 00137.607 00232.497 00353.040 00469.461 00458.900 00612.505 00890.264 00601.109 00810.385 01262.466 00843.840 01155.617 00976.376 00096.125 00317.488 00414.621 00572.184 00067.374 00109.015 00327.928 00358.536 00373.193 00268.119 00271.382 00245.999 00226.853 00221.609 00223.271
-9999.0 -9999.0 -9999.0 -9999.0 -9999.0 -9999.0 -9999.0 -9999.0 -9999.0 -9999.0 -9999.0 -9999.000 -9999.000 00876.637 00642.418 01871.300 01166.913 00424.898 00503.279 00503.628 00346.443 00281.416 00558.239 00210.317 00326.723 00426.770 00600.226 01072.126 01388.171 00493.418 01571.090 01399.334 01298.083 01633.257 01260.750 00724.241 00673.791 00385.263 00401.055 00425.981 00495.509 00759.881 01135.806 00781.211 01068.112 01822.388 01702.443 01517.289 01537.192 01847.015 02557.437 00305.253 00895.296 00373.200 00327.496 00297.787 00479.864 00479.156 00396.585 00315.639 00319.739 00160.112 00310.050 00322.700 00160.462
-9999.0 -9999.0 -9999.0 -9999.0 -9999.0 -9999.0 -9999.0 -9999.0 -9999.0 -9999.000 -9999.000 00729.482 00896.652 02392.392 02792.131 01862.054 01048.884 00696.051 01037.775 02044.439 01260.548 01486.113 01558.697 01585.719 00409.681 00509.544 01262.928 01910.355 01943.343 00359.842 01919.252 02918.970 02669.461 02296.459 00969.647 01233.407 01041.539 01058.596 00499.442 00507.104 00453.150 01179.600 00984.695 01131.380 01132.293 01562.929 01934.453 01543.577 01533.636 01861.138 00584.618 01126.696 00818.663 02623.095 01478.209 00055.975 00189.790 00461.863 00445.546 00364.522 00473.339 00082.584 00496.067 00113.588 00207.256
-9999.0 -9999.0 -9999.0 -9999.0 -9999.0 -9999.0 -9999.0 -9999.000 -9999.000 00583.560 00995.796 02734.072 05190.160 03987.328 02142.085 01460.053 01123.279 01230.289 01340.567 06264.118 02444.137 01599.767 02281.093 00723.204 00154.948 00264.949 01057.947 02194.518 01866.116 00582.405 03578.321 03509.482 03544.640 01163.366 00926.556 01823.669 02554.377 01177.918 01242.251 00520.148 00433.765 00773.824 00781.775 00767.209 00652.246 00546.045 00478.031 00428.418 00991.055 00306.689 00066.530 00839.756 01864.573 02095.874 01377.081 00196.249 00656.076 00916.695 00407.083 00360.639 00407.100 00197.499 00243.987 00216.258 00072.735
-9999.0 -9999.0 -9999.0 -9999.0 -9999.0 -9999.000 -9999.000 00445.645 00343.298 00955.183 02401.851 04177.572 02974.831 01266.002 01182.006 01288.676 00889.451 01723.687 12331.538 12657.733 02689.764 01349.867 00662.634 00056.683 00128.881 00045.313 01547.189 01402.003 01222.851 04078.531 08218.352 09171.596 02699.598 00075.431 01822.948 02071.661 02200.770 01826.940 01346.686 00759.947 00544.068 00693.482 00375.261 00370.931 00074.887 00026.067 00031.065 00008.569 00013.658 00014.617 00041.165 00158.689 00405.694 00325.942 00576.564 00950.656 01786.329 01241.803 00924.635 00836.319 00437.999 00337.436 00282.800 00033.603 00048.086
-9999.0 -9999.0 -9999.0 -9999.000 -9999.000 00336.407 00156.710 00325.460 00414.893 00522.443 01153.431 02020.276 01953.643 00840.681 02195.828 01719.564 01028.395 00879.282 11497.309 03570.533 00637.733 00288.565 00038.325 00073.306 00381.613 00843.114 00695.628 00284.126 00803.008 02354.345 05057.009 01929.329 01406.174 00644.366 01526.979 01555.238 01632.612 01230.159 01001.654 01133.012 00271.525 00252.661 00035.144 00085.355 00016.858 00015.382 00002.016 00009.660 00010.959 00063.432 00089.500 00015.858 00016.283 00106.952 00275.810 00556.726 00081.115 01011.465 01269.310 00879.505 00560.451 00559.258 00241.646 00177.787 00012.228
-9999.0 -9999.000 -9999.000 00242.826 00025.346 00066.910 00138.956 00008.057 00409.723 00057.137 00843.539 00373.423 00211.161 00078.335 00263.262 00682.858 00642.871 00647.270 00200.184 00144.698 00047.291 00082.782 00033.074 00013.412 00032.567 00206.184 01732.744 02255.339 01017.065 00546.119 00057.132 00465.901 00021.431 00049.344 01078.479 01022.561 00569.561 00324.850 00811.604 00141.007 00196.076 00098.469 00039.274 00478.612 00183.400 00011.997 00014.045 00015.113 00012.312 00027.854 00093.377 00306.141 00413.166 00371.107 00352.126 00135.744 00050.409 00017.633 00085.623 00999.975 00420.381 00034.437 00013.959 00011.132 00008.197
-9999.000 00144.210 00017.165 00026.435 00094.390 00113.508 00009.539 00016.388 00154.516 00004.621 00543.335 00698.743 00224.089 00017.009 00019.042 00093.935 00326.832 00604.147 00053.365 00233.316 00256.240 00135.388 00092.634 00045.008 00108.958 00078.635 00517.605 01355.411 01361.290 00608.560 00079.998 00313.338 00039.979 00148.826 00328.539 00543.578 00495.783 00561.251 00587.532 00245.809 00195.212 00010.383 00033.962 00126.943 00019.840 00278.212 00007.974 00008.448 00008.511 00037.415 00231.351 00144.223 00193.022 00380.455 00283.523 00112.467 00046.029 00044.108 00046.932 00182.035 00284.788 00027.749 00031.392 00015.858 00006.958
00016.971 00050.914 00075.845 00104.474 00096.639 00033.657 00116.149 00069.707 00005.196 00007.108 00218.808 00012.527 00014.618 00016.960 00017.305 00016.473 00031.096 00030.538 00036.594 00067.141 00086.148 00044.676 00115.076 00179.733 00233.567 00234.425 00323.720 00024.497 00841.080 00316.129 00228.210 00650.568 00166.668 00509.530 00132.141 00724.125 00560.553 00450.079 00459.275 00448.876 00320.369 00025.861 00016.491 00152.844 00381.223 00357.055 00030.365 00226.132 00257.028 00369.651 00405.475 00599.874 00744.566 00404.515 00474.699 00360.316 00201.046 00558.739 00872.879 00444.688 00061.580 00015.494 00010.784 00004.986 00006.339
00039.150 00061.795 00032.203 00043.310 00029.794 00013.822 00069.953 00010.810 00008.999 00003.356 00003.751 00010.117 00012.344 00013.693 00034.411 00045.464 00089.282 00072.868 00011.877 00013.900 00021.814 00050.895 00103.117 00139.096 00159.893 00238.906 00146.540 00467.627 00190.152 00137.221 00027.332 00601.661 00578.016 00060.015 00432.438 01123.484 01925.855 00574.776 00222.791 00133.996 00055.737 00015.594 00012.153 00361.849 00394.193 00392.420 00224.947 00365.746 00404.249 00334.781 00363.279 00462.097 00560.167 00493.832 00402.146 00456.887 00608.198 00883.853 00978.306 00619.098 00252.598 00118.799 00000.219 00005.755 00008.660
00171.492 00443.668 00031.495 00041.505 00323.181 00206.419 00062.967 00008.867 00003.628 00003.237 00010.033 00009.807 00010.496 00036.254 00011.903 00012.843 00066.441 00010.667 00010.975 00030.990 00032.155 00033.870 00236.980 00446.891 00431.917 00332.384 00392.416 00579.755 00645.690 00565.104 01455.257 01464.078 00679.340 00151.929 00491.983 01199.409 00906.425 00016.531 00019.530 00020.907 00011.660 00011.949 00037.526 00204.032 00416.251 00493.795 00408.086 00351.003 00321.772 00326.345 00233.313 00316.202 00417.847 00483.345 00547.993 00381.782 00374.525 00506.919 00530.437 00570.338 00502.735 00011.038 00007.752 00006.688 00005.305
00492.218 00387.579 00314.800 00285.348 00306.908 00586.314 00037.159 00004.497 00002.449 00003.344 00011.809 00053.870 00316.146 00374.342 00107.352 00038.051 00078.319 00024.400 00013.504 00032.699 00303.962 00376.470 00428.878 00445.767 00503.569 00604.317 01699.179 01143.145 00758.747 00790.892 01093.164 00668.987 00562.260 00485.388 00570.689 00711.431 00562.828 00040.703 00036.973 00019.895 00014.699 00012.328 00055.328 00239.360 00278.907 00373.924 00325.163 00313.898 00298.061 00292.847 00397.393 00258.507 00351.909 00361.385 00405.050 00410.442 00424.677 00351.816 00376.700 00332.149 00103.438 00030.529 00006.920 00006.850 00005.482
00054.594 00276.278 00247.791 00377.940 00002.312 00344.136 00002.126 00002.596 00002.292 00002.476 00003.034 00002.899 00002.823 00253.586 00316.111 00420.868 00303.454 00029.270 00003.254 00020.410 00002.383 00247.749 00848.561 00461.179 00260.975 00453.483 00875.692 00556.511 00513.056 00322.907 00420.170 00435.788 00465.998 00490.617 00446.371 00385.434 00252.088 00136.507 00009.970 00009.866 00009.857 00096.442 00042.087 00003.335 00040.561 00142.359 00262.708 00278.302 00277.510 00354.155 00322.638 00240.859 00233.541 00282.308 00325.898 00367.619 00413.216 00390.316 00335.809 00375.067 00285.060 00067.578 00012.038 00004.959 00012.450
00002.139 00003.156 00002.549 00002.239 00004.195 00003.800 00002.372 00036.882 00204.032 00184.106 00001.811 00001.896 00002.518 00003.631 00087.262 00177.944 00007.708 00004.590 00003.502 00003.995 00004.616 00003.149 00002.153 00003.083 00219.452 00238.705 00177.642 00012.268 00174.319 00227.283 00263.393 00002.405 00089.720 00325.576 00213.243 00002.180 00002.157 00002.050 00001.855 00001.835 00001.940 00010.314 00009.511 00002.612 00374.826 00225.330 00259.341 00276.039 00137.717 00292.391 00285.914 00288.267 00203.893 00155.740 00182.738 00248.088 00295.957 00319.165 00252.578 00242.289 00281.360 00256.194 00096.236 00006.209 00013.255
00002.853 00002.842 00002.733 00002.543 00005.046 00008.248 00006.506 00118.952 00525.081 00385.355 00088.576 00238.098 00056.238 00004.327 00248.854 00309.567 00175.347 00056.103 00003.071 00007.247 00074.369 00219.422 00003.399 01152.013 00005.559 00006.526 00005.423 00003.030 00003.974 00002.959 00003.017 00002.812 00002.893 00002.898 00002.158 00002.195 00001.868 00002.288 00001.392 00001.831 00001.921 00001.856 00001.673 00001.608 00001.287 00001.356 00001.426 00001.391 00075.709 00215.972 00200.349 00200.053 00206.430 00211.665 00147.702 00180.565 00240.744 00259.575 00283.411 00263.190 00224.782 00140.023 00012.721 00011.283 00014.288
01962.113 03007.811 00436.799 00227.151 00008.695 01296.431 00254.744 00151.635 00251.980 00470.482 00560.786 00225.704 00091.770 00945.988 01741.976 01291.806 01478.233 00714.567 00619.527 00688.017 00920.536 00849.761 00877.225 01692.357 00393.863 00203.453 00042.304 00136.482 00206.107 00002.270 00334.048 00321.466 00134.255 00159.590 00154.636 00170.045 00146.499 00172.521 00001.882 00081.162 00140.333 00002.409 00002.040 -9999.0 00001.461 00000.446 -9999.0 -9999.0 00001.097 00153.484 00169.699 00177.762 00178.930 00159.080 00141.093 00173.781 00205.687 00234.713 00255.597 00261.398 00271.541 00286.210 00132.388 00004.997 00003.211
03606.927 02965.774 00998.979 01208.415 00137.804 02656.646 00760.872 00359.848 00282.099 01086.613 01217.558 01582.676 02274.654 02418.934 02623.358 00908.053 02663.219 00889.770 00898.113 01394.219 01614.847 01443.336 01576.474 01818.723 00691.751 00338.841 00203.254 00242.727 00250.918 00292.059 00084.103 01066.993 00553.482 00197.697 00252.188 00124.671 00154.288 00150.964 00123.808 00151.963 00129.700 00188.074 00002.189 00144.100 00200.649 00001.845 00002.139 -9999.0 00001.526 -9999.0 00001.132 00125.994 00152.134 00153.208 00122.876 00129.830 00157.889 00190.569 00200.446 00226.856 00262.228 00179.844 00032.991 -9999.0 -9999.0
03793.419 02478.220 01079.700 01848.289 00883.757 00676.217 00388.388 00311.722 00317.387 00740.873 02285.787 03027.940 03316.715 03612.421 03632.847 03472.716 01568.018 01164.344 01128.260 01804.816 01614.872 01843.104 01537.351 01307.033 00864.343 00466.817 00342.713 00287.787 00284.402 00339.991 00290.486 00287.029 00418.599 00243.394 00259.439 00144.425 00162.771 00190.687 00178.294 00233.160 00184.687 00149.540 00002.061 00104.019 00218.111 00184.807 00001.884 -9999.0 -9999.0 -9999.0 -9999.0 -9999.0 00035.027 00112.401 00105.865 00106.454 00126.318 00148.320 00172.872 00198.761 00229.737 00187.096 00012.929 -9999.0 -9999.0
04077.807 02558.412 02171.698 00948.474 00835.639 01164.639 00552.054 00348.520 00302.890 02516.866 03455.844 03833.533 04141.998 03568.661 01964.114 02111.060 01585.719 01481.246 01583.615 01920.144 02123.210 01818.632 01521.504 01165.487 00951.084 00670.550 00402.970 00322.408 00312.351 00365.559 00333.782 00313.195 00246.435 00234.079 00266.002 00168.378 00175.179 00172.312 00130.806 00163.077 00194.485 00165.558 00194.087 00220.895 00171.269 00162.296 00177.301 00205.210 00115.438 -9999.0 -9999.0 -9999.0 -9999.0 -9999.0 -9999.0 -9999.0 -9999.0 00131.254 00163.517 00188.947 00197.141 00186.131 -9999.0 -9999.0 -9999.0
02872.491 02384.388 01816.652 01183.104 00888.739 01336.835 01526.390 00522.929 00312.847 03962.121 04631.341 04576.730 04202.606 03782.043 01690.331 02361.378 02306.667 02326.723 02170.835 02064.948 02324.707 02089.266 01693.629 01320.705 01091.154 00701.931 00447.366 00355.659 00355.278 00355.703 00354.687 00307.466 00238.053 00213.429 00232.511 00220.011 00846.040 00753.294 00207.582 00216.485 00129.973 00143.329 00246.098 00139.130 00231.215 00215.293 00194.331 00091.308 00173.954 00098.607 -9999.0 -9999.0 -9999.0 -9999.0 -9999.0 -9999.0 -9999.0 -9999.0 -9999.0 -9999.0 -9999.0 -9999.0 -9999.0 -9999.0 -9999.0
02288.010 02889.805 02128.375 00722.616 01060.637 01370.065 00862.536 00910.256 00436.130 00321.108 05125.531 05086.920 04312.182 03472.895 02587.743 03242.072 03601.172 02870.690 00943.619 02219.902 02366.075 02285.490 01837.274 01398.320 01646.521 01015.184 00522.366 00393.569 00326.260 00360.024 00375.960 00384.238 00263.142 00243.622 00436.268 00344.618 00275.864 00239.858 00289.645 00238.226 00185.075 00188.206 00235.817 00274.716 00129.450 00175.994 00151.975 00172.519 00125.846 00114.709 -9999.0 -9999.0 -9999.0 -9999.0 -9999.0 -9999.0 -9999.0 -9999.0 -9999.0 -9999.0 -9999.0 -9999.0 -9999.0 -9999.0 -9999.0
01807.059 01935.170 01349.684 00780.546 02382.481 02499.206 01754.406 01273.150 00701.665 00372.205 09141.575 05570.398 03224.724 03482.219 03993.944 04037.262 04455.472 03823.016 02654.607 02661.105 03071.763 02552.218 02005.501 02491.058 02111.710 01431.586 00628.951 00426.942 00412.962 00379.037 00409.494 00408.759 00294.897 00281.057 00334.526 00472.144 00290.590 00219.816 00181.793 00261.156 00189.646 00272.949 00204.083 00247.397 00219.104 00190.164 00187.683 00306.750 00176.412 00131.341 -9999.0 -9999.0 -9999.0 -9999.0 -9999.0 -9999.0 -9999.0 -9999.0 -9999.0 -9999.0 -9999.0 -9999.0 -9999.0 -9999.0 -9999.0
02062.095 01641.753 01202.974 02177.612 02175.686 02436.610 03927.333 01786.596 00440.072 00435.275 02423.470 05530.130 04301.537 04979.040 04506.418 04154.875 04459.725 03952.590 03550.909 03907.258 04006.706 02895.076 02702.144 02440.415 02124.514 01781.335 00696.156 00447.602 00417.327 00407.252 00451.179 00393.173 00385.127 00234.407 00953.383 00284.618 00448.551 00237.577 00183.841 00371.345 00163.285 00272.619 00128.603 00185.552 00203.907 00216.641 00219.903 00192.416 00119.122 00140.721 -9999.0 -9999.0 -9999.0 -9999.0 -9999.0 -9999.0 -9999.0 -9999.0 -9999.0 -9999.0 -9999.0 -9999.0 -9999.0 -9999.0 -9999.0
01794.750 01800.869 01522.446 03424.955 04000.625 04895.599 05391.072 02383.663 00946.281 00448.979 00388.734 03439.570 04566.868 04723.617 00060.609 04352.737 03625.281 04150.223 04190.071 10033.793 07515.062 02834.615 02519.611 02571.929 02151.152 01245.482 00647.617 00463.870 00138.079 00311.511 00412.212 00362.315 00380.701 00377.260 00225.194 00568.695 00415.407 00293.914 00366.376 00167.057 00169.907 00156.680 00143.880 00188.320 00242.968 00229.575 00231.405 00348.126 00388.335 00159.145 -9999.0 -9999.0 -9999.0 -9999.0 -9999.0 -9999.0 -9999.0 -9999.0 -9999.0 -9999.0 -9999.0 -9999.0 -9999.0 -9999.0 -9999.0
