example/Panther/1177973_ReactionIntensity.asc
NCOLS 748
NROWS 648
XLLCORNER -8363.000000
YLLCORNER -11743.000000
CELLSIZE 30.000000
NODATA_VALUE -9999.0
[rows 348 to 376 of 648, columns 390 to 454 of 748]
00429.523 01018.818 01019.847 -9999.0 -9999.0 -9999.0 -9999.0 -9999.0 -9999.0 -9999.0 -9999.0 -9999.0 -9999.0 -9999.0 -9999.0 -9999.0 -9999.0 -9999.0 -9999.0 -9999.0 -9999.0 -9999.0 -9999.0 -9999.0 -9999.0 -9999.0 -9999.0 -9999.0 -9999.0 -9999.0 -9999.0 -9999.0 00812.305 00968.408 00443.483 00585.121 00918.444 00739.870 00254.923 00847.645 00333.138 01119.697 00699.859 00457.723 00493.086 00249.093 00304.875 00349.524 00015.755 00581.705 01096.122 01107.743 01089.928 01059.707 01016.943 01022.413 01019.590 01011.609 00998.077 00992.260 00954.506 00950.508 00949.049 00955.202 00944.655
01020.783 01021.698 01023.869 01022.188 00820.015 -9999.0 -9999.0 -9999.0 -9999.0 -9999.0 -9999.0 -9999.0 -9999.0 -9999.0 -9999.0 -9999.0 -9999.0 -9999.0 -9999.0 -9999.0 -9999.0 -9999.0 -9999.0 -9999.0 -9999.0 -9999.0 -9999.0 -9999.0 01083.837 01087.297 01096.274 01087.096 01098.132 01095.936 00367.036 00297.126 00530.201 00140.391 01013.186 00805.379 01042.968 00825.482 00681.917 00539.573 00381.137 00078.014 00871.065 00972.171 00666.840 00080.339 00495.828 01086.758 01084.445 00561.507 01019.147 01022.262 01013.589 01007.603 00997.642 00952.418 00958.979 00960.071 00956.576 00949.559 00943.094
01023.648 00533.202 01023.690 01022.543 01016.939 01012.456 01009.850 -9999.0 -9999.0 -9999.0 -9999.0 -9999.0 -9999.0 -9999.0 -9999.0 -9999.0 -9999.0 -9999.0 -9999.0 -9999.0 -9999.0 -9999.0 -9999.0 -9999.0 01057.345 01083.610 01079.033 01105.409 01099.869 01099.149 01097.084 01100.767 01101.475 01100.780 00138.996 00799.066 00006.679 00527.956 00139.354 00041.665 00975.821 00905.221 00845.453 01072.207 01075.201 01073.298 00451.399 00987.901 01096.408 01100.279 00771.324 00897.847 01078.620 00784.135 01015.994 01023.118 01011.229 01017.768 00997.874 00966.913 00957.228 00959.446 00958.450 00948.865 00804.243
01025.592 00496.230 01023.860 01021.701 01015.468 01017.282 01014.246 00193.762 00997.165 00990.735 01000.391 01000.714 00372.889 00987.017 00396.454 00956.111 00393.699 00812.081 01010.316 01014.280 01019.909 00697.274 00683.503 01066.794 01082.877 01103.409 01097.902 01097.329 01102.775 01101.667 01100.055 01101.442 01098.298 01099.990 00856.304 00325.044 00070.269 01032.369 00714.429 00476.479 00292.916 00571.541 01066.924 01075.569 01067.086 00504.400 00872.362 01100.554 01099.404 01100.293 01103.630 01089.854 01066.105 01035.456 01023.482 01029.430 01021.540 01021.331 01005.755 00979.427 00952.542 00715.136 00943.843 00761.096 00432.951
00309.088 01023.515 01023.562 01022.841 01016.446 01015.233 01015.883 01014.079 01013.097 01008.121 01012.991 01002.271 01004.172 00994.143 00979.106 00964.864 00996.433 01007.905 01016.413 01022.930 01040.360 01100.255 00427.049 00785.014 01100.807 01100.968 01102.770 01102.337 01099.429 01095.517 01089.096 01109.167 01091.234 01101.520 01097.771 01102.216 01088.124 00449.281 00109.845 00937.560 00366.808 00773.836 00259.795 01044.958 00386.695 00775.497 01103.576 01098.720 01101.253 01103.808 01100.432 01084.707 00397.142 00724.865 01023.224 00562.896 00386.499 01007.276 00987.373 00955.089 00953.158 00948.188 00754.597 00936.273 00780.067
01020.700 01016.894 01022.913 01023.763 01019.000 01018.048 01014.360 01029.157 01028.536 01020.427 01007.475 01005.451 00992.893 00982.375 00972.338 00979.857 01007.167 01012.698 01024.179 01016.049 00413.417 00424.763 00451.243 00408.679 01085.026 01098.518 01101.773 01107.660 01100.507 01082.921 01096.849 01095.773 01089.263 01093.349 01096.528 01093.944 01102.524 01099.094 01104.251 01088.180 01102.164 00600.820 00736.382 00343.754 00081.998 01099.849 01098.264 01097.985 01092.076 01085.367 01080.757 00303.853 01019.627 00371.671 00137.461 00433.069 01012.572 00999.805 00952.031 00951.670 00954.773 00944.226 -9999.0 00268.983 00189.769
01023.575 01023.313 00963.492 01023.569 01026.390 01029.954 01025.731 01016.733 01028.525 01014.520 01011.000 01002.936 00993.066 00982.970 00979.311 00982.083 01015.780 01010.668 01024.581 01018.932 00907.475 00803.793 00408.804 00915.699 01059.546 01079.682 01085.001 01084.848 01084.552 01085.376 01090.755 01098.636 01086.771 01099.865 01086.967 01095.321 00964.870 00439.651 00739.818 01100.972 01102.608 01102.484 01110.942 01101.814 -9999.0 01094.492 01106.160 01099.774 01086.102 01075.301 01058.623 00712.654 01024.387 01025.215 00379.359 00957.071 01000.275 00988.720 00877.108 00949.154 00522.656 00389.980 00479.659 00933.753 00918.946
01039.278 01023.788 00998.048 01030.746 01026.183 01026.121 01032.679 01020.753 01016.362 01008.553 01005.785 00997.241 00997.552 00994.747 00988.459 00970.202 01000.166 01020.209 01021.795 01034.265 01025.288 00970.084 01032.501 01000.015 01037.553 01076.016 01089.640 01085.053 01083.758 01089.549 01090.280 01098.603 01091.314 01106.573 01104.190 01087.171 00746.848 01094.351 01106.830 01098.801 01101.586 01055.613 00546.738 00504.009 00384.677 00866.213 01081.414 00437.289 00185.093 00647.084 00755.386 00321.840 01025.435 01019.988 00584.520 01007.168 00990.505 00954.987 00953.074 00938.881 00941.452 00744.090 00043.079 00921.686 00777.221
01061.562 01032.123 01032.351 00427.067 01023.876 01019.576 00579.562 01009.253 01013.616 00997.119 00998.455 01007.686 01000.694 00995.875 00987.366 00987.238 00992.660 01009.583 01023.306 01028.384 01033.528 01021.561 01032.390 01020.418 01038.937 01077.308 01084.512 01083.445 01085.447 01090.909 01090.531 01088.380 01085.232 01076.236 01084.374 01079.126 00653.578 00990.793 00653.538 01095.117 01086.490 01086.634 00619.259 00907.459 00576.796 00504.429 01073.329 01060.298 01054.357 01023.938 01025.727 01023.937 01026.452 00891.118 00653.616 00982.453 00958.597 00943.710 00927.877 00922.342 00933.542 00939.345 00645.721 00929.127 00290.033
01078.654 01043.501 01027.470 00746.230 01022.558 01020.011 00710.463 01011.841 00999.474 00373.113 00988.138 00998.310 00984.937 00956.296 00987.233 00984.541 00950.125 01000.818 01013.739 01011.873 01025.829 01024.482 01024.183 01024.506 01036.681 01061.823 01077.681 01078.149 01082.588 01080.589 01080.019 01060.277 00432.275 01032.561 00963.724 01035.039 01017.375 00537.109 00599.112 01062.177 01063.186 00545.137 00877.143 00451.443 00418.605 01025.639 00393.496 00873.170 01017.565 01024.420 01023.641 01015.245 00853.848 00962.481 00977.990 00933.653 00944.075 00951.529 00942.767 00934.126 00838.881 00939.527 00642.908 00870.200 -9999.0
00492.186 01041.494 00857.723 01018.829 01016.626 01016.173 01010.511 01004.595 01011.862 01001.746 01002.479 01002.595 00988.378 00957.400 00953.153 00957.905 00957.760 00976.201 01006.273 01014.395 01020.254 01013.167 01016.840 01020.813 01011.834 01046.814 01061.960 01067.751 01064.615 01043.458 01047.302 01016.465 01018.685 01021.222 01019.984 01027.074 01027.280 01023.560 01023.158 01018.906 01017.755 00812.626 01019.449 00724.981 00194.970 01023.905 01017.962 00889.362 01025.125 01025.600 01023.144 01009.877 00548.708 00982.260 00947.355 00937.270 00948.589 00910.022 00918.227 00938.843 00896.118 00290.191 00677.643 -9999.0 -9999.0
01083.072 00520.950 00138.922 01016.856 01015.739 01020.943 01016.498 01015.115 01015.454 01011.073 01000.794 01002.074 00988.911 00958.695 00953.101 00954.383 00652.142 00478.129 00959.766 01000.919 01004.983 01013.712 01008.800 01023.710 01010.938 01024.212 01039.728 00409.665 01037.013 01008.109 01019.690 01019.370 01021.762 01016.304 01016.432 01016.541 00840.315 00113.369 01014.586 01022.744 01019.683 01025.066 01022.850 01021.796 01011.316 01019.973 00565.418 01022.784 01020.964 01021.964 01006.669 00447.357 00751.002 00931.898 00930.159 00940.012 00949.520 00931.154 00928.275 00495.260 00222.526 00430.514 00142.593 -9999.0 -9999.0
00356.485 00130.314 00140.438 01027.621 01020.660 01027.620 01024.649 01019.551 01016.116 01012.224 00999.426 00978.647 00963.390 00953.405 00958.229 00957.788 00884.310 00389.358 00954.646 00974.391 01006.261 01007.846 01002.230 01015.415 01020.240 01011.258 01014.169 01009.230 01013.942 01009.352 01020.013 01016.223 01007.233 01007.700 01005.569 01006.291 01003.747 01006.614 01008.436 01011.213 01013.357 01011.907 01016.334 01008.276 01009.845 01013.660 01012.296 01014.621 00587.865 00432.937 00603.822 00916.548 00982.688 00937.926 00928.798 00929.880 00913.667 00904.764 00710.607 00499.911 00560.843 -9999.0 -9999.0 -9999.0 -9999.0
01044.708 01030.857 01023.052 01023.333 01022.626 01025.100 01017.281 01015.073 01008.288 01001.927 00989.958 00971.696 00954.957 00952.920 00957.731 00956.979 00815.502 00582.527 00947.592 00952.587 00988.137 01006.524 01007.763 01014.118 01015.086 01006.563 01014.855 01023.611 01018.407 01019.258 01010.109 01004.850 01004.231 00993.183 00984.705 00652.400 00978.998 00985.712 01005.009 00993.573 01003.665 01007.658 01003.377 01005.144 00781.003 00970.078 00561.996 00435.604 00857.799 00375.171 00996.987 00987.870 00965.108 00947.169 00924.422 00940.445 00907.129 00475.699 00548.234 00253.416 -9999.0 -9999.0 -9999.0 -9999.0 -9999.0
01029.875 00981.316 01027.359 01027.586 01025.247 01025.023 01020.484 00804.081 00408.781 00985.671 00968.402 00960.434 00960.579 00954.862 00738.599 00361.019 00935.300 00126.196 00948.855 00949.661 00980.058 01009.156 01008.104 01009.142 01013.037 01015.764 01016.561 01008.753 01017.854 01014.318 01009.251 01003.665 00995.858 00984.318 00949.766 00709.511 00791.639 00947.496 00954.527 00971.910 00981.958 00984.962 00932.075 00628.202 00953.159 00948.201 00460.866 00509.532 00926.037 00919.012 00971.210 00978.635 00951.001 00938.232 00915.627 00941.490 00847.721 00480.215 00399.082 -9999.0 -9999.0 -9999.0 -9999.0 -9999.0 -9999.0
01028.764 01032.965 01027.064 01031.887 01032.199 01020.166 01016.978 00738.602 00894.053 00214.070 00956.363 00583.240 00557.124 00656.463 00031.233 -9999.0 -9999.0 00071.008 00945.448 00950.703 00948.751 00987.391 01000.390 01003.199 01007.035 01010.507 01010.056 01010.407 01010.340 01006.623 01004.973 00995.743 00992.167 00953.423 00952.594 00949.552 00882.123 00951.822 00954.202 00955.008 00958.925 00956.354 00959.222 00954.543 00951.295 00943.100 00875.768 00945.181 00937.415 00952.882 00931.116 00932.461 00942.488 00918.840 00940.576 00783.269 00123.771 00474.565 -9999.0 -9999.0 -9999.0 -9999.0 -9999.0 -9999.0 -9999.0
01030.477 01036.559 01026.105 01021.929 01021.190 01022.395 01017.088 01011.470 00473.287 00985.446 00958.211 00447.785 00957.580 00263.360 00166.567 -9999.0 -9999.0 00209.304 00704.193 00950.129 00954.809 00947.927 00975.607 00984.091 00994.784 01003.959 01007.704 01007.022 01004.981 00996.643 00771.348 00985.127 00943.457 00942.867 00944.041 00945.397 00762.523 00909.020 00446.514 00342.249 00945.571 00948.950 00950.282 00949.825 00949.515 00948.140 00940.008 00953.006 00934.225 00944.128 00929.218 00941.267 00951.882 00933.383 00937.909 00908.774 00792.824 -9999.0 -9999.0 -9999.0 -9999.0 -9999.0 -9999.0 -9999.0 -9999.0
00864.510 01022.772 01028.070 01022.985 01022.220 01021.547 01010.214 00493.573 00634.862 00954.750 00712.565 00448.808 00360.818 00028.219 00483.806 00754.906 -9999.0 00359.670 00915.854 00944.495 00949.924 00950.607 00955.273 00952.486 00971.109 00990.242 00991.016 00996.273 00998.710 00982.777 00879.577 00950.427 00942.822 00947.356 00937.938 00900.657 00252.760 00216.333 -9999.0 -9999.0 -9999.0 00216.662 00853.712 00899.660 00944.421 00699.201 00930.569 00942.985 00926.733 00931.049 00913.606 00930.879 00935.542 00944.777 00708.365 00836.136 00607.064 -9999.0 -9999.0 -9999.0 -9999.0 -9999.0 -9999.0 -9999.0 -9999.0
01024.717 01033.979 01031.002 01026.354 01024.468 01021.139 01005.259 00900.327 00956.809 00364.404 00938.974 00953.678 00948.944 00360.979 00953.688 00044.332 00882.868 00824.968 00351.568 00766.334 00697.721 00945.661 00949.925 00952.907 00950.582 00954.769 00946.710 00961.774 00941.479 00788.486 00507.559 00620.956 00948.939 00947.687 00400.809 00338.259 00589.650 -9999.0 -9999.0 -9999.0 -9999.0 -9999.0 00118.937 00914.861 00704.997 00472.462 00274.793 00693.016 00889.935 00904.109 00115.033 00859.303 00493.415 00868.910 00238.649 00661.511 -9999.0 -9999.0 -9999.0 -9999.0 -9999.0 -9999.0 -9999.0 -9999.0 -9999.0
01024.207 01022.235 01024.168 01020.132 01016.447 00775.115 00378.667 00907.241 00960.982 00704.059 00952.115 00944.713 00122.125 00836.653 00068.167 00255.476 00793.280 00561.816 -9999.0 00790.441 00529.822 00259.248 00350.533 00932.382 00945.285 00952.589 00954.445 00955.415 00954.483 00955.593 00950.493 00942.141 00631.429 00166.644 00510.306 00792.484 00172.400 -9999.0 -9999.0 -9999.0 -9999.0 -9999.0 -9999.0 -9999.0 00532.948 00400.329 00247.779 00764.138 00541.643 00253.745 00595.095 00421.779 00878.178 00713.271 00325.139 -9999.0 -9999.0 -9999.0 -9999.0 -9999.0 -9999.0 -9999.0 -9999.0 -9999.0 -9999.0
01019.456 01015.866 01010.175 01006.714 01000.285 00994.364 00858.499 00956.345 00957.605 00955.415 00945.254 00954.422 00759.632 00568.841 00952.992 00950.267 00358.546 00126.297 00025.882 -9999.0 -9999.0 00765.638 00416.847 00261.535 00749.547 00799.875 00945.696 00951.587 00950.956 00760.670 00395.993 00254.541 00320.235 00280.852 -9999.0 -9999.0 -9999.0 -9999.0 -9999.0 -9999.0 -9999.0 -9999.0 -9999.0 -9999.0 -9999.0 -9999.0 -9999.0 00517.219 00229.983 00665.916 00261.782 00666.904 00487.558 00202.723 -9999.0 -9999.0 -9999.0 -9999.0 -9999.0 -9999.0 -9999.0 -9999.0 -9999.0 -9999.0 -9999.0
01007.788 01002.124 00988.873 00964.264 00904.217 00987.591 00957.456 00956.344 00957.558 00956.663 00949.401 00952.535 00869.083 00933.202 00955.790 00954.443 00108.505 00316.329 -9999.0 -9999.0 -9999.0 -9999.0 -9999.0 -9999.0 00823.988 00644.765 00506.016 00685.201 00309.374 00859.644 00261.776 -9999.0 -9999.0 -9999.0 -9999.0 -9999.0 -9999.0 -9999.0 -9999.0 -9999.0 -9999.0 -9999.0 -9999.0 -9999.0 -9999.0 -9999.0 -9999.0 -9999.0 -9999.0 -9999.0 -9999.0 -9999.0 -9999.0 -9999.0 -9999.0 -9999.0 -9999.0 -9999.0 -9999.0 -9999.0 -9999.0 -9999.0 -9999.0 -9999.0 -9999.0
00845.159 00127.068 00123.346 00116.324 00342.717 00981.068 00957.110 00956.804 00540.448 00669.419 00950.110 00952.590 00930.542 00460.836 00948.765 00953.124 00214.747 00093.458 -9999.0 -9999.0 -9999.0 -9999.0 -9999.0 -9999.0 -9999.0 -9999.0 -9999.0 00268.442 00000.000 -9999.0 -9999.0 -9999.0 -9999.0 -9999.0 -9999.0 -9999.0 -9999.0 -9999.0 -9999.0 -9999.0 -9999.0 -9999.0 -9999.0 -9999.0 -9999.0 -9999.0 -9999.0 -9999.0 -9999.0 -9999.0 -9999.0 -9999.0 -9999.0 -9999.0 -9999.0 -9999.0 -9999.0 -9999.0 -9999.0 -9999.0 -9999.0 -9999.0 -9999.0 -9999.0 -9999.0
00127.944 00534.639 00128.559 00128.648 00868.936 00953.184 00957.162 00959.508 00959.716 00959.783 00876.913 00957.640 00954.276 00956.017 00953.009 00202.662 00258.027 -9999.0 -9999.0 -9999.0 -9999.0 -9999.0 -9999.0 -9999.0 -9999.0 -9999.0 -9999.0 -9999.0 -9999.0 -9999.0 -9999.0 -9999.0 -9999.0 -9999.0 -9999.0 -9999.0 -9999.0 -9999.0 -9999.0 -9999.0 -9999.0 -9999.0 -9999.0 -9999.0 -9999.0 -9999.0 -9999.0 -9999.0 -9999.0 -9999.0 -9999.0 -9999.0 -9999.0 -9999.0 -9999.0 -9999.0 -9999.0 -9999.0 -9999.0 -9999.0 -9999.0 -9999.0 -9999.0 -9999.0 -9999.0
00994.502 00993.905 00847.303 00952.423 00954.423 00960.057 00958.626 00959.972 00728.971 00958.159 00958.340 00959.224 00956.159 00936.223 00318.308 00551.153 -9999.0 -9999.0 -9999.0 -9999.0 -9999.0 -9999.0 -9999.0 00862.983 -9999.0 -9999.0 -9999.0 -9999.0 -9999.0 -9999.0 -9999.0 -9999.0 -9999.0 -9999.0 -9999.0 -9999.0 -9999.0 -9999.0 -9999.0 -9999.0 -9999.0 -9999.0 -9999.0 -9999.0 -9999.0 -9999.0 -9999.0 -9999.0 -9999.0 -9999.0 -9999.0 -9999.0 -9999.0 -9999.0 -9999.0 -9999.0 -9999.0 -9999.0 -9999.0 -9999.0 -9999.0 -9999.0 -9999.0 -9999.0 -9999.0
00800.433 00991.946 00954.365 00955.441 00953.943 00956.236 00952.634 00960.500 00960.914 00665.655 00950.934 00957.171 00753.388 00011.250 00344.403 00539.943 -9999.0 -9999.0 -9999.0 -9999.0 -9999.0 00898.030 00888.457 -9999.0 00582.978 -9999.0 -9999.0 -9999.0 -9999.0 -9999.0 -9999.0 -9999.0 -9999.0 -9999.0 -9999.0 -9999.0 -9999.0 -9999.0 -9999.0 -9999.0 -9999.0 -9999.0 -9999.0 -9999.0 -9999.0 -9999.0 -9999.0 -9999.0 -9999.0 -9999.0 -9999.0 -9999.0 -9999.0 -9999.0 -9999.0 -9999.0 -9999.0 -9999.0 -9999.0 -9999.0 -9999.0 -9999.0 -9999.0 -9999.0 -9999.0
00990.741 00957.980 00966.771 00954.018 00957.351 00960.535 00514.042 00363.380 00960.770 00959.400 00948.057 00252.591 00940.033 -9999.0 -9999.0 -9999.0 -9999.0 -9999.0 -9999.0 -9999.0 00886.015 00915.392 00888.293 00524.645 00933.828 -9999.0 -9999.0 -9999.0 00898.195 -9999.0 -9999.0 -9999.0 -9999.0 -9999.0 -9999.0 -9999.0 -9999.0 -9999.0 -9999.0 -9999.0 -9999.0 -9999.0 -9999.0 -9999.0 -9999.0 -9999.0 -9999.0 -9999.0 -9999.0 -9999.0 -9999.0 -9999.0 -9999.0 -9999.0 -9999.0 -9999.0 -9999.0 -9999.0 -9999.0 -9999.0 -9999.0 -9999.0 -9999.0 -9999.0 -9999.0
00988.168 00955.896 00722.025 00642.511 00960.247 00581.261 00742.294 00364.097 00592.070 00911.621 00795.929 00801.160 00839.985 -9999.0 -9999.0 -9999.0 -9999.0 -9999.0 -9999.0 00887.988 00933.242 00877.531 00915.832 00930.989 00912.739 00905.132 00904.080 00893.750 00895.772 00895.850 -9999.0 -9999.0 -9999.0 -9999.0 -9999.0 -9999.0 -9999.0 -9999.0 -9999.0 -9999.0 -9999.0 -9999.0 -9999.0 -9999.0 -9999.0 -9999.0 -9999.0 -9999.0 -9999.0 -9999.0 -9999.0 -9999.0 -9999.0 -9999.0 -9999.0 -9999.0 -9999.0 -9999.0 -9999.0 -9999.0 -9999.0 -9999.0 -9999.0 -9999.0 -9999.0
00986.431 00989.594 00373.103 00957.101 00975.476 00375.328 00958.356 00954.415 00951.257 00837.923 00411.529 00000.393 -9999.0 -9999.0 -9999.0 -9999.0 -9999.0 -9999.0 -9999.0 00894.590 00351.262 -9999.0 00907.033 00945.145 00921.576 00892.885 00923.515 00917.577 -9999.0 -9999.0 -9999.0 -9999.0 -9999.0 -9999.0 -9999.0 -9999.0 -9999.0 -9999.0 -9999.0 -9999.0 -9999.0 -9999.0 -9999.0 -9999.0 -9999.0 -9999.0 -9999.0 -9999.0 -9999.0 -9999.0 -9999.0 -9999.0 -9999.0 -9999.0 -9999.0 -9999.0 -9999.0 -9999.0 -9999.0 -9999.0 -9999.0 -9999.0 -9999.0 -9999.0 -9999.0
