example/Panther/1177973_ReactionIntensity.asc
NCOLS 748
NROWS 648
XLLCORNER -8363.000000
YLLCORNER -11743.000000
CELLSIZE 30.000000
NODATA_VALUE -9999.0
[rows 290 to 318 of 648, columns 455 to 519 of 748]
-9999.0 -9999.0 -9999.0 -9999.0 -9999.0 -9999.0 -9999.0 -9999.0 -9999.0 -9999.0 -9999.0 -9999.0 -9999.0 -9999.0 -9999.0 -9999.0 -9999.0 -9999.0 -9999.0 -9999.0 -9999.000 00370.009 00421.243 01034.818 01174.912 01180.930 00664.324 00527.190 00593.945 00555.561 00164.640 01102.172 01121.463 01110.451 01117.260 01090.595 01090.555 01075.921 01048.021 01030.647 01015.564 00122.558 00664.188 01018.616 01035.023 01028.608 01032.343 01023.982 00794.039 01024.685 01030.631 01033.936 01020.219 01025.999 01012.853 00941.859 00780.913 00996.221 01000.261 01023.950 01019.403 01010.535 00996.371 01005.920 00999.000
-9999.0 -9999.0 -9999.0 -9999.0 -9999.0 -9999.0 -9999.0 -9999.0 -9999.0 -9999.0 -9999.0 -9999.0 -9999.0 -9999.0 -9999.0 -9999.0 -9999.0 -9999.0 -9999.0 -9999.0 -9999.000 00674.511 00900.303 01057.287 01187.589 01188.030 00175.733 01058.568 00955.206 01124.941 00583.338 01100.418 01110.010 00567.884 01121.803 01104.127 01105.560 01097.615 01069.406 01043.144 00702.923 00141.876 01030.640 01020.792 01034.237 01020.692 01029.127 01035.873 01034.956 01027.725 01027.276 01025.975 01031.512 01013.099 01022.403 01010.478 01014.172 01020.569 01021.846 01018.341 01013.758 00997.808 01003.073 01009.632 01006.999
-9999.0 -9999.0 -9999.0 -9999.0 -9999.0 -9999.0 -9999.0 -9999.0 -9999.0 -9999.0 -9999.0 -9999.0 -9999.0 -9999.0 -9999.0 -9999.0 -9999.0 -9999.0 -9999.0 -9999.000 -9999.000 01022.065 00183.407 00374.434 00647.447 01181.402 00800.214 00481.064 00734.706 00348.063 00894.359 01123.021 00626.676 01091.277 01115.482 01127.510 01128.812 01104.166 00574.820 01064.564 00951.797 00242.132 01032.774 00933.493 01037.974 01039.544 01022.447 01020.679 01029.666 01027.451 01025.556 01036.274 01023.923 00639.019 00958.546 00985.780 01007.185 01021.993 01019.259 01024.466 01008.972 01004.184 01017.447 01016.140 01016.267
-9999.0 -9999.0 -9999.0 -9999.0 -9999.0 -9999.0 -9999.0 -9999.0 -9999.0 -9999.0 -9999.0 -9999.0 -9999.0 -9999.0 -9999.0 -9999.0 -9999.0 -9999.000 -9999.000 00975.396 01109.022 00258.766 00722.716 00763.000 00077.704 00047.939 01170.474 01156.529 00640.383 00268.340 00476.025 00338.460 01128.796 00167.351 01123.510 01121.218 01101.452 01107.647 01108.846 01099.874 01082.676 00588.780 00411.637 00397.875 00377.404 00182.427 01025.325 01050.547 01028.609 01026.477 01027.695 01025.381 01034.540 00849.221 00577.782 00746.524 01011.107 00969.227 01026.584 01032.060 00592.015 01012.327 01019.668 01020.366 01018.354
-9999.0 -9999.0 -9999.0 -9999.0 -9999.0 -9999.0 -9999.0 -9999.0 -9999.0 -9999.0 -9999.0 -9999.0 -9999.0 -9999.0 -9999.0 -9999.000 -9999.000 00751.548 00870.020 00936.833 00399.952 00961.864 00139.504 00909.196 00999.915 01181.393 01172.525 01166.072 00939.642 00645.891 01122.040 00020.197 00148.680 00182.715 00637.826 01107.075 01118.195 01117.886 01112.341 01105.984 01094.949 01085.515 01092.717 01083.327 01094.879 01045.697 01080.349 01061.415 01060.253 01036.536 01019.652 01025.242 01020.752 01031.113 01024.843 00960.740 00998.392 00641.440 01025.881 01030.999 01026.341 01016.568 01021.639 01022.481 01019.322
-9999.0 -9999.0 -9999.0 -9999.0 -9999.0 -9999.0 -9999.0 -9999.0 -9999.0 -9999.0 -9999.0 -9999.0 -9999.0 -9999.000 -9999.000 00549.365 00652.383 00994.740 00030.802 00679.362 00142.452 00442.246 00583.841 00062.228 00330.963 01163.708 01176.508 00717.456 00631.214 00168.653 00671.197 00306.085 00084.961 00660.524 00391.343 01058.825 01104.966 00764.913 01104.953 01107.170 01111.109 01112.322 01103.141 01105.740 01093.877 01103.917 01086.204 01084.379 01064.152 00937.334 00509.434 00815.372 01031.523 01022.895 01026.325 00496.557 00905.436 01025.885 01019.407 01011.500 01012.597 00485.088 01022.426 01022.792 01016.867
-9999.0 -9999.0 -9999.0 -9999.0 -9999.0 -9999.0 -9999.0 -9999.0 -9999.0 -9999.0 -9999.0 -9999.000 -9999.000 00368.691 00455.829 00162.115 00796.326 00064.452 00581.792 01122.673 00634.827 01093.112 00041.540 00168.964 01191.382 00749.542 00705.146 00576.048 00061.615 00710.205 00298.307 00740.169 00912.074 00374.049 00829.966 00609.365 00511.300 00979.315 01120.500 01100.456 01100.841 01109.301 01128.100 01104.329 01113.598 01098.799 01101.154 01081.864 01078.740 01069.068 01057.568 00520.850 01024.076 00835.420 01028.719 00875.207 01035.289 01029.346 01017.651 01016.562 01015.527 01013.016 00783.344 01009.832 01002.650
-9999.0 -9999.0 -9999.0 -9999.0 -9999.0 -9999.0 -9999.0 -9999.0 -9999.0 -9999.000 -9999.000 00209.267 00608.822 00572.351 00803.717 00769.221 00025.244 00382.903 00543.616 00080.184 00209.020 00849.333 00809.027 01164.681 00903.237 00182.836 00777.809 01110.168 00568.836 00109.687 00847.096 00972.114 00392.462 01086.415 00010.571 00845.132 00695.723 01111.225 01104.761 01111.472 01096.385 01101.708 01116.720 01118.693 01106.061 01113.081 01086.118 01090.096 01076.830 01086.132 00495.339 00997.132 01038.322 01022.470 00977.753 00593.489 01028.579 01034.966 01030.285 01016.962 01026.494 01012.492 01023.834 01010.260 00999.807
-9999.0 -9999.0 -9999.0 -9999.0 -9999.0 -9999.0 -9999.0 -9999.000 -9999.000 00070.629 00500.145 00779.996 01113.974 00437.293 00744.696 01039.624 00063.519 00211.217 00280.622 01164.254 01074.360 00400.372 00963.261 00505.690 01190.696 00336.781 00871.425 00252.673 00879.734 00659.585 01123.647 00546.314 00068.367 00261.882 00120.520 00571.059 00864.124 01101.730 01111.438 01099.817 01104.952 01115.430 01101.128 01122.744 01115.893 01094.328 01012.083 01120.328 01083.396 00522.627 00774.279 01040.289 01044.418 01021.664 01016.558 01042.119 01039.994 01035.682 01026.246 01026.106 01026.832 00905.807 01013.486 00986.660 00986.466
-9999.0 -9999.0 -9999.0 -9999.0 -9999.0 -9999.000 -9999.000 00988.233 01014.401 00189.335 00638.037 00089.828 01039.180 00580.319 01092.384 00148.144 00095.932 00154.392 00348.314 00850.500 00606.564 00384.670 01075.997 00791.423 00628.999 00292.697 00956.941 00223.257 00026.233 00022.704 00544.291 01102.274 00665.958 00144.770 00010.345 00550.787 00270.492 00161.468 01121.611 01112.858 01113.682 01099.405 01113.762 01077.399 00664.791 00648.590 01085.979 00590.496 00357.492 00096.376 01050.172 01015.620 01025.020 00962.694 01017.309 01017.635 01026.256 01025.753 01032.382 01027.358 01015.992 01020.476 01011.871 01000.514 01003.268
-9999.0 -9999.0 -9999.0 -9999.000 -9999.000 00851.707 00583.985 00184.647 00713.055 00257.647 00518.015 00413.628 01079.967 00847.045 01209.053 00413.286 00052.490 01069.945 01213.144 01073.801 00266.258 00252.599 00165.044 00026.428 00083.145 00148.914 00264.753 00293.951 00085.837 00639.526 00493.617 00387.476 00141.148 00514.564 00057.313 00850.388 00718.828 01103.636 01105.289 01115.283 01110.090 00990.870 01141.929 01110.168 00863.188 00614.647 00049.466 00852.002 00994.068 00778.634 00986.024 00449.167 00128.140 00961.603 01021.907 01024.847 01042.842 01030.864 01030.276 01028.131 01024.166 01015.483 01010.816 00728.325 00927.377
-9999.0 -9999.000 -9999.000 00701.997 00060.665 00032.264 00486.895 00117.126 00051.228 00139.125 01129.115 00951.877 00305.205 00230.158 00255.075 00642.789 00068.483 01214.241 00602.765 00148.417 00480.804 00015.668 00376.681 00182.369 00130.116 00176.449 00907.067 00225.955 00326.037 00108.246 00110.294 00307.080 00054.867 00273.568 00205.020 00126.949 00227.480 01110.463 01102.469 00689.416 00969.406 01074.358 01106.881 01113.749 00948.632 00554.088 00313.783 00577.951 00656.824 00844.273 00833.359 01029.730 00931.756 00926.634 00977.742 00817.621 00985.405 00363.063 00466.102 01025.540 01024.185 01009.436 00385.982 00979.489 00395.694
-9999.000 00585.325 00085.027 00224.947 00601.440 00181.744 00074.545 00076.784 00331.665 00068.615 00241.787 00280.704 00043.766 00027.822 00012.514 00055.687 00461.145 00825.541 00246.540 01051.124 00744.597 01202.418 00695.489 00192.410 00056.528 00161.332 00040.400 00669.393 00736.056 00361.843 00876.002 00740.174 00026.121 00289.100 00158.433 01107.822 01117.721 01114.191 01108.917 00603.047 00504.396 00649.391 00997.736 01084.617 00809.493 00583.066 00873.910 00441.841 01013.251 00883.444 00921.066 00601.537 01028.229 01037.233 00758.140 00916.133 01041.209 00991.746 01028.710 01030.358 00662.570 00427.777 00727.607 00615.214 00891.305
00026.946 00150.633 00029.628 00110.745 00355.395 00154.587 00020.738 00050.519 00133.447 00076.338 00824.144 00011.375 00067.538 00046.135 00032.855 00023.231 00178.636 00358.729 00641.542 00733.621 00849.092 01214.034 00857.731 00325.647 00140.567 00306.197 00110.152 00086.697 00793.521 00038.972 00220.735 00990.745 00900.345 00704.115 00504.957 01111.827 01106.217 01105.846 01117.413 01122.264 00917.858 00964.934 00237.289 01097.734 00662.100 00957.757 00874.335 01026.149 01026.171 01033.635 00917.417 01032.938 01032.700 01024.167 01033.952 00867.968 01031.503 01039.452 01002.439 00539.846 00235.206 00278.783 00861.315 00604.510 00722.080
00015.542 00175.954 00308.874 00476.485 00035.465 00084.696 00450.324 00066.193 00074.277 00096.351 00024.194 00005.524 00085.552 00085.445 00087.108 00569.281 00560.182 00039.350 00008.262 00471.409 00758.018 01187.048 00249.838 00313.627 00045.882 00020.683 00024.809 00428.811 00869.821 00976.177 00659.901 00199.181 00191.341 00218.691 01113.118 01113.192 01114.014 01112.022 01103.490 00818.263 01088.329 01005.126 01023.785 01109.524 00974.422 01040.069 00708.534 01032.563 01030.015 01025.607 01026.477 01037.589 01020.556 01014.788 01033.212 01025.324 01014.288 01022.420 00995.714 00687.594 00442.658 00240.399 00023.175 00506.483 00140.072
00736.641 01088.781 00016.611 00105.780 01015.201 00034.377 00074.984 00015.984 00104.063 01046.427 00098.931 00003.870 00058.280 00181.798 00020.422 00068.497 00384.420 00025.971 00086.369 00065.642 00054.748 00371.375 00562.460 00291.501 01130.161 00171.463 00249.176 00842.557 01089.431 00198.811 01120.815 00006.814 00734.495 00129.826 00845.632 01113.741 01097.577 00280.041 00544.140 00423.349 00894.993 00357.676 01054.993 01066.329 01050.001 01025.061 01036.223 01036.203 01034.948 01032.774 01024.693 01016.525 01024.931 01016.383 01025.012 01010.084 01012.333 01007.709 01016.438 01011.063 00865.489 00076.616 00846.170 00788.748 00931.428
00025.236 00408.578 00768.875 00601.869 00288.379 01164.878 00007.084 00088.666 00006.599 00155.093 00049.660 00150.027 01149.366 00014.372 00913.784 00164.193 00371.461 00008.196 00063.381 00442.818 01025.740 00580.118 00111.847 00788.913 01168.524 01168.532 01156.536 01121.138 01013.287 01136.611 00421.886 00885.257 00922.151 00948.947 01114.883 01103.835 01106.125 00861.579 01056.492 00727.968 00855.702 00541.583 00556.870 01059.821 01033.261 01025.068 01038.559 01024.287 01017.869 01016.729 01019.686 01011.256 01006.799 01021.144 01008.561 01003.173 01017.593 01005.852 01019.702 00811.034 00431.387 00925.258 00634.747 00624.640 00264.602
00196.046 01040.119 01168.003 00376.169 00043.421 01078.133 00010.029 00339.886 00148.678 00141.845 00153.615 00659.245 00005.558 00626.070 00338.601 00929.694 00130.724 00087.902 00100.893 00087.441 01047.139 00985.887 01127.838 01139.480 00261.431 01166.143 00243.867 00416.013 00000.091 00649.547 00503.851 00016.808 00256.752 01117.780 01114.967 01105.806 00991.198 00586.352 00977.491 00698.615 00633.178 00935.448 01050.285 00553.517 01023.983 01033.140 01026.605 01013.554 01018.506 01017.354 01016.751 01005.978 01006.813 01006.620 01010.893 01005.738 01004.588 00999.514 00999.820 00999.085 00911.290 00444.226 00700.979 00402.675 00381.108
00138.016 00121.976 00045.971 00149.066 00150.388 00009.113 01046.733 00146.061 01011.127 00321.866 00142.782 00189.255 00148.794 00220.943 00476.721 00037.385 01061.562 00531.729 00151.267 00151.591 00303.665 00200.388 00960.087 00698.066 00481.295 00353.911 00052.433 01104.488 00160.106 00104.891 01068.566 00316.379 01110.559 01097.715 01109.455 01020.215 00473.218 00791.381 00321.752 00696.521 00995.796 00618.653 00615.263 00392.763 01008.020 01014.043 01023.012 01016.223 01015.059 01011.450 01000.256 00989.469 00966.404 00957.515 00983.371 00984.686 00978.714 00975.722 00952.956 00970.079 00964.677 00892.250 00625.656 00387.193 00593.795
00310.629 00832.578 00151.474 00540.869 00364.920 00149.814 00148.679 00337.818 00269.778 00512.339 00444.637 00896.598 00426.639 00796.036 01027.359 00807.597 00307.031 01120.126 00257.314 00307.955 00405.204 00904.326 00456.177 01115.258 00878.316 00748.451 00475.799 00146.716 00678.341 01023.225 00456.430 00497.081 00997.020 00381.537 00759.156 00829.328 00137.956 00357.112 00282.472 00128.310 00270.009 00524.742 00853.842 00186.244 00233.695 00578.651 00838.421 00234.441 00987.726 00988.773 00974.748 00956.307 00961.858 00966.007 00964.860 00959.712 00966.356 00965.834 00963.886 00960.043 00932.302 00579.293 00710.917 00448.804 00239.986
01148.073 01153.761 01156.514 01126.382 00160.474 00512.543 00094.840 00619.955 00696.925 00575.991 00231.636 00637.309 01096.869 01107.459 01103.437 00060.537 01108.059 01104.170 01106.928 01110.153 01102.354 01094.100 01104.330 01117.641 01103.524 00947.040 00314.517 00703.660 01110.835 00206.648 00671.538 01041.117 00390.944 00775.083 00788.684 01023.756 01010.348 01012.776 00598.791 00964.796 00998.811 00858.880 00137.912 -9999.0 00147.858 00094.141 -9999.0 -9999.0 00011.314 00966.877 00964.164 00959.225 00965.825 00960.437 00957.408 00955.028 00958.460 00957.117 00953.399 00964.961 00956.930 00966.056 00485.412 00207.770 00195.159
01148.627 01151.477 01147.223 01151.972 00446.531 00603.289 01018.267 01110.713 00889.438 00167.636 00180.610 01101.477 01106.986 01106.542 01105.625 01104.572 01108.596 01106.920 00459.201 01102.715 00173.172 01097.046 00344.104 01021.629 01100.752 01106.838 00851.455 01102.525 01108.771 01088.879 00403.654 01038.356 01023.838 01035.125 01022.207 01007.673 00999.600 00985.728 00987.475 00987.495 01013.723 01001.065 00920.060 00960.157 00966.759 00147.236 00129.200 -9999.0 00100.511 -9999.0 00094.299 00961.191 00647.150 00904.247 00280.136 00753.450 00949.044 00963.754 00957.781 00951.119 00948.200 00247.399 00031.992 -9999.0 -9999.0
01145.548 01144.306 01139.532 01130.161 01120.089 01096.962 01096.442 01103.670 01099.815 00192.788 01105.071 01102.509 01102.583 01105.060 01107.084 01108.503 01108.880 01103.959 01110.348 01106.133 00984.402 01094.785 01099.888 01100.133 01097.116 01106.480 01106.644 01099.457 01101.334 01095.008 01076.269 01031.700 01020.336 01033.597 01020.020 01011.104 00997.293 00993.756 01003.857 01020.730 00994.382 00941.420 00715.334 00471.851 00961.173 00963.535 00129.325 -9999.0 -9999.0 -9999.0 -9999.0 -9999.0 00305.427 00324.304 00459.302 00617.944 00330.623 00733.895 00320.581 00870.355 00581.773 00495.507 00342.268 -9999.0 -9999.0
01141.046 01137.027 01133.544 00911.166 01109.418 01102.766 01091.187 00466.953 01103.319 00377.539 01102.462 01104.167 01097.216 01105.518 01105.038 01101.590 01109.847 01112.080 01109.432 01106.021 01104.752 00249.518 01093.956 01087.756 00852.082 01108.033 01113.621 01102.250 01103.902 01101.015 01073.962 01050.660 01025.119 01023.286 01022.398 01013.604 01012.337 01007.452 01021.762 01022.232 00997.721 00964.444 00960.821 00962.541 00959.704 00957.134 00950.450 00952.248 00953.893 -9999.0 -9999.0 -9999.0 -9999.0 -9999.0 -9999.0 -9999.0 -9999.0 00375.685 00325.739 00378.746 00295.086 00743.280 -9999.0 -9999.0 -9999.0
01134.467 01126.959 01123.464 01113.848 01102.812 01099.304 01089.315 01098.905 01105.501 00926.082 01101.199 01101.318 01103.757 01097.080 01105.931 01104.057 01105.540 01108.025 01110.044 01107.123 01106.120 01105.278 01104.679 01105.387 01105.398 00748.058 01109.006 01104.383 01101.724 01089.563 01085.648 01060.977 01016.418 01024.800 01028.332 01020.640 01015.486 01017.748 01013.446 01000.806 00975.245 00965.544 00959.286 00959.352 00960.442 00954.969 00945.586 00953.949 00952.716 00770.879 -9999.0 -9999.0 -9999.0 -9999.0 -9999.0 -9999.0 -9999.0 -9999.0 -9999.0 -9999.0 -9999.0 -9999.0 -9999.0 -9999.0 -9999.0
01122.938 01117.912 01112.586 01104.611 01097.311 01089.183 01086.820 01094.987 01102.021 01103.007 01099.670 01101.494 01103.972 01103.433 01098.043 01106.672 01103.959 01107.707 01111.197 01108.866 01105.453 01105.952 01106.839 01106.811 01107.016 01103.145 01106.240 01098.724 01103.883 01096.880 01075.971 01049.298 01024.332 01027.627 01030.510 01020.162 01019.497 01009.728 01014.415 01000.221 00971.893 00990.269 00955.981 00959.768 00960.472 00953.125 00954.564 00952.764 00218.032 00856.218 -9999.0 -9999.0 -9999.0 -9999.0 -9999.0 -9999.0 -9999.0 -9999.0 -9999.0 -9999.0 -9999.0 -9999.0 -9999.0 -9999.0 -9999.0
01116.347 01106.278 01105.323 01096.529 01092.417 01094.216 01088.929 01095.291 00023.965 01103.367 01100.689 01100.590 01100.282 01103.606 01098.530 01102.109 01100.492 01104.105 01103.598 00264.379 01104.653 01106.988 00527.985 00537.901 01102.814 01104.017 01100.824 01097.783 01097.408 01095.589 01080.152 01051.432 01027.392 01029.024 01023.470 01020.191 01022.573 01015.381 01008.367 01006.429 00992.145 01005.167 00987.899 00959.961 00955.608 00952.158 00894.517 00542.750 00656.276 00263.922 -9999.0 -9999.0 -9999.0 -9999.0 -9999.0 -9999.0 -9999.0 -9999.0 -9999.0 -9999.0 -9999.0 -9999.0 -9999.0 -9999.0 -9999.0
01099.351 01099.278 01094.607 01091.151 01088.584 01086.818 01092.742 01095.376 00698.923 01097.470 01098.796 01098.645 01102.952 01104.271 01102.757 01107.772 01103.245 01105.192 01103.749 01102.691 00051.015 01103.614 01104.002 01104.087 01103.657 01104.621 01103.808 01099.528 01098.572 01088.949 01071.411 01055.135 01019.070 01024.833 01021.398 01022.772 01022.422 01019.457 01011.432 01012.411 01006.854 00990.550 00964.435 00955.795 00949.898 00640.177 00950.011 00614.207 00945.236 00925.836 -9999.0 -9999.0 -9999.0 -9999.0 -9999.0 -9999.0 -9999.0 -9999.0 -9999.0 -9999.0 -9999.0 -9999.0 -9999.0 -9999.0 -9999.0
01097.222 01090.947 01093.265 01093.880 01094.236 01090.431 01093.391 01094.927 00743.068 01103.250 01100.484 01099.532 01101.975 01103.649 00556.355 01103.558 01107.014 01104.145 01104.120 01101.207 01103.347 01103.808 01104.133 01103.708 01104.436 01102.996 01100.776 01098.717 00630.055 01094.843 01070.429 01042.020 01020.431 01028.277 01025.425 01021.434 01022.896 01020.854 01013.032 00996.587 00988.614 00956.365 00957.873 00959.936 00961.618 00946.539 00921.307 00952.609 00938.575 00151.051 -9999.0 -9999.0 -9999.0 -9999.0 -9999.0 -9999.0 -9999.0 -9999.0 -9999.0 -9999.0 -9999.0 -9999.0 -9999.0 -9999.0 -9999.0
