example/Panther/1177973_SpreadDirection.asc
NCOLS 748
NROWS 648
XLLCORNER -8363.000000
YLLCORNER -11743.000000
CELLSIZE 30.000000
NODATA_VALUE -9999.0
[rows 315 to 349 of 648, columns 395 to 473 of 748]
-9999 -9999 -9999 -9999 -9999 -9999 -9999 -9999 -9999 -9999 -9999 -9999 -9999 -9999 -9999 -9999 -9999 -9999 -9999 -9999 -9999 -9999 -9999 -9999 -9999 -9999 -9999 -9999 -9999 318 005 002 012 011 026 023 026 313 316 317 309 301 236 055 175 121 285 286 285 265 285 278 279 266 277 247 239 224 224 152 151 173 173 131 134 145 105 074 075 062 225 227 227 145 289 291 221 225 285
-9999 -9999 -9999 -9999 -9999 -9999 -9999 -9999 -9999 -9999 -9999 -9999 -9999 -9999 -9999 -9999 -9999 -9999 -9999 -9999 -9999 -9999 -9999 -9999 -9999 -9999 -9999 -9999 -9999 356 356 008 015 015 029 022 024 025 019 309 227 235 171 123 175 286 279 285 261 294 288 278 271 270 277 252 247 221 151 148 138 167 134 132 178 178 105 093 076 078 226 225 293 289 220 220 221 226 225
-9999 -9999 -9999 -9999 -9999 -9999 -9999 -9999 -9999 -9999 -9999 -9999 -9999 -9999 -9999 -9999 -9999 -9999 -9999 -9999 -9999 -9999 -9999 -9999 -9999 -9999 -9999 -9999 -9999 358 358 012 012 016 029 022 021 023 018 025 024 170 168 165 310 304 353 353 312 014 281 275 271 270 251 248 218 218 155 146 125 163 135 181 179 179 105 093 085 093 079 293 290 216 288 226 232 226 242
-9999 -9999 -9999 -9999 -9999 -9999 -9999 -9999 -9999 -9999 -9999 -9999 -9999 -9999 -9999 -9999 -9999 -9999 -9999 -9999 -9999 -9999 -9999 -9999 -9999 -9999 -9999 -9999 -9999 355 356 001 015 018 028 017 018 018 019 026 026 034 058 179 307 300 241 311 308 260 081 277 266 244 247 241 209 212 151 153 159 159 136 187 187 187 110 110 092 093 088 219 219 206 167 226 226 250 262
-9999 -9999 -9999 -9999 -9999 -9999 -9999 -9999 -9999 -9999 -9999 -9999 -9999 -9999 -9999 -9999 -9999 -9999 -9999 -9999 -9999 -9999 -9999 -9999 -9999 -9999 -9999 -9999 -9999 343 005 003 003 017 017 027 015 016 021 028 028 035 053 340 339 339 311 264 258 198 129 272 240 242 237 241 201 146 148 171 165 126 199 199 194 190 190 110 103 086 088 222 197 207 237 164 246 248 258
-9999 -9999 -9999 -9999 -9999 -9999 -9999 -9999 -9999 -9999 -9999 -9999 -9999 -9999 -9999 -9999 -9999 -9999 -9999 -9999 -9999 -9999 -9999 -9999 -9999 -9999 -9999 -9999 -9999 345 350 001 003 015 017 022 015 015 021 028 029 048 051 289 287 272 267 264 260 196 128 272 240 241 228 188 188 148 147 175 173 131 217 202 199 188 188 117 103 098 089 233 247 250 168 231 227 150 162
-9999 -9999 -9999 -9999 -9999 -9999 -9999 -9999 -9999 -9999 -9999 -9999 -9999 -9999 -9999 -9999 -9999 -9999 -9999 -9999 -9999 -9999 -9999 -9999 -9999 -9999 -9999 -9999 -9999 291 351 351 359 359 013 018 015 015 021 022 045 045 049 048 291 272 267 258 194 197 270 240 239 207 219 174 175 145 175 171 171 125 216 219 203 192 192 124 101 102 114 218 287 217 274 289 200 167 171
-9999 -9999 -9999 -9999 -9999 -9999 -9999 -9999 -9999 -9999 -9999 -9999 -9999 -9999 -9999 -9999 -9999 -9999 -9999 -9999 -9999 -9999 -9999 -9999 -9999 -9999 -9999 -9999 -9999 324 346 357 357 -9999 -9999 012 015 013 013 092 052 045 051 049 050 272 241 194 193 194 231 239 238 196 196 172 172 141 190 172 172 197 233 237 221 190 190 132 137 110 116 202 208 214 215 197 163 221 178
-9999 -9999 -9999 -9999 -9999 -9999 -9999 -9999 -9999 -9999 -9999 -9999 -9999 -9999 -9999 -9999 -9999 -9999 -9999 -9999 -9999 -9999 -9999 -9999 -9999 -9999 -9999 -9999 -9999 263 262 268 270 -9999 -9999 -9999 -9999 055 082 351 058 051 051 050 051 050 227 196 192 192 214 214 222 175 174 158 166 136 036 185 172 259 232 236 232 181 168 137 133 112 113 035 220 222 261 140 218 154 177
-9999 -9999 -9999 -9999 -9999 -9999 -9999 -9999 -9999 -9999 -9999 -9999 -9999 -9999 -9999 -9999 -9999 -9999 -9999 -9999 -9999 -9999 -9999 -9999 -9999 -9999 -9999 -9999 -9999 -9999 262 268 270 -9999 -9999 -9999 -9999 087 055 118 057 065 069 072 082 074 224 229 172 118 200 205 176 174 152 148 161 162 153 252 259 184 237 251 235 170 163 139 134 136 216 159 201 199 199 148 211 156 181
-9999 -9999 -9999 -9999 -9999 -9999 -9999 -9999 -9999 -9999 -9999 -9999 -9999 -9999 -9999 -9999 -9999 -9999 -9999 -9999 -9999 -9999 -9999 -9999 -9999 -9999 -9999 -9999 -9999 -9999 257 268 270 -9999 -9999 -9999 -9999 087 093 176 122 123 069 093 082 083 089 182 168 109 191 194 179 166 146 142 162 218 155 251 195 195 239 250 229 160 162 158 141 136 159 243 203 203 152 203 199 198 186
-9999 -9999 -9999 -9999 -9999 -9999 -9999 -9999 -9999 -9999 -9999 -9999 -9999 -9999 -9999 -9999 -9999 -9999 -9999 -9999 -9999 -9999 -9999 -9999 -9999 -9999 -9999 -9999 -9999 -9999 -9999 268 270 -9999 -9999 -9999 -9999 087 093 179 122 126 132 093 105 106 089 210 182 204 182 182 173 167 165 142 182 199 259 201 201 222 212 213 220 149 144 149 140 147 152 194 193 201 154 214 168 219 212
-9999 -9999 -9999 -9999 -9999 -9999 -9999 -9999 -9999 -9999 -9999 -9999 -9999 -9999 -9999 -9999 -9999 -9999 -9999 -9999 -9999 -9999 -9999 -9999 -9999 -9999 -9999 -9999 -9999 -9999 -9999 262 270 -9999 -9999 -9999 -9999 087 080 195 123 112 128 117 101 120 124 093 187 172 169 170 169 162 160 101 304 279 203 202 223 206 207 211 210 141 138 136 134 131 155 059 265 207 088 213 158 229 188
-9999 -9999 -9999 -9999 -9999 -9999 -9999 -9999 -9999 -9999 -9999 -9999 -9999 -9999 -9999 -9999 -9999 -9999 -9999 -9999 -9999 -9999 -9999 -9999 -9999 -9999 -9999 -9999 -9999 -9999 -9999 -9999 270 -9999 -9999 -9999 -9999 087 084 077 196 114 128 111 089 146 126 135 191 170 160 166 166 138 194 095 221 299 276 095 205 205 213 214 213 144 135 132 106 124 169 101 289 149 152 075 235 234 192
-9999 -9999 -9999 -9999 -9999 -9999 -9999 -9999 -9999 -9999 -9999 -9999 -9999 -9999 -9999 -9999 -9999 -9999 -9999 -9999 -9999 -9999 -9999 -9999 -9999 -9999 -9999 -9999 -9999 -9999 -9999 -9999 270 -9999 -9999 -9999 -9999 087 084 080 077 115 118 112 118 086 135 147 150 176 153 163 163 112 254 094 268 274 217 158 104 204 211 215 212 138 135 130 120 104 175 296 210 169 153 195 137 198 194
-9999 -9999 -9999 -9999 -9999 -9999 -9999 -9999 -9999 -9999 -9999 -9999 -9999 -9999 -9999 -9999 -9999 -9999 -9999 -9999 -9999 -9999 -9999 -9999 -9999 -9999 -9999 -9999 -9999 -9999 -9999 -9999 270 -9999 -9999 -9999 -9999 087 087 086 087 079 120 127 120 122 082 140 187 187 153 167 162 150 254 264 268 217 219 158 104 209 221 222 203 135 137 108 116 115 095 216 214 156 218 097 131 201 190
-9999 -9999 -9999 -9999 -9999 -9999 -9999 -9999 -9999 -9999 -9999 -9999 -9999 -9999 -9999 -9999 -9999 -9999 -9999 -9999 -9999 -9999 -9999 -9999 -9999 -9999 -9999 -9999 -9999 -9999 -9999 -9999 270 -9999 -9999 -9999 -9999 -9999 087 086 087 088 091 090 145 122 123 121 060 186 137 127 047 111 287 264 218 217 217 156 153 217 220 221 199 199 143 125 144 151 153 094 214 163 198 181 108 201 189
-9999 -9999 -9999 -9999 -9999 -9999 -9999 -9999 -9999 -9999 -9999 -9999 -9999 -9999 -9999 -9999 -9999 -9999 -9999 -9999 -9999 -9999 -9999 -9999 -9999 -9999 -9999 -9999 -9999 -9999 -9999 -9999 270 -9999 -9999 -9999 -9999 -9999 087 088 093 093 091 090 086 124 122 121 115 115 209 121 225 223 281 287 261 256 135 065 148 221 215 200 200 200 129 118 136 147 145 145 222 156 195 197 190 202 188
-9999 -9999 -9999 -9999 -9999 -9999 -9999 -9999 -9999 -9999 -9999 -9999 -9999 -9999 -9999 -9999 -9999 -9999 -9999 -9999 -9999 -9999 -9999 -9999 -9999 -9999 -9999 -9999 -9999 -9999 -9999 -9999 270 -9999 -9999 -9999 -9999 -9999 089 092 092 093 092 088 084 083 079 123 124 082 030 031 072 271 282 225 229 352 135 131 128 215 213 302 048 201 201 108 120 119 170 134 118 153 149 197 186 186 188
-9999 -9999 -9999 -9999 -9999 -9999 -9999 -9999 -9999 -9999 -9999 -9999 -9999 -9999 -9999 -9999 -9999 -9999 -9999 -9999 -9999 -9999 -9999 -9999 -9999 -9999 -9999 -9999 -9999 -9999 -9999 -9999 -9999 -9999 -9999 -9999 -9999 -9999 088 089 086 092 081 077 076 076 076 076 079 354 032 241 105 208 213 217 279 226 156 095 092 225 224 228 174 121 185 109 122 116 112 120 158 157 137 094 195 181 189
-9999 -9999 -9999 -9999 -9999 -9999 -9999 -9999 -9999 -9999 -9999 -9999 -9999 -9999 -9999 -9999 -9999 -9999 -9999 -9999 -9999 -9999 -9999 -9999 -9999 -9999 -9999 -9999 -9999 -9999 -9999 -9999 -9999 -9999 -9999 -9999 -9999 -9999 088 086 086 083 078 076 078 079 080 080 079 053 265 229 101 338 334 356 250 193 165 128 114 220 226 228 195 191 162 154 148 112 128 148 127 138 153 111 217 181 181
-9999 -9999 -9999 -9999 -9999 -9999 -9999 -9999 -9999 -9999 -9999 -9999 -9999 -9999 -9999 -9999 -9999 -9999 -9999 -9999 -9999 -9999 -9999 -9999 -9999 -9999 -9999 -9999 -9999 -9999 -9999 -9999 -9999 -9999 -9999 -9999 -9999 -9999 088 086 085 083 087 093 077 079 080 080 092 034 199 107 268 334 336 344 203 200 185 160 126 125 225 204 202 201 141 148 144 138 118 177 147 154 110 099 094 192 184
-9999 -9999 -9999 -9999 -9999 -9999 -9999 -9999 -9999 -9999 -9999 -9999 -9999 -9999 -9999 -9999 -9999 -9999 -9999 -9999 -9999 -9999 -9999 -9999 -9999 -9999 -9999 -9999 -9999 -9999 -9999 -9999 -9999 -9999 -9999 -9999 -9999 -9999 088 088 089 092 087 093 095 095 094 092 092 083 089 145 347 319 354 100 079 195 182 168 167 124 207 207 207 188 171 171 170 139 117 104 148 -9999 187 178 094 -9999 182
-9999 -9999 -9999 -9999 -9999 -9999 -9999 -9999 -9999 -9999 -9999 -9999 -9999 -9999 -9999 -9999 -9999 -9999 -9999 -9999 -9999 -9999 -9999 -9999 -9999 -9999 -9999 -9999 -9999 -9999 -9999 -9999 -9999 -9999 -9999 -9999 -9999 -9999 088 092 099 092 095 096 096 095 094 097 101 141 144 295 350 042 127 130 358 028 028 022 019 328 034 208 208 174 174 191 166 161 109 104 073 042 054 152 -9999 -9999 -9999
-9999 -9999 -9999 -9999 -9999 -9999 -9999 -9999 -9999 -9999 -9999 -9999 -9999 -9999 -9999 -9999 -9999 -9999 -9999 -9999 -9999 -9999 -9999 -9999 -9999 -9999 -9999 -9999 -9999 -9999 -9999 -9999 -9999 -9999 -9999 -9999 -9999 -9999 088 092 095 107 107 096 095 095 094 097 109 176 150 334 230 110 111 024 023 023 089 025 083 273 093 242 209 178 170 202 198 148 134 133 125 118 -9999 -9999 -9999 -9999 -9999
-9999 -9999 -9999 -9999 -9999 -9999 -9999 -9999 -9999 -9999 -9999 -9999 -9999 -9999 -9999 -9999 -9999 -9999 -9999 -9999 -9999 -9999 -9999 -9999 -9999 -9999 -9999 -9999 -9999 -9999 -9999 -9999 -9999 -9999 -9999 -9999 -9999 -9999 088 087 086 086 085 106 105 108 115 110 022 044 293 205 139 342 339 038 025 091 260 114 232 102 072 037 095 096 099 226 192 148 149 150 124 132 -9999 -9999 -9999 -9999 -9999
-9999 -9999 -9999 -9999 -9999 -9999 -9999 -9999 -9999 -9999 -9999 -9999 -9999 -9999 -9999 -9999 -9999 -9999 -9999 -9999 -9999 -9999 -9999 -9999 -9999 -9999 -9999 -9999 -9999 -9999 -9999 -9999 -9999 -9999 -9999 -9999 -9999 -9999 088 087 087 086 083 082 081 084 083 068 047 054 094 355 290 044 049 112 098 090 085 029 077 028 113 111 155 077 105 219 173 194 -9999 -9999 -9999 -9999 -9999 -9999 -9999 -9999 -9999
-9999 -9999 -9999 -9999 -9999 -9999 -9999 -9999 -9999 -9999 -9999 -9999 -9999 -9999 -9999 -9999 -9999 -9999 -9999 -9999 -9999 -9999 -9999 -9999 -9999 -9999 -9999 -9999 -9999 -9999 -9999 -9999 -9999 -9999 -9999 -9999 -9999 -9999 088 089 089 089 089 087 084 064 069 074 058 093 312 310 034 163 162 099 096 093 087 090 285 063 087 115 129 133 -9999 -9999 -9999 -9999 -9999 -9999 -9999 -9999 -9999 -9999 -9999 -9999 -9999
-9999 -9999 -9999 -9999 -9999 -9999 -9999 -9999 -9999 -9999 -9999 -9999 -9999 -9999 -9999 -9999 -9999 -9999 -9999 -9999 -9999 -9999 -9999 -9999 -9999 -9999 -9999 -9999 -9999 -9999 -9999 -9999 -9999 -9999 -9999 -9999 -9999 -9999 088 089 089 089 089 045 049 085 085 085 082 071 329 240 120 118 120 155 146 147 143 090 229 107 096 -9999 209 128 -9999 -9999 -9999 -9999 -9999 -9999 -9999 -9999 -9999 -9999 -9999 -9999 -9999
-9999 -9999 -9999 -9999 -9999 -9999 -9999 -9999 -9999 -9999 -9999 -9999 -9999 -9999 -9999 -9999 -9999 -9999 -9999 -9999 -9999 -9999 -9999 -9999 -9999 -9999 -9999 -9999 -9999 -9999 -9999 -9999 -9999 -9999 -9999 -9999 -9999 -9999 088 092 093 091 088 038 087 085 084 085 087 091 213 117 179 122 150 162 150 155 139 232 111 117 115 -9999 356 -9999 -9999 -9999 -9999 -9999 -9999 -9999 -9999 -9999 -9999 -9999 -9999 -9999 -9999
-9999 -9999 -9999 -9999 -9999 -9999 -9999 -9999 -9999 -9999 -9999 -9999 -9999 -9999 -9999 -9999 -9999 -9999 -9999 -9999 -9999 -9999 -9999 -9999 -9999 -9999 -9999 -9999 -9999 -9999 -9999 -9999 -9999 -9999 -9999 -9999 -9999 -9999 156 092 101 102 333 091 087 096 095 091 078 091 092 124 347 193 119 174 346 134 064 134 168 119 123 063 055 -9999 -9999 -9999 -9999 -9999 -9999 -9999 -9999 -9999 -9999 -9999 -9999 -9999 -9999
-9999 -9999 -9999 -9999 -9999 -9999 -9999 -9999 -9999 -9999 -9999 -9999 -9999 -9999 -9999 -9999 -9999 -9999 -9999 -9999 -9999 -9999 -9999 -9999 -9999 -9999 -9999 -9999 -9999 -9999 -9999 -9999 312 -9999 177 163 163 158 150 151 102 107 153 091 050 098 075 074 079 076 073 020 227 101 101 261 134 132 126 171 021 192 228 109 -9999 -9999 -9999 -9999 -9999 -9999 -9999 -9999 -9999 -9999 -9999 -9999 -9999 -9999 -9999
-9999 -9999 -9999 -9999 -9999 -9999 -9999 -9999 -9999 -9999 -9999 -9999 -9999 -9999 -9999 -9999 -9999 -9999 -9999 -9999 -9999 -9999 -9999 -9999 -9999 -9999 -9999 -9999 -9999 -9999 302 255 260 248 182 163 165 160 153 147 146 107 338 096 098 098 098 090 083 081 079 139 081 157 041 101 196 130 134 084 032 091 156 131 -9999 -9999 -9999 -9999 -9999 -9999 -9999 -9999 -9999 -9999 -9999 -9999 -9999 -9999 -9999
-9999 -9999 -9999 -9999 -9999 -9999 -9999 -9999 -9999 -9999 -9999 -9999 -9999 -9999 -9999 -9999 -9999 -9999 -9999 -9999 -9999 -9999 -9999 -9999 -9999 -9999 -9999 326 328 302 269 256 257 183 183 166 168 162 158 146 143 211 158 097 101 103 096 096 083 081 083 139 131 151 150 101 165 189 063 238 120 127 135 134 -9999 -9999 -9999 -9999 -9999 -9999 -9999 -9999 -9999 -9999 -9999 -9999 -9999 -9999 -9999
-9999 -9999 -9999 -9999 -9999 -9999 -9999 -9999 -9999 -9999 -9999 -9999 -9999 -9999 -9999 -9999 -9999 -9999 -9999 -9999 -9999 -9999 -9999 338 329 323 290 255 250 248 248 249 184 184 185 169 169 159 174 149 138 216 155 148 104 100 158 096 096 096 098 089 131 128 052 153 330 026 122 088 096 131 135 -9999 -9999 -9999 -9999 -9999 -9999 -9999 -9999 -9999 -9999 -9999 -9999 -9999 -9999 -9999 -9999
