examples/flatland/Outputs/centerIgnit/c_atmRAWS/clockwise/3hr/flatland_centerIgnit_counterClockwise3hr_atmRAWS/flatland_centerIgnit_counterClockwise3hr_atmRAWS_ReactionIntensity.asc
NCOLS 100
NROWS 100
XLLCORNER 20000.000000
YLLCORNER 20000.000000
CELLSIZE 30.000000
NODATA_VALUE -9999.0
[rows 28 to 55 of 100, columns 0 to 62 of 100]
-9999.0 -9999.0 -9999.0 -9999.0 -9999.0 -9999.0 -9999.0 -9999.0 -9999.0 -9999.0 -9999.0 -9999.0 -9999.0 -9999.0 -9999.0 -9999.0 00152.928 00153.680 00154.339 00154.891 00155.320 00155.974 00156.407 00156.821 00157.232 00157.614 00157.837 00158.375 00158.770 00159.197 00159.658 00160.153 00160.587 00160.964 00161.448 00161.893 00162.362 00162.855 00163.348 00163.822 00163.900 00164.434 00164.747 00164.995 00165.243 00165.438 00165.611 00165.760 00165.822 00165.726 00165.617 00165.476 00165.280 00165.079 00164.813 00164.542 00163.909 00163.664 00162.844 00162.078 00161.338 00160.636 00159.935
-9999.0 -9999.0 -9999.0 -9999.0 -9999.0 -9999.0 -9999.0 -9999.0 -9999.0 -9999.0 -9999.0 -9999.0 -9999.0 -9999.0 -9999.0 00152.446 00153.269 00153.987 00154.628 00155.005 00155.770 00156.213 00156.636 00157.051 00157.472 00157.748 00158.200 00158.630 00159.049 00159.497 00159.978 00160.470 00160.816 00161.315 00161.786 00162.257 00162.750 00163.266 00163.824 00163.905 00164.507 00164.837 00165.165 00165.448 00165.707 00165.926 00166.119 00166.273 00166.349 00166.246 00166.124 00165.974 00165.759 00165.541 00165.253 00164.962 00164.659 00163.913 00163.665 00162.795 00161.995 00161.250 00160.575
-9999.0 -9999.0 -9999.0 -9999.0 -9999.0 -9999.0 -9999.0 -9999.0 -9999.0 -9999.0 -9999.0 -9999.0 -9999.0 -9999.0 -9999.0 00152.781 00153.563 00154.246 00154.860 00155.174 00155.955 00156.417 00156.863 00157.280 00157.645 00157.938 00158.463 00158.881 00159.327 00159.800 00160.313 00160.697 00161.140 00161.629 00162.108 00162.613 00163.138 00163.703 00163.899 00164.514 00164.904 00165.251 00165.596 00165.918 00166.187 00166.432 00166.638 00166.807 00166.896 00166.784 00166.648 00166.477 00166.255 00166.003 00165.704 00165.397 00165.044 00164.660 00163.911 00163.582 00162.704 00161.909 00161.147
-9999.0 -9999.0 -9999.0 -9999.0 -9999.0 -9999.0 -9999.0 -9999.0 -9999.0 -9999.0 -9999.0 -9999.0 -9999.0 -9999.0 00152.235 00153.085 00153.825 00154.481 00154.949 00155.656 00156.135 00156.589 00157.034 00157.483 00157.772 00158.273 00158.690 00159.134 00159.607 00160.116 00160.575 00160.961 00161.468 00161.936 00162.437 00162.969 00163.540 00163.890 00164.420 00164.855 00165.301 00165.676 00166.039 00166.391 00166.683 00166.907 00166.924 00166.938 00166.947 00166.937 00166.925 00166.910 00166.769 00166.479 00166.168 00165.839 00165.437 00165.041 00164.638 00163.906 00163.481 00162.610 00161.795
-9999.0 -9999.0 -9999.0 -9999.0 -9999.0 -9999.0 -9999.0 -9999.0 -9999.0 -9999.0 -9999.0 -9999.0 -9999.0 -9999.0 00152.523 00153.337 00154.048 00154.685 00155.026 00155.821 00156.300 00156.757 00157.203 00157.619 00157.913 00158.479 00158.931 00159.390 00159.884 00160.419 00160.782 00161.285 00161.771 00162.264 00162.783 00163.337 00163.878 00163.914 00164.754 00165.207 00165.672 00166.114 00166.490 00166.860 00166.926 00166.966 00167.184 00167.256 00167.299 00167.252 00167.196 00167.046 00166.934 00166.908 00166.647 00166.259 00165.837 00165.422 00165.002 00164.594 00163.900 00163.360 00162.457
-9999.0 -9999.0 -9999.0 -9999.0 -9999.0 -9999.0 -9999.0 -9999.0 -9999.0 -9999.0 -9999.0 -9999.0 -9999.0 -9999.0 00152.800 00153.580 00154.262 00154.866 00155.216 00155.982 00156.452 00156.908 00157.364 00157.712 00158.161 00158.644 00159.116 00159.628 00160.180 00160.624 00161.055 00161.574 00162.066 00162.588 00163.132 00163.726 00163.902 00164.596 00165.077 00165.566 00166.044 00166.540 00166.907 00166.937 00167.186 00167.288 00167.375 00167.452 00167.501 00167.446 00167.391 00167.311 00167.218 00166.954 00166.921 00166.690 00166.257 00165.809 00165.375 00164.957 00164.549 00163.891 00163.165
-9999.0 -9999.0 -9999.0 -9999.0 -9999.0 -9999.0 -9999.0 -9999.0 -9999.0 -9999.0 -9999.0 -9999.0 -9999.0 00151.684 00153.001 00153.751 00154.412 00154.922 00155.564 00156.114 00156.592 00157.057 00157.515 00157.796 00158.357 00158.812 00159.299 00159.823 00160.400 00160.800 00161.352 00161.844 00162.363 00162.910 00163.498 00163.889 00164.433 00164.909 00165.403 00165.913 00166.422 00166.905 00166.944 00167.226 00167.361 00167.473 00167.569 00167.648 00167.705 00167.647 00167.586 00167.503 00167.397 00167.281 00167.124 00166.921 00166.671 00166.209 00165.762 00165.327 00164.898 00164.473 00163.879
-9999.0 -9999.0 -9999.0 -9999.0 -9999.0 -9999.0 -9999.0 -9999.0 -9999.0 -9999.0 -9999.0 -9999.0 -9999.0 00152.341 00153.177 00153.905 00154.553 00154.976 00155.726 00156.227 00156.704 00157.172 00157.615 00157.939 00158.506 00158.975 00159.482 00160.034 00160.556 00160.995 00161.557 00162.096 00162.665 00163.231 00163.850 00163.911 00164.740 00165.231 00165.737 00166.264 00166.806 00166.937 00167.238 00167.396 00167.533 00167.661 00167.763 00167.848 00167.912 00167.851 00167.780 00167.696 00167.578 00167.460 00167.298 00167.113 00166.918 00166.619 00166.161 00165.712 00165.256 00164.815 00163.997
-9999.0 -9999.0 -9999.0 -9999.0 -9999.0 -9999.0 -9999.0 -9999.0 -9999.0 -9999.0 -9999.0 -9999.0 -9999.0 00152.527 00153.335 00154.041 00154.675 00155.021 00155.831 00156.335 00156.810 00157.282 00157.676 00158.101 00158.628 00159.123 00159.658 00160.228 00160.690 00161.203 00161.753 00162.306 00162.896 00163.538 00163.895 00164.533 00165.038 00165.562 00166.083 00166.620 00166.925 00167.195 00167.381 00167.568 00167.708 00167.850 00167.953 00168.050 00168.123 00168.056 00167.976 00167.882 00167.761 00167.622 00167.458 00167.289 00167.033 00166.914 00166.569 00166.094 00165.627 00165.134 00164.618
-9999.0 -9999.0 -9999.0 -9999.0 -9999.0 -9999.0 -9999.0 -9999.0 -9999.0 -9999.0 -9999.0 -9999.0 -9999.0 00152.659 00153.451 00154.144 00154.769 00155.057 00155.911 00156.413 00156.896 00157.380 00157.736 00158.258 00158.734 00159.239 00159.790 00160.394 00160.816 00161.395 00161.930 00162.503 00163.116 00163.784 00163.911 00164.811 00165.339 00165.879 00166.430 00166.909 00167.076 00167.328 00167.525 00167.716 00167.885 00168.027 00168.147 00168.456 00168.733 00168.490 00168.200 00168.069 00167.946 00167.784 00167.616 00167.442 00167.270 00166.950 00166.909 00166.484 00165.988 00165.434 00164.896
-9999.0 -9999.0 -9999.0 -9999.0 -9999.0 -9999.0 -9999.0 -9999.0 -9999.0 -9999.0 -9999.0 -9999.0 -9999.0 00152.785 00153.558 00154.234 00154.848 00155.118 00155.982 00156.487 00156.970 00157.455 00157.778 00158.352 00158.837 00159.363 00159.926 00160.500 00160.942 00161.537 00162.104 00162.708 00163.339 00163.883 00164.446 00165.035 00165.650 00166.205 00166.777 00166.938 00167.260 00167.462 00167.666 00167.864 00168.060 00168.306 00168.756 00169.265 00169.763 00169.322 00168.867 00168.476 00168.117 00167.946 00167.771 00167.596 00167.423 00167.252 00166.941 00166.884 00166.303 00165.734 00165.182
-9999.0 -9999.0 -9999.0 -9999.0 -9999.0 -9999.0 -9999.0 -9999.0 -9999.0 -9999.0 -9999.0 -9999.0 -9999.0 00152.872 00153.634 00154.301 00154.877 00155.269 00156.036 00156.538 00157.026 00157.519 00157.817 00158.426 00158.917 00159.452 00160.037 00160.585 00161.082 00161.664 00162.240 00162.857 00163.529 00163.897 00164.648 00165.252 00165.880 00166.538 00166.920 00167.189 00167.392 00167.595 00167.801 00168.010 00168.313 00168.928 00169.684 00170.228 00170.720 00170.316 00169.869 00169.246 00168.562 00168.107 00167.929 00167.752 00167.577 00167.400 00167.221 00166.929 00166.626 00166.039 00165.422
-9999.0 -9999.0 -9999.0 -9999.0 -9999.0 -9999.0 -9999.0 -9999.0 -9999.0 -9999.0 -9999.0 -9999.0 -9999.0 00152.939 00153.686 00154.341 00154.891 00155.358 00156.070 00156.576 00157.069 00157.568 00157.852 00158.480 00158.983 00159.532 00160.133 00160.650 00161.179 00161.765 00162.362 00163.001 00163.689 00163.908 00164.816 00165.468 00166.114 00166.785 00166.955 00167.313 00167.524 00167.730 00167.938 00168.148 00168.805 00169.821 00170.514 00171.133 00171.687 00171.254 00170.713 00170.113 00169.256 00168.508 00168.088 00167.909 00167.731 00167.549 00167.352 00167.097 00166.906 00166.295 00165.668
-9999.0 -9999.0 -9999.0 -9999.0 -9999.0 -9999.0 -9999.0 -9999.0 -9999.0 -9999.0 -9999.0 -9999.0 00151.614 00152.978 00153.715 00154.366 00154.900 00155.422 00156.095 00156.602 00157.096 00157.587 00157.901 00158.519 00159.032 00159.591 00160.198 00160.700 00161.262 00161.848 00162.455 00163.101 00163.817 00163.917 00164.968 00165.638 00166.339 00166.913 00167.193 00167.439 00167.653 00167.867 00168.075 00168.573 00169.524 00170.489 00171.354 00172.047 00172.686 00172.212 00171.599 00170.853 00170.050 00169.147 00168.442 00168.068 00167.885 00167.695 00167.472 00167.252 00166.928 00166.557 00165.881
-9999.0 -9999.0 -9999.0 -9999.0 -9999.0 -9999.0 -9999.0 -9999.0 -9999.0 -9999.0 -9999.0 -9999.0 00151.905 00152.999 00153.735 00154.374 00154.892 00155.323 00156.080 00156.606 00157.120 00157.602 00157.943 00158.548 00159.064 00159.628 00160.247 00160.737 00161.323 00161.906 00162.522 00163.185 00163.877 00164.418 00165.092 00165.794 00166.509 00166.931 00167.280 00167.531 00167.781 00167.999 00168.332 00169.137 00170.182 00171.150 00172.135 00172.906 00173.607 00173.114 00172.470 00171.609 00170.770 00169.960 00169.043 00168.372 00168.041 00167.816 00167.591 00167.349 00166.989 00166.780 00166.094
-9999.0 -9999.0 -9999.0 -9999.0 -9999.0 -9999.0 -9999.0 -9999.0 -9999.0 -9999.0 -9999.0 -9999.0 00151.497 00152.934 00153.647 00154.275 00154.850 00155.076 00155.990 00156.519 00157.032 00157.549 00157.861 00158.512 00159.048 00159.635 00160.283 00160.767 00161.369 00161.955 00162.583 00163.259 00163.882 00164.498 00165.192 00165.909 00166.664 00166.944 00167.355 00167.620 00167.878 00168.131 00168.786 00169.856 00170.809 00171.799 00172.822 00173.732 00162.036 00174.004 00173.225 00172.384 00171.517 00170.679 00169.874 00168.910 00168.172 00167.936 00167.693 00167.448 00167.192 00166.911 00166.289
-9999.0 -9999.0 -9999.0 -9999.0 -9999.0 -9999.0 -9999.0 -9999.0 -9999.0 -9999.0 -9999.0 -9999.0 -9999.0 00152.804 00153.529 00154.166 00154.747 00155.036 00155.887 00156.423 00156.938 00157.455 00157.796 00158.418 00158.944 00159.521 00160.156 00160.695 00161.289 00161.904 00162.558 00163.272 00163.886 00164.573 00165.274 00166.017 00166.784 00167.114 00167.418 00167.692 00167.966 00168.386 00169.454 00170.481 00171.456 00172.474 00173.442 00174.422 -9999.0 -9999.000 00173.947 00173.129 00172.256 00171.425 00170.583 00169.648 00168.587 00168.043 00167.791 00167.533 00167.276 00166.925 00166.293
-9999.0 -9999.0 -9999.0 -9999.0 -9999.0 -9999.0 -9999.0 -9999.0 -9999.0 -9999.0 -9999.0 -9999.0 -9999.0 00152.657 00153.397 00154.046 00154.628 00154.987 00155.763 00156.307 00156.827 00157.344 00157.736 00158.309 00158.828 00159.394 00160.018 00160.601 00161.151 00161.778 00162.418 00163.107 00163.874 00164.438 00165.232 00166.087 00166.894 00167.184 00167.470 00167.752 00168.036 00168.684 00169.948 00171.108 00172.121 00173.115 00174.081 -9999.000 -9999.0 -9999.0 -9999.000 00173.855 00173.039 00172.202 00171.289 00170.219 00169.010 00168.146 00167.888 00167.622 00167.287 00166.917 00166.205
-9999.0 -9999.0 -9999.0 -9999.0 -9999.0 -9999.0 -9999.0 -9999.0 -9999.0 -9999.0 -9999.0 -9999.0 -9999.0 00152.492 00153.242 00153.903 00154.497 00154.934 00155.600 00156.175 00156.698 00157.215 00157.665 00158.138 00158.698 00159.249 00159.858 00160.494 00160.994 00161.637 00162.270 00162.950 00163.700 00163.913 00165.045 00165.866 00166.756 00167.178 00167.520 00167.813 00168.104 00168.949 00170.351 00171.576 00172.786 00173.742 -9999.000 -9999.0 -9999.0 -9999.0 -9999.0 -9999.000 00173.763 00172.954 00171.881 00170.746 00169.600 00168.465 00167.904 00167.562 00167.235 00166.906 00166.072
-9999.0 -9999.0 -9999.0 -9999.0 -9999.0 -9999.0 -9999.0 -9999.0 -9999.0 -9999.0 -9999.0 -9999.0 -9999.0 00152.308 00153.079 00153.746 00154.341 00154.870 00155.128 00156.015 00156.547 00157.062 00157.580 00157.915 00158.549 00159.088 00159.679 00160.331 00160.813 00161.459 00162.079 00162.747 00163.477 00163.899 00164.816 00165.636 00166.503 00166.943 00167.418 00167.759 00168.117 00169.351 00170.699 00172.038 00173.313 00174.391 -9999.0 -9999.0 -9999.0 -9999.0 -9999.0 -9999.0 -9999.000 00173.580 00172.520 00171.347 00169.718 00168.202 00167.834 00167.499 00167.169 00166.746 00165.868
-9999.0 -9999.0 -9999.0 -9999.0 -9999.0 -9999.0 -9999.0 -9999.0 -9999.0 -9999.0 -9999.0 -9999.0 -9999.0 -9999.0 00152.867 00153.557 00154.168 00154.729 00155.018 00155.836 00156.376 00156.895 00157.413 00157.774 00158.379 00158.903 00159.477 00160.109 00160.663 00161.242 00161.861 00162.507 00163.209 00163.881 00164.550 00165.351 00166.209 00166.920 00167.308 00167.645 00167.987 00168.757 00170.491 00172.251 00173.809 -9999.000 -9999.0 -9999.0 -9999.0 -9999.0 -9999.0 -9999.0 -9999.000 00174.287 00172.661 00170.913 00169.242 00168.097 00167.754 00167.417 00166.944 00166.498 00165.626
-9999.0 -9999.0 -9999.0 -9999.0 -9999.0 -9999.0 -9999.0 -9999.0 -9999.0 -9999.0 -9999.0 -9999.0 -9999.0 -9999.0 00152.639 00153.353 00153.971 00154.532 00154.939 00155.619 00156.180 00156.702 00157.217 00157.666 00158.138 00158.697 00159.247 00159.855 00160.492 00160.989 00161.633 00162.262 00162.942 00163.691 00163.913 00165.045 00165.878 00166.766 00167.180 00167.512 00167.851 00168.272 00169.766 00171.360 00173.086 -9999.000 -9999.0 -9999.0 -9999.0 -9999.0 -9999.0 -9999.0 -9999.0 00173.684 00172.020 00170.365 00168.706 00167.976 00167.633 00167.296 00166.917 00166.177 00165.317
-9999.0 -9999.0 -9999.0 -9999.0 -9999.0 -9999.0 -9999.0 -9999.0 -9999.0 -9999.0 -9999.0 -9999.0 -9999.0 -9999.0 00152.377 00153.107 00153.754 00154.329 00154.857 00155.068 00155.967 00156.500 00157.016 00157.536 00157.839 00158.492 00159.020 00159.598 00160.235 00160.743 00161.356 00161.961 00162.613 00163.320 00163.888 00164.649 00165.453 00166.307 00166.928 00167.341 00167.679 00168.022 00168.837 00170.465 00172.019 00173.547 -9999.000 -9999.0 -9999.0 -9999.0 -9999.0 -9999.0 -9999.000 00172.782 00171.156 00169.561 00168.160 00167.821 00167.485 00167.155 00166.709 00165.832 00165.010
-9999.0 -9999.0 -9999.0 -9999.0 -9999.0 -9999.0 -9999.0 -9999.0 -9999.0 -9999.0 -9999.0 -9999.0 -9999.0 -9999.0 -9999.0 00152.841 00153.509 00154.105 00154.650 00154.976 00155.712 00156.254 00156.771 00157.282 00157.699 00158.219 00158.746 00159.299 00159.907 00160.522 00161.023 00161.655 00162.278 00162.948 00163.688 00163.912 00165.028 00165.856 00166.708 00167.145 00167.464 00167.787 00168.115 00169.236 00170.792 00172.347 00173.855 -9999.0 -9999.0 -9999.0 -9999.0 -9999.000 00173.296 00171.697 00170.139 00168.579 00167.950 00167.619 00167.289 00166.917 00166.188 00165.343 00164.558
-9999.0 -9999.0 -9999.0 -9999.0 -9999.0 -9999.0 -9999.0 -9999.0 -9999.0 -9999.0 -9999.0 -9999.0 -9999.0 -9999.0 -9999.0 00152.548 00153.250 00153.853 00154.397 00154.875 00155.078 00155.990 00156.514 00157.022 00157.534 00157.836 00158.484 00159.008 00159.582 00160.215 00160.728 00161.330 00161.933 00162.565 00163.239 00163.881 00164.507 00165.269 00166.082 00166.906 00167.226 00167.539 00167.859 00168.230 00169.593 00171.106 00172.675 -9999.000 -9999.0 -9999.0 -9999.0 00173.818 00172.254 00170.652 00169.016 00168.064 00167.730 00167.402 00166.943 00166.517 00165.668 00164.866 00163.894
-9999.0 -9999.0 -9999.0 -9999.0 -9999.0 -9999.0 -9999.0 -9999.0 -9999.0 -9999.0 -9999.0 -9999.0 -9999.0 -9999.0 -9999.0 00152.221 00152.934 00153.565 00154.131 00154.648 00154.973 00155.697 00156.237 00156.751 00157.260 00157.684 00158.177 00158.716 00159.245 00159.824 00160.451 00160.899 00161.524 00162.115 00162.749 00163.440 00163.894 00164.702 00165.465 00166.272 00166.920 00167.289 00167.604 00167.925 00168.456 00169.923 00171.422 00172.987 -9999.000 -9999.0 -9999.000 00172.798 00171.191 00169.625 00168.212 00167.843 00167.512 00167.189 00166.815 00165.950 00165.135 00164.348 00163.308
-9999.0 -9999.0 -9999.0 -9999.0 -9999.0 -9999.0 -9999.0 -9999.0 -9999.0 -9999.0 -9999.0 -9999.0 -9999.0 -9999.0 -9999.0 -9999.0 00152.581 00153.250 00153.842 00154.378 00154.863 00155.063 00155.946 00156.458 00156.953 00157.450 00157.782 00158.372 00158.871 00159.415 00160.007 00160.571 00161.074 00161.679 00162.273 00162.910 00163.608 00163.904 00164.855 00165.627 00166.443 00166.935 00167.354 00167.670 00167.990 00168.659 00170.188 00171.578 00172.841 -9999.000 00172.777 00171.451 00170.093 00168.547 00167.943 00167.618 00167.297 00166.920 00166.236 00165.405 00164.623 00163.777 00162.476
-9999.0 -9999.0 -9999.0 -9999.0 -9999.0 -9999.0 -9999.0 -9999.0 -9999.0 -9999.0 -9999.0 -9999.0 -9999.0 -9999.0 -9999.0 -9999.0 00152.211 00152.910 00153.530 00154.086 00154.594 00154.938 00155.459 00156.104 00156.607 00157.099 00157.586 00157.892 00158.508 00159.015 00159.564 00160.163 00160.672 00161.215 00161.798 00162.400 00163.045 00163.757 00163.914 00165.012 00165.789 00166.617 00166.951 00167.405 00167.715 00168.035 00168.625 00169.848 00170.899 00172.112 00170.903 00169.808 00168.541 00167.997 00167.700 00167.376 00166.938 00166.482 00165.655 00164.872 00163.896 00162.893 00161.722
