examples/flatland/Outputs/centerIgnit/c_atmRAWS/clockwise/3hr/flatland_centerIgnit_counterClockwise3hr_atmRAWS/flatland_centerIgnit_counterClockwise3hr_atmRAWS_ArrivalTime.asc
NCOLS 100
NROWS 100
XLLCORNER 20000.000000
YLLCORNER 20000.000000
CELLSIZE 30.000000
NODATA_VALUE -9999.0
[rows 28 to 55 of 100, columns 0 to 62 of 100]
-9999.0 -9999.0 -9999.0 -9999.0 -9999.0 -9999.0 -9999.0 -9999.0 -9999.0 -9999.0 -9999.0 -9999.0 -9999.0 -9999.0 -9999.0 -9999.0 00407.708 00395.019 00382.474 00370.058 00358.151 00348.149 00338.231 00328.507 00318.892 00309.369 00300.161 00291.014 00281.963 00272.991 00264.081 00255.267 00246.517 00237.982 00229.693 00221.473 00213.430 00205.414 00197.888 00191.122 00184.289 00177.663 00171.013 00165.907 00160.842 00157.005 00153.630 00150.778 00149.489 00151.377 00153.519 00156.257 00160.098 00164.200 00169.588 00175.392 00182.147 00193.420 00205.574 00218.271 00231.664 00245.267 00259.020
-9999.0 -9999.0 -9999.0 -9999.0 -9999.0 -9999.0 -9999.0 -9999.0 -9999.0 -9999.0 -9999.0 -9999.0 -9999.0 -9999.0 -9999.0 00414.969 00402.034 00389.238 00376.570 00364.018 00352.733 00342.745 00332.862 00323.069 00313.357 00303.863 00294.418 00285.160 00276.119 00267.145 00258.270 00249.455 00240.719 00232.056 00223.447 00215.220 00207.065 00199.043 00191.094 00183.132 00176.123 00169.087 00162.459 00156.790 00151.752 00147.564 00144.034 00141.112 00139.643 00141.622 00143.906 00146.670 00150.734 00155.016 00160.661 00166.573 00172.917 00181.211 00193.364 00206.341 00219.664 00233.149 00246.818
-9999.0 -9999.0 -9999.0 -9999.0 -9999.0 -9999.0 -9999.0 -9999.0 -9999.0 -9999.0 -9999.0 -9999.0 -9999.0 -9999.0 -9999.0 00409.923 00397.034 00384.282 00371.660 00359.271 00348.606 00338.021 00327.534 00317.777 00308.098 00298.492 00288.992 00279.660 00270.391 00261.375 00252.505 00243.721 00235.003 00226.339 00217.748 00209.216 00200.879 00192.816 00184.587 00176.002 00167.748 00160.688 00153.950 00147.714 00142.704 00138.166 00134.519 00131.504 00129.850 00131.923 00134.340 00137.372 00141.417 00146.152 00151.823 00157.782 00164.948 00172.853 00181.467 00194.522 00207.764 00221.153 00234.909
-9999.0 -9999.0 -9999.0 -9999.0 -9999.0 -9999.0 -9999.0 -9999.0 -9999.0 -9999.0 -9999.0 -9999.0 -9999.0 -9999.0 00418.119 00405.127 00392.278 00379.562 00366.982 00355.238 00344.550 00333.961 00323.492 00313.105 00302.856 00293.273 00283.781 00274.357 00265.063 00255.903 00246.820 00238.042 00229.317 00220.679 00212.102 00203.580 00195.137 00186.563 00177.940 00168.730 00159.656 00152.378 00145.492 00138.890 00133.699 00128.811 00125.194 00121.972 00120.109 00122.299 00124.822 00128.120 00132.145 00137.342 00143.094 00149.154 00157.036 00164.950 00173.329 00182.837 00195.964 00209.265 00223.287
-9999.0 -9999.0 -9999.0 -9999.0 -9999.0 -9999.0 -9999.0 -9999.0 -9999.0 -9999.0 -9999.0 -9999.0 -9999.0 -9999.0 00413.834 00400.887 00388.080 00375.402 00362.846 00351.558 00340.723 00330.022 00319.552 00309.171 00298.883 00288.668 00278.622 00269.223 00259.899 00250.654 00241.572 00232.567 00223.718 00215.082 00206.509 00198.014 00189.527 00180.713 00170.850 00161.576 00152.476 00144.088 00137.155 00130.504 00124.737 00119.786 00115.897 00112.497 00110.387 00112.731 00115.332 00118.910 00122.968 00128.588 00134.381 00141.337 00149.190 00157.280 00165.732 00174.247 00184.286 00197.699 00211.793
-9999.0 -9999.0 -9999.0 -9999.0 -9999.0 -9999.0 -9999.0 -9999.0 -9999.0 -9999.0 -9999.0 -9999.0 -9999.0 -9999.0 00409.633 00396.741 00383.987 00371.359 00358.952 00347.974 00337.170 00326.461 00315.845 00305.321 00295.026 00284.838 00274.722 00264.676 00254.814 00245.605 00236.465 00227.394 00218.471 00209.604 00200.975 00192.484 00183.730 00174.196 00164.230 00154.501 00145.353 00136.303 00128.914 00122.176 00115.801 00110.863 00106.613 00103.090 00100.685 00103.236 00105.856 00109.712 00114.259 00119.918 00125.751 00133.560 00141.385 00149.737 00158.176 00166.660 00175.205 00186.391 00200.446
-9999.0 -9999.0 -9999.0 -9999.0 -9999.0 -9999.0 -9999.0 -9999.0 -9999.0 -9999.0 -9999.0 -9999.0 -9999.0 00419.529 00406.533 00393.687 00380.974 00368.385 00356.263 00345.024 00333.882 00322.938 00312.351 00301.857 00291.432 00281.095 00270.940 00260.925 00250.988 00241.128 00231.427 00222.383 00213.406 00204.512 00195.738 00186.834 00177.665 00167.620 00157.647 00147.779 00138.330 00129.268 00120.673 00113.900 00107.288 00101.950 00097.336 00093.708 00090.981 00093.731 00096.552 00100.524 00105.581 00111.248 00118.032 00125.823 00133.892 00142.247 00150.655 00159.114 00167.843 00176.854 00189.153
-9999.0 -9999.0 -9999.0 -9999.0 -9999.0 -9999.0 -9999.0 -9999.0 -9999.0 -9999.0 -9999.0 -9999.0 -9999.0 00416.535 00403.587 00390.778 00378.101 00365.546 00353.682 00342.419 00331.274 00320.255 00309.329 00298.487 00288.009 00277.697 00267.466 00257.317 00247.305 00237.469 00227.693 00217.974 00208.425 00199.535 00190.718 00181.508 00171.148 00161.079 00151.130 00141.244 00131.473 00122.304 00113.272 00105.659 00099.011 00093.042 00088.143 00084.328 00081.286 00084.203 00087.389 00091.346 00096.919 00102.569 00110.339 00118.162 00126.451 00134.790 00143.169 00151.651 00160.566 00169.552 00179.827
-9999.0 -9999.0 -9999.0 -9999.0 -9999.0 -9999.0 -9999.0 -9999.0 -9999.0 -9999.0 -9999.0 -9999.0 -9999.0 00413.760 00400.905 00388.190 00375.603 00363.138 00351.341 00339.916 00328.778 00317.741 00306.805 00295.967 00285.233 00274.578 00264.094 00253.973 00243.936 00233.965 00224.075 00214.387 00204.759 00195.188 00185.476 00175.608 00165.019 00154.579 00144.638 00134.786 00125.002 00115.359 00106.339 00097.379 00090.758 00084.167 00079.262 00075.018 00071.605 00074.735 00078.241 00082.653 00088.267 00094.864 00102.663 00110.764 00119.050 00127.360 00135.716 00144.432 00153.313 00163.081 00173.771
-9999.0 -9999.0 -9999.0 -9999.0 -9999.0 -9999.0 -9999.0 -9999.0 -9999.0 -9999.0 -9999.0 -9999.0 -9999.0 00411.762 00398.931 00386.235 00373.667 00361.220 00349.563 00338.094 00326.730 00315.469 00304.355 00293.511 00282.772 00272.121 00261.568 00251.101 00240.718 00230.665 00220.784 00210.975 00201.241 00191.669 00181.588 00169.644 00158.892 00148.422 00138.184 00128.345 00118.575 00108.848 00099.428 00090.392 00082.507 00075.935 00070.391 00065.807 00061.935 00065.354 00069.103 00074.026 00079.622 00087.220 00095.123 00103.382 00111.663 00119.963 00128.440 00137.230 00146.438 00157.084 00167.903
-9999.0 -9999.0 -9999.0 -9999.0 -9999.0 -9999.0 -9999.0 -9999.0 -9999.0 -9999.0 -9999.0 -9999.0 -9999.0 00409.858 00397.123 00384.522 00372.046 00359.703 00347.969 00336.348 00324.985 00313.741 00302.598 00291.533 00280.568 00269.721 00259.175 00248.721 00238.356 00228.060 00217.833 00207.727 00198.007 00188.195 00177.400 00165.109 00152.896 00142.349 00131.984 00121.944 00112.176 00102.438 00092.745 00083.516 00074.440 00067.701 00061.528 00056.766 00052.307 00056.129 00059.975 00065.404 00071.783 00079.612 00087.762 00096.017 00104.287 00112.580 00121.291 00130.045 00140.523 00151.234 00162.105
-9999.0 -9999.0 -9999.0 -9999.0 -9999.0 -9999.0 -9999.0 -9999.0 -9999.0 -9999.0 -9999.0 -9999.0 -9999.0 00408.536 00395.816 00383.231 00370.776 00358.541 00346.771 00335.161 00323.659 00312.262 00300.969 00289.843 00278.892 00268.030 00257.259 00246.580 00235.999 00225.720 00215.511 00205.373 00195.304 00184.881 00173.137 00160.663 00148.421 00136.283 00125.949 00115.677 00105.787 00096.058 00086.353 00076.689 00067.613 00059.466 00053.006 00047.868 00042.741 00046.980 00051.298 00056.801 00064.216 00072.195 00080.420 00088.662 00096.924 00105.431 00114.124 00124.089 00134.716 00145.469 00157.287
-9999.0 -9999.0 -9999.0 -9999.0 -9999.0 -9999.0 -9999.0 -9999.0 -9999.0 -9999.0 -9999.0 -9999.0 -9999.0 00407.533 00394.912 00382.426 00370.061 00357.851 00346.004 00334.270 00322.646 00311.128 00299.819 00288.628 00277.527 00266.517 00255.611 00244.948 00234.361 00223.851 00213.413 00203.070 00193.016 00182.398 00169.531 00156.418 00144.069 00131.886 00119.908 00109.636 00099.443 00089.686 00079.993 00070.324 00060.835 00051.751 00044.875 00039.052 00033.485 00037.899 00042.799 00048.890 00056.705 00064.875 00073.091 00081.322 00089.650 00098.270 00107.712 00118.339 00128.978 00140.667 00152.510
-9999.0 -9999.0 -9999.0 -9999.0 -9999.0 -9999.0 -9999.0 -9999.0 -9999.0 -9999.0 -9999.0 -9999.0 00419.610 00406.919 00394.366 00381.932 00369.599 00357.366 00345.452 00333.666 00322.006 00310.475 00299.071 00287.750 00276.527 00265.413 00254.496 00243.687 00232.953 00222.299 00211.820 00201.471 00191.189 00180.137 00166.443 00153.096 00139.833 00127.613 00115.477 00103.581 00093.393 00083.330 00073.644 00063.984 00054.373 00045.114 00036.778 00030.552 00024.425 00029.101 00034.359 00041.501 00049.449 00057.579 00065.773 00073.993 00082.495 00091.395 00102.011 00112.623 00124.202 00135.939 00148.382
-9999.0 -9999.0 -9999.0 -9999.0 -9999.0 -9999.0 -9999.0 -9999.0 -9999.0 -9999.0 -9999.0 -9999.0 00419.277 00406.572 00394.000 00381.763 00369.998 00358.127 00345.794 00333.574 00321.465 00309.883 00298.433 00287.087 00275.843 00264.704 00253.675 00242.760 00231.937 00221.223 00210.655 00200.168 00189.689 00177.986 00163.950 00150.032 00136.799 00123.654 00111.263 00099.136 00087.320 00077.214 00067.304 00057.665 00048.111 00038.641 00029.548 00022.460 00015.478 00020.533 00026.443 00034.233 00042.251 00050.333 00058.472 00066.797 00075.321 00085.727 00096.327 00107.821 00119.539 00131.931 00144.527
-9999.0 -9999.0 -9999.0 -9999.0 -9999.0 -9999.0 -9999.0 -9999.0 -9999.0 -9999.0 -9999.0 -9999.0 00419.744 00407.606 00395.607 00383.738 00371.992 00360.171 00347.844 00335.642 00323.551 00311.569 00299.694 00287.901 00276.190 00264.572 00253.047 00241.989 00231.130 00220.376 00209.720 00199.167 00188.547 00176.355 00161.932 00147.861 00134.031 00120.648 00107.556 00094.961 00082.853 00071.121 00061.104 00051.381 00041.880 00032.461 00023.151 00014.378 00006.682 00012.048 00019.277 00027.147 00035.109 00043.130 00051.236 00059.620 00069.486 00080.079 00091.500 00103.236 00115.536 00128.032 00140.805
-9999.0 -9999.0 -9999.0 -9999.0 -9999.0 -9999.0 -9999.0 -9999.0 -9999.0 -9999.0 -9999.0 -9999.0 -9999.0 00409.592 00397.615 00385.817 00374.128 00362.348 00350.102 00337.862 00325.742 00313.739 00301.853 00290.060 00278.364 00266.763 00255.258 00243.852 00232.521 00221.269 00210.093 00198.988 00187.677 00174.766 00160.235 00145.942 00131.931 00118.143 00104.576 00091.521 00078.717 00066.623 00055.007 00045.190 00035.693 00026.328 00017.046 00007.846 0.0 00000.000 00012.249 00020.104 00028.016 00035.986 00044.132 00053.320 00063.883 00075.204 00086.931 00099.055 00111.468 00125.013 00140.724
-9999.0 -9999.0 -9999.0 -9999.0 -9999.0 -9999.0 -9999.0 -9999.0 -9999.0 -9999.0 -9999.0 -9999.0 -9999.0 00411.787 00399.848 00388.103 00376.560 00364.960 00352.861 00340.558 00328.377 00316.313 00304.366 00292.509 00280.772 00269.136 00257.605 00246.180 00234.848 00223.604 00212.445 00201.374 00190.371 00177.605 00161.121 00144.652 00129.884 00115.926 00102.154 00088.649 00075.516 00062.539 00050.512 00039.123 00029.540 00020.230 00011.000 00000.000 0.0 0.0 00000.000 00013.103 00020.966 00028.911 00037.360 00047.827 00058.810 00070.484 00082.462 00094.952 00111.068 00126.739 00142.364
-9999.0 -9999.0 -9999.0 -9999.0 -9999.0 -9999.0 -9999.0 -9999.0 -9999.0 -9999.0 -9999.0 -9999.0 -9999.0 00414.275 00402.480 00390.802 00379.235 00367.774 00355.982 00343.626 00331.394 00319.282 00307.286 00295.387 00283.599 00271.911 00260.333 00248.862 00237.492 00226.207 00215.006 00203.892 00192.858 00180.963 00164.961 00148.687 00132.467 00116.203 00099.704 00085.973 00072.514 00059.311 00046.618 00034.574 00023.468 00014.159 00000.000 0.0 0.0 0.0 0.0 00000.000 00013.958 00021.865 00031.829 00042.511 00053.776 00065.600 00081.702 00097.677 00113.407 00129.059 00144.846
-9999.0 -9999.0 -9999.0 -9999.0 -9999.0 -9999.0 -9999.0 -9999.0 -9999.0 -9999.0 -9999.0 -9999.0 -9999.0 00417.030 00405.235 00393.772 00382.420 00371.152 00359.625 00347.227 00334.953 00322.799 00310.765 00298.848 00287.032 00275.317 00263.704 00252.195 00240.795 00229.482 00218.256 00207.115 00196.053 00184.458 00169.528 00153.149 00136.908 00120.815 00104.645 00088.365 00071.905 00055.944 00042.934 00030.459 00018.538 00008.129 0.0 0.0 0.0 0.0 0.0 0.0 00000.000 00015.764 00026.021 00036.967 00052.722 00069.092 00084.871 00100.706 00116.596 00132.553 00148.628
-9999.0 -9999.0 -9999.0 -9999.0 -9999.0 -9999.0 -9999.0 -9999.0 -9999.0 -9999.0 -9999.0 -9999.0 -9999.0 -9999.0 00408.624 00397.144 00385.776 00374.506 00363.302 00351.246 00338.950 00326.775 00314.718 00302.777 00290.932 00279.202 00267.573 00256.049 00244.631 00233.302 00222.062 00210.907 00199.841 00188.668 00175.200 00158.663 00142.276 00126.027 00109.875 00093.777 00077.735 00061.561 00045.196 00028.566 00013.689 00000.000 0.0 0.0 0.0 0.0 0.0 0.0 00000.000 00009.270 00024.659 00041.078 00056.897 00072.704 00088.561 00104.638 00120.782 00137.002 00153.352
-9999.0 -9999.0 -9999.0 -9999.0 -9999.0 -9999.0 -9999.0 -9999.0 -9999.0 -9999.0 -9999.0 -9999.0 -9999.0 -9999.0 00412.072 00400.604 00389.516 00378.527 00367.476 00355.840 00343.516 00331.314 00319.230 00307.261 00295.387 00283.621 00271.955 00260.395 00248.941 00237.587 00226.314 00215.125 00204.024 00192.995 00181.077 00164.884 00148.445 00132.199 00116.103 00100.071 00084.087 00068.146 00052.285 00036.668 00020.782 00000.000 0.0 0.0 0.0 0.0 0.0 0.0 0.0 00014.758 00030.657 00046.360 00062.229 00078.258 00094.337 00110.465 00126.642 00142.909 00159.313
-9999.0 -9999.0 -9999.0 -9999.0 -9999.0 -9999.0 -9999.0 -9999.0 -9999.0 -9999.0 -9999.0 -9999.0 -9999.0 -9999.0 00415.995 00404.758 00393.630 00382.667 00371.825 00360.631 00348.314 00336.051 00323.907 00311.878 00300.047 00288.349 00276.751 00265.254 00253.859 00242.572 00231.364 00220.251 00209.222 00198.277 00187.055 00173.130 00156.707 00140.440 00124.300 00108.216 00092.181 00076.184 00060.373 00045.341 00030.557 00016.047 00000.000 0.0 0.0 0.0 0.0 0.0 00000.000 00023.510 00038.669 00054.081 00069.744 00085.519 00101.364 00117.276 00133.218 00149.290 00165.603
-9999.0 -9999.0 -9999.0 -9999.0 -9999.0 -9999.0 -9999.0 -9999.0 -9999.0 -9999.0 -9999.0 -9999.0 -9999.0 -9999.0 -9999.0 00409.015 00397.949 00386.982 00376.136 00365.513 00353.984 00341.782 00329.700 00317.735 00305.885 00294.124 00282.477 00270.935 00259.497 00248.183 00236.999 00225.895 00214.870 00203.927 00193.049 00181.290 00165.262 00148.852 00133.227 00117.763 00102.382 00087.078 00071.862 00056.822 00042.044 00027.477 00013.100 0.0 0.0 0.0 0.0 00000.000 00018.458 00033.391 00048.555 00063.926 00079.428 00095.011 00110.818 00126.693 00142.680 00158.811 00175.075
-9999.0 -9999.0 -9999.0 -9999.0 -9999.0 -9999.0 -9999.0 -9999.0 -9999.0 -9999.0 -9999.0 -9999.0 -9999.0 -9999.0 -9999.0 00413.430 00402.363 00391.780 00381.294 00370.854 00360.052 00347.795 00335.709 00323.751 00311.908 00300.175 00288.540 00277.000 00265.558 00254.214 00242.971 00231.805 00220.725 00209.988 00199.427 00188.771 00176.101 00160.306 00144.658 00129.144 00113.850 00098.744 00083.692 00068.686 00053.759 00039.034 00024.493 00000.000 0.0 0.0 0.0 00013.448 00028.323 00043.398 00058.697 00074.173 00089.703 00105.285 00120.921 00136.640 00152.499 00168.492 00185.760
-9999.0 -9999.0 -9999.0 -9999.0 -9999.0 -9999.0 -9999.0 -9999.0 -9999.0 -9999.0 -9999.0 -9999.0 -9999.0 -9999.0 -9999.0 00418.339 00407.610 00396.999 00386.483 00376.152 00365.705 00354.328 00342.204 00330.195 00318.292 00306.494 00294.785 00283.184 00271.991 00260.919 00249.955 00239.095 00228.321 00217.636 00207.065 00196.564 00185.634 00171.952 00156.456 00141.089 00125.862 00110.726 00095.639 00080.598 00065.605 00050.712 00036.025 00021.582 00000.000 0.0 00000.000 00023.367 00038.343 00053.501 00068.935 00084.449 00100.009 00115.623 00131.292 00147.085 00163.014 00179.068 00198.423
-9999.0 -9999.0 -9999.0 -9999.0 -9999.0 -9999.0 -9999.0 -9999.0 -9999.0 -9999.0 -9999.0 -9999.0 -9999.0 -9999.0 -9999.0 -9999.0 00412.923 00402.332 00391.959 00381.673 00371.514 00360.894 00348.820 00337.031 00325.391 00313.861 00302.438 00291.104 00279.880 00268.757 00257.786 00246.916 00236.131 00225.424 00214.924 00204.513 00194.166 00183.142 00168.718 00153.270 00137.940 00122.742 00107.623 00092.552 00077.618 00062.872 00048.143 00034.567 00023.032 00000.000 00023.598 00035.835 00049.097 00064.423 00079.757 00095.056 00110.384 00126.028 00141.759 00157.620 00173.628 00191.753 00211.435
-9999.0 -9999.0 -9999.0 -9999.0 -9999.0 -9999.0 -9999.0 -9999.0 -9999.0 -9999.0 -9999.0 -9999.0 -9999.0 -9999.0 -9999.0 -9999.0 00418.480 00407.966 00397.614 00387.356 00377.253 00367.540 00357.077 00345.247 00333.533 00321.933 00310.508 00299.197 00287.977 00276.848 00265.882 00255.081 00244.375 00233.746 00223.207 00212.746 00202.361 00192.036 00180.790 00165.542 00150.130 00134.846 00119.957 00105.202 00090.413 00075.571 00063.365 00051.494 00041.172 00029.920 00041.136 00051.884 00064.519 00077.306 00091.175 00106.563 00121.908 00137.268 00152.756 00168.372 00185.269 00204.783 00224.622
