examples/flatland/Outputs/centerIgnit/c_atmRAWS/clockwise/3hr/flatland_centerIgnit_counterClockwise3hr_atmRAWS/flatland_centerIgnit_counterClockwise3hr_atmRAWS_SpreadRate.asc
NCOLS 100
NROWS 100
XLLCORNER 20000.000000
YLLCORNER 20000.000000
CELLSIZE 30.000000
NODATA_VALUE -9999.0
[rows 31 to 61 of 100, columns 0 to 70 of 100]
-9999.0 -9999.0 -9999.0 -9999.0 -9999.0 -9999.0 -9999.0 -9999.0 -9999.0 -9999.0 -9999.0 -9999.0 -9999.0 -9999.0 02.18 02.20 02.23 02.25 02.40 02.63 02.65 02.68 02.70 02.73 02.75 02.77 02.79 02.81 02.84 02.86 02.88 02.89 02.91 02.93 02.94 02.96 02.97 02.80 02.56 02.61 02.69 02.75 02.81 02.88 02.93 02.97 03.01 03.06 03.09 03.06 03.03 03.00 02.96 02.91 02.84 02.77 02.71 02.67 02.64 02.37 01.70 01.67 01.64 01.60 01.55 01.51 01.46 01.43 01.40 01.37 01.25
-9999.0 -9999.0 -9999.0 -9999.0 -9999.0 -9999.0 -9999.0 -9999.0 -9999.0 -9999.0 -9999.0 -9999.0 -9999.0 -9999.0 02.20 02.23 02.25 02.28 02.52 02.63 02.65 02.68 02.70 02.73 02.75 02.78 02.80 02.82 02.85 02.87 02.88 02.90 02.92 02.94 02.96 02.97 02.93 02.53 02.55 02.58 02.65 02.73 02.80 02.87 02.92 02.96 03.01 03.05 03.10 03.06 03.03 03.00 02.96 02.90 02.82 02.76 02.72 02.67 02.64 02.63 02.23 01.68 01.64 01.59 01.55 01.51 01.47 01.43 01.40 01.37 01.33
-9999.0 -9999.0 -9999.0 -9999.0 -9999.0 -9999.0 -9999.0 -9999.0 -9999.0 -9999.0 -9999.0 -9999.0 -9999.0 -9999.0 02.24 02.27 02.28 02.32 02.59 02.63 02.66 02.68 02.71 02.73 02.75 02.78 02.80 02.83 02.85 02.87 02.89 02.91 02.93 02.95 02.97 02.97 02.66 02.51 02.54 02.57 02.61 02.70 02.77 02.85 02.91 02.96 03.01 03.06 03.10 03.07 03.04 02.99 02.94 02.88 02.80 02.76 02.71 02.67 02.65 02.64 02.61 02.03 01.63 01.58 01.54 01.50 01.47 01.43 01.40 01.36 01.33
-9999.0 -9999.0 -9999.0 -9999.0 -9999.0 -9999.0 -9999.0 -9999.0 -9999.0 -9999.0 -9999.0 -9999.0 -9999.0 02.23 02.27 02.29 02.31 02.40 02.60 02.63 02.66 02.68 02.71 02.73 02.76 02.78 02.81 02.83 02.86 02.88 02.90 02.92 02.94 02.96 02.97 02.80 02.49 02.51 02.53 02.57 02.61 02.67 02.73 02.82 02.89 02.95 03.01 03.06 03.11 03.07 03.04 02.98 02.92 02.86 02.78 02.74 02.71 02.68 02.66 02.64 02.61 02.57 01.72 01.57 01.53 01.50 01.47 01.43 01.39 01.36 01.33
-9999.0 -9999.0 -9999.0 -9999.0 -9999.0 -9999.0 -9999.0 -9999.0 -9999.0 -9999.0 -9999.0 -9999.0 -9999.0 02.26 02.29 02.32 02.34 02.47 02.60 02.62 02.65 02.68 02.71 02.73 02.76 02.78 02.81 02.83 02.86 02.88 02.90 02.92 02.95 02.97 02.97 02.52 02.48 02.52 02.54 02.55 02.60 02.65 02.70 02.78 02.85 02.93 03.00 03.06 03.12 03.07 03.02 02.97 02.90 02.84 02.78 02.73 02.70 02.69 02.67 02.63 02.59 02.53 02.46 01.56 01.52 01.48 01.45 01.42 01.38 01.35 01.32
-9999.0 -9999.0 -9999.0 -9999.0 -9999.0 -9999.0 -9999.0 -9999.0 -9999.0 -9999.0 -9999.0 -9999.0 -9999.0 02.29 02.32 02.34 02.37 02.51 02.59 02.62 02.64 02.67 02.70 02.72 02.75 02.78 02.81 02.83 02.85 02.88 02.90 02.92 02.95 02.96 02.67 02.42 02.47 02.50 02.54 02.56 02.58 02.62 02.68 02.76 02.83 02.91 02.97 03.05 03.12 03.07 03.01 02.95 02.88 02.82 02.75 02.72 02.70 02.70 02.67 02.62 02.58 02.51 02.44 01.80 01.51 01.48 01.44 01.41 01.38 01.35 01.32
-9999.0 -9999.0 -9999.0 -9999.0 -9999.0 -9999.0 -9999.0 -9999.0 -9999.0 -9999.0 -9999.0 -9999.0 -9999.0 02.31 02.34 02.36 02.39 02.53 02.58 02.61 02.64 02.67 02.69 02.72 02.74 02.77 02.80 02.83 02.85 02.87 02.90 02.92 02.95 02.95 02.41 02.37 02.44 02.49 02.53 02.57 02.57 02.60 02.65 02.72 02.80 02.88 02.95 03.04 03.14 03.06 03.00 02.93 02.86 02.79 02.73 02.71 02.71 02.69 02.66 02.61 02.56 02.48 02.41 02.36 01.51 01.47 01.44 01.41 01.38 01.34 01.32
-9999.0 -9999.0 -9999.0 -9999.0 -9999.0 -9999.0 -9999.0 -9999.0 -9999.0 -9999.0 -9999.0 -9999.0 -9999.0 02.33 02.36 02.38 02.41 02.53 02.58 02.60 02.63 02.66 02.68 02.71 02.73 02.76 02.79 02.82 02.84 02.87 02.89 02.92 02.94 02.79 02.28 02.34 02.42 02.47 02.52 02.55 02.58 02.58 02.62 02.68 02.76 02.85 02.95 03.04 03.17 03.08 03.00 02.91 02.83 02.76 02.72 02.71 02.71 02.68 02.63 02.60 02.51 02.44 02.38 02.34 01.58 01.46 01.43 01.40 01.37 01.34 01.31
-9999.0 -9999.0 -9999.0 -9999.0 -9999.0 -9999.0 -9999.0 -9999.0 -9999.0 -9999.0 -9999.0 -9999.0 -9999.0 02.35 02.38 02.40 02.44 02.53 02.56 02.59 02.62 02.65 02.67 02.70 02.73 02.75 02.78 02.81 02.83 02.86 02.88 02.91 02.92 02.54 02.24 02.29 02.36 02.45 02.49 02.53 02.57 02.58 02.59 02.63 02.72 02.82 02.95 03.06 03.20 03.10 03.01 02.90 02.80 02.74 02.72 02.72 02.70 02.65 02.60 02.54 02.46 02.41 02.36 02.31 02.06 01.45 01.42 01.39 01.36 01.33 01.30
-9999.0 -9999.0 -9999.0 -9999.0 -9999.0 -9999.0 -9999.0 -9999.0 -9999.0 -9999.0 -9999.0 -9999.0 -9999.0 02.37 02.40 02.42 02.45 02.52 02.55 02.58 02.61 02.64 02.65 02.69 02.71 02.74 02.77 02.80 02.82 02.85 02.87 02.90 02.90 02.33 02.21 02.25 02.30 02.38 02.45 02.49 02.55 02.59 02.59 02.61 02.67 02.79 02.91 03.04 03.23 03.09 02.99 02.88 02.78 02.74 02.73 02.72 02.69 02.62 02.56 02.49 02.43 02.38 02.33 02.28 02.23 01.44 01.41 01.37 01.34 01.31 01.27
-9999.0 -9999.0 -9999.0 -9999.0 -9999.0 -9999.0 -9999.0 -9999.0 -9999.0 -9999.0 -9999.0 -9999.0 02.35 02.39 02.42 02.45 02.48 02.48 02.52 02.55 02.59 02.63 02.64 02.66 02.69 02.73 02.76 02.78 02.81 02.83 02.86 02.89 02.88 02.13 02.17 02.22 02.26 02.31 02.39 02.44 02.51 02.57 02.60 02.61 02.65 02.74 02.87 03.01 03.25 03.09 02.97 02.85 02.78 02.75 02.74 02.71 02.65 02.58 02.51 02.46 02.39 02.35 02.30 02.23 02.16 01.42 01.38 01.34 01.31 01.28 01.25
-9999.0 -9999.0 -9999.0 -9999.0 -9999.0 -9999.0 -9999.0 -9999.0 -9999.0 -9999.0 -9999.0 -9999.0 02.38 02.42 02.46 02.49 02.50 02.44 02.47 02.51 02.54 02.57 02.60 02.62 02.65 02.69 02.72 02.75 02.78 02.82 02.85 02.87 02.81 02.09 02.14 02.18 02.23 02.27 02.33 02.39 02.46 02.53 02.59 02.62 02.65 02.69 02.82 03.00 03.26 03.08 02.94 02.82 02.80 02.78 02.75 02.69 02.61 02.53 02.47 02.41 02.35 02.32 02.24 02.14 02.08 01.52 01.34 01.32 01.29 01.26 01.23
-9999.0 -9999.0 -9999.0 -9999.0 -9999.0 -9999.0 -9999.0 -9999.0 -9999.0 -9999.0 -9999.0 -9999.0 02.40 02.45 02.48 02.51 02.53 02.38 02.42 02.45 02.48 02.51 02.53 02.58 02.61 02.64 02.68 02.70 02.73 02.76 02.80 02.83 02.69 02.02 02.08 02.15 02.19 02.22 02.28 02.33 02.40 02.47 02.56 02.64 02.66 02.69 02.73 02.86 03.25 03.00 02.88 02.84 02.81 02.79 02.76 02.65 02.55 02.48 02.42 02.35 02.27 02.22 02.12 02.05 01.99 01.40 01.32 01.30 01.28 01.25 01.23
-9999.0 -9999.0 -9999.0 -9999.0 -9999.0 -9999.0 -9999.0 -9999.0 -9999.0 -9999.0 -9999.0 -9999.0 -9999.0 02.47 02.50 02.52 02.54 02.40 02.40 02.42 02.45 02.47 02.49 02.53 02.56 02.58 02.61 02.64 02.67 02.69 02.72 02.75 02.53 01.94 01.99 02.06 02.15 02.15 02.23 02.28 02.33 02.40 02.51 02.62 02.68 02.70 02.73 02.75 -9999.0 -9999.00 02.87 02.85 02.83 02.81 02.72 02.61 02.50 02.41 02.36 02.24 02.17 02.07 02.01 01.95 01.90 01.33 01.30 01.28 01.26 01.24 01.22
-9999.0 -9999.0 -9999.0 -9999.0 -9999.0 -9999.0 -9999.0 -9999.0 -9999.0 -9999.0 -9999.0 -9999.0 -9999.0 02.47 02.50 02.53 02.55 02.43 02.37 02.39 02.42 02.44 02.46 02.49 02.51 02.54 02.56 02.58 02.60 02.62 02.64 02.66 02.65 01.86 01.90 01.95 02.01 02.05 02.11 02.21 02.25 02.33 02.44 02.55 02.69 02.72 02.74 -9999.00 -9999.0 -9999.0 -9999.00 02.87 02.85 02.80 02.66 02.57 02.40 02.27 02.21 02.11 02.03 01.93 01.90 01.87 01.84 01.31 01.29 01.27 01.25 01.23 01.21
-9999.0 -9999.0 -9999.0 -9999.0 -9999.0 -9999.0 -9999.0 -9999.0 -9999.0 -9999.0 -9999.0 -9999.0 -9999.0 02.48 02.50 02.53 02.55 02.48 02.34 02.36 02.39 02.41 02.43 02.45 02.48 02.50 02.52 02.55 02.57 02.59 02.61 02.63 02.63 01.84 01.80 01.83 01.86 01.94 01.99 02.05 02.11 02.19 02.36 02.42 02.62 02.73 -9999.00 -9999.0 -9999.0 -9999.0 -9999.0 -9999.00 02.87 02.77 02.51 02.43 02.25 02.13 02.02 01.96 01.90 01.87 01.84 01.82 01.80 01.30 01.28 01.26 01.24 01.22 01.20
-9999.0 -9999.0 -9999.0 -9999.0 -9999.0 -9999.0 -9999.0 -9999.0 -9999.0 -9999.0 -9999.0 -9999.0 -9999.0 02.48 02.50 02.53 02.56 02.56 02.30 02.34 02.36 02.38 02.41 02.42 02.45 02.47 02.49 02.52 02.53 02.55 02.57 02.59 02.59 02.09 01.74 01.76 01.78 01.78 01.85 01.88 01.95 02.03 02.15 02.23 02.45 02.74 -9999.0 -9999.0 -9999.0 -9999.0 -9999.0 -9999.0 -9999.00 02.60 02.35 02.20 02.06 01.97 01.85 01.85 01.83 01.82 01.80 01.78 01.68 01.29 01.27 01.25 01.23 01.21 01.19
-9999.0 -9999.0 -9999.0 -9999.0 -9999.0 -9999.0 -9999.0 -9999.0 -9999.0 -9999.0 -9999.0 -9999.0 -9999.0 -9999.0 02.50 02.53 02.56 02.58 02.36 02.31 02.33 02.35 02.37 02.39 02.41 02.43 02.45 02.48 02.50 02.51 02.53 02.54 02.56 02.40 01.70 01.72 01.73 01.74 01.75 01.75 01.76 01.85 01.90 02.02 02.15 -9999.00 -9999.0 -9999.0 -9999.0 -9999.0 -9999.0 -9999.0 -9999.00 02.32 02.10 01.92 01.86 01.82 01.80 01.79 01.78 01.77 01.75 01.74 01.38 01.28 01.26 01.24 01.22 01.20 01.18
-9999.0 -9999.0 -9999.0 -9999.0 -9999.0 -9999.0 -9999.0 -9999.0 -9999.0 -9999.0 -9999.0 -9999.0 -9999.0 -9999.0 02.50 02.53 02.56 02.58 02.46 02.27 02.29 02.31 02.33 02.35 02.37 02.39 02.41 02.43 02.45 02.46 02.48 02.50 02.52 02.51 01.74 01.68 01.69 01.69 01.70 01.70 01.70 01.71 01.72 01.78 01.81 -9999.00 -9999.0 -9999.0 -9999.0 -9999.0 -9999.0 -9999.0 -9999.0 01.85 01.85 01.77 01.75 01.74 01.74 01.73 01.73 01.71 01.70 01.69 01.29 01.27 01.25 01.23 01.21 01.19 01.17
-9999.0 -9999.0 -9999.0 -9999.0 -9999.0 -9999.0 -9999.0 -9999.0 -9999.0 -9999.0 -9999.0 -9999.0 -9999.0 -9999.0 02.50 02.53 02.55 02.57 02.59 02.24 02.25 02.27 02.29 02.31 02.32 02.35 02.36 02.38 02.40 02.41 02.43 02.45 02.47 02.47 02.18 01.63 01.64 01.65 01.65 01.65 01.65 01.64 01.64 01.65 01.66 01.65 -9999.00 -9999.0 -9999.0 -9999.0 -9999.0 -9999.0 -9999.00 01.70 01.70 01.69 01.68 01.68 01.68 01.68 01.66 01.65 01.65 01.54 01.28 01.26 01.24 01.22 01.20 01.18 01.15
-9999.0 -9999.0 -9999.0 -9999.0 -9999.0 -9999.0 -9999.0 -9999.0 -9999.0 -9999.0 -9999.0 -9999.0 -9999.0 -9999.0 -9999.0 02.52 02.55 02.57 02.59 02.38 02.22 02.24 02.26 02.28 02.29 02.31 02.32 02.34 02.36 02.38 02.39 02.40 02.41 02.43 02.41 01.68 01.58 01.59 01.60 01.61 01.60 01.59 01.58 01.59 01.61 01.63 01.65 -9999.0 -9999.0 -9999.0 -9999.0 -9999.00 01.69 01.67 01.65 01.63 01.62 01.63 01.63 01.63 01.62 01.61 01.59 01.28 01.26 01.25 01.23 01.21 01.19 01.17 01.14
-9999.0 -9999.0 -9999.0 -9999.0 -9999.0 -9999.0 -9999.0 -9999.0 -9999.0 -9999.0 -9999.0 -9999.0 -9999.0 -9999.0 -9999.0 02.51 02.54 02.56 02.58 02.56 02.18 02.21 02.22 02.24 02.25 02.26 02.28 02.30 02.31 02.33 02.34 02.35 02.36 02.37 02.37 02.21 01.55 01.56 01.56 01.57 01.56 01.56 01.57 01.57 01.59 01.61 01.64 -9999.00 -9999.0 -9999.0 -9999.0 01.70 01.68 01.65 01.63 01.62 01.61 01.61 01.60 01.60 01.59 01.58 01.41 01.27 01.25 01.24 01.22 01.20 01.18 01.15 01.17
-9999.0 -9999.0 -9999.0 -9999.0 -9999.0 -9999.0 -9999.0 -9999.0 -9999.0 -9999.0 -9999.0 -9999.0 -9999.0 -9999.0 -9999.0 02.51 02.53 02.56 02.58 02.59 02.37 02.17 02.19 02.20 02.21 02.22 02.24 02.25 02.26 02.27 02.28 02.29 02.29 02.29 02.30 02.30 01.93 01.53 01.53 01.54 01.55 01.56 01.56 01.57 01.57 01.59 01.61 01.62 -9999.00 -9999.0 -9999.00 01.65 01.65 01.63 01.61 01.61 01.61 01.60 01.60 01.58 01.57 01.56 01.28 01.26 01.24 01.22 01.20 01.18 01.16 01.14 01.32
-9999.0 -9999.0 -9999.0 -9999.0 -9999.0 -9999.0 -9999.0 -9999.0 -9999.0 -9999.0 -9999.0 -9999.0 -9999.0 -9999.0 -9999.0 -9999.0 02.52 02.55 02.57 02.59 02.58 02.14 02.13 02.14 02.16 02.18 02.19 02.20 02.21 02.21 02.23 02.24 02.25 02.26 02.27 02.29 02.28 01.73 01.52 01.53 01.54 01.55 01.55 01.55 01.55 01.54 01.54 01.53 01.50 -9999.00 01.50 01.55 01.56 01.56 01.57 01.58 01.58 01.58 01.58 01.57 01.56 01.29 01.27 01.25 01.23 01.21 01.19 01.17 01.15 01.15 01.34
-9999.0 -9999.0 -9999.0 -9999.0 -9999.0 -9999.0 -9999.0 -9999.0 -9999.0 -9999.0 -9999.0 -9999.0 -9999.0 -9999.0 -9999.0 -9999.0 02.51 02.53 02.56 02.58 02.59 02.40 02.09 02.10 02.12 02.13 02.14 02.15 02.17 02.18 02.19 02.21 02.22 02.23 02.25 02.26 02.28 02.27 01.56 01.52 01.53 01.53 01.53 01.52 01.51 01.49 01.47 01.46 01.44 01.40 01.44 01.46 01.48 01.50 01.52 01.54 01.56 01.56 01.55 01.54 01.41 01.27 01.25 01.24 01.22 01.20 01.18 01.16 01.14 01.37 01.35
-9999.0 -9999.0 -9999.0 -9999.0 -9999.0 -9999.0 -9999.0 -9999.0 -9999.0 -9999.0 -9999.0 -9999.0 -9999.0 -9999.0 -9999.0 -9999.0 -9999.0 02.52 02.54 02.56 02.58 02.59 02.26 02.07 02.08 02.10 02.11 02.12 02.13 02.15 02.16 02.18 02.20 02.22 02.23 02.25 02.26 02.27 02.21 01.50 01.50 01.51 01.50 01.50 01.48 01.45 01.43 01.41 01.40 01.37 01.40 01.42 01.44 01.46 01.48 01.49 01.51 01.51 01.52 01.50 01.28 01.26 01.24 01.23 01.21 01.18 01.17 01.15 01.22 01.37 01.34
-9999.0 -9999.0 -9999.0 -9999.0 -9999.0 -9999.0 -9999.0 -9999.0 -9999.0 -9999.0 -9999.0 -9999.0 -9999.0 -9999.0 -9999.0 -9999.0 -9999.0 02.48 02.53 02.55 02.57 02.58 02.58 02.12 02.05 02.07 02.08 02.10 02.11 02.13 02.15 02.17 02.18 02.20 02.20 02.22 02.22 02.23 02.23 02.07 01.47 01.46 01.45 01.45 01.43 01.42 01.40 01.38 01.37 01.35 01.37 01.39 01.41 01.42 01.44 01.45 01.46 01.47 01.47 01.29 01.27 01.25 01.23 01.21 01.19 01.18 01.15 01.13 01.39 01.37 01.34
-9999.0 -9999.0 -9999.0 -9999.0 -9999.0 -9999.0 -9999.0 -9999.0 -9999.0 -9999.0 -9999.0 -9999.0 -9999.0 -9999.0 -9999.0 -9999.0 -9999.0 -9999.0 02.51 02.53 02.55 02.57 02.58 02.47 02.01 02.04 02.06 02.08 02.10 02.11 02.13 02.14 02.15 02.16 02.17 02.17 02.18 02.18 02.17 02.16 01.92 01.43 01.42 01.41 01.40 01.39 01.38 01.37 01.36 01.34 01.36 01.37 01.39 01.40 01.41 01.42 01.42 01.43 01.30 01.28 01.26 01.24 01.22 01.20 01.18 01.16 01.14 01.37 01.39 01.36 -9999.0
-9999.0 -9999.0 -9999.0 -9999.0 -9999.0 -9999.0 -9999.0 -9999.0 -9999.0 -9999.0 -9999.0 -9999.0 -9999.0 -9999.0 -9999.0 -9999.0 -9999.0 -9999.0 -9999.0 02.51 02.53 02.55 02.57 02.58 02.38 02.02 02.04 02.06 02.07 02.08 02.09 02.10 02.11 02.12 02.13 02.13 02.13 02.12 02.10 02.09 02.08 02.04 01.44 01.38 01.37 01.37 01.36 01.35 01.34 01.33 01.34 01.36 01.37 01.37 01.38 01.39 01.38 01.32 01.29 01.27 01.25 01.23 01.21 01.19 01.17 01.15 01.22 01.40 01.38 01.35 -9999.0
-9999.0 -9999.0 -9999.0 -9999.0 -9999.0 -9999.0 -9999.0 -9999.0 -9999.0 -9999.0 -9999.0 -9999.0 -9999.0 -9999.0 -9999.0 -9999.0 -9999.0 -9999.0 -9999.0 -9999.0 02.52 02.54 02.55 02.57 02.58 02.28 02.01 02.02 02.04 02.05 02.06 02.06 02.08 02.08 02.08 02.08 02.08 02.05 02.03 02.03 02.02 02.00 01.97 01.66 01.35 01.35 01.34 01.33 01.33 01.32 01.33 01.33 01.34 01.35 01.35 01.35 01.33 01.30 01.28 01.26 01.24 01.22 01.19 01.18 01.16 01.13 01.42 01.39 01.37 -9999.0 -9999.0
-9999.0 -9999.0 -9999.0 -9999.0 -9999.0 -9999.0 -9999.0 -9999.0 -9999.0 -9999.0 -9999.0 -9999.0 -9999.0 -9999.0 -9999.0 -9999.0 -9999.0 -9999.0 -9999.0 -9999.0 02.48 02.52 02.54 02.56 02.57 02.57 02.19 01.99 02.00 02.01 02.02 02.03 02.02 02.01 02.01 02.01 01.99 01.98 01.97 01.97 01.96 01.95 01.93 01.89 01.84 01.63 01.35 01.31 01.31 01.31 01.31 01.32 01.32 01.38 01.37 01.34 01.31 01.29 01.27 01.25 01.23 01.21 01.19 01.16 01.14 01.44 01.41 01.38 -9999.0 -9999.0 -9999.0
