examples/flatland/Outputs/centerIgnit/c_atmRAWS/clockwise/3hr/flatland_centerIgnit_counterClockwise3hr_atmRAWS/flatland_centerIgnit_counterClockwise3hr_atmRAWS_HeatPerUnitArea.asc
NCOLS 100
NROWS 100
XLLCORNER 20000.000000
YLLCORNER 20000.000000
CELLSIZE 30.000000
NODATA_VALUE -9999.0
[rows 28 to 55 of 100, columns 0 to 62 of 100]
-9999.0 -9999.0 -9999.0 -9999.0 -9999.0 -9999.0 -9999.0 -9999.0 -9999.0 -9999.0 -9999.0 -9999.0 -9999.0 -9999.0 -9999.0 -9999.0 01006.654 01011.606 01015.944 01019.612 01022.405 01026.714 01029.561 01032.288 01034.988 01037.500 01038.966 01042.511 01045.112 01047.926 01050.960 01054.221 01057.075 01059.559 01062.738 01065.665 01068.759 01072.010 01075.245 01078.364 01078.872 01082.393 01084.460 01086.089 01087.723 01089.002 01090.145 01091.123 01091.531 01090.900 01090.188 01089.258 01087.960 01086.644 01084.891 01083.106 01078.951 01077.329 01071.934 01066.887 01062.014 01057.396 01052.781
-9999.0 -9999.0 -9999.0 -9999.0 -9999.0 -9999.0 -9999.0 -9999.0 -9999.0 -9999.0 -9999.0 -9999.0 -9999.0 -9999.0 -9999.0 01003.496 01008.911 01013.634 01017.850 01020.380 01025.365 01028.281 01031.061 01033.797 01036.568 01038.381 01041.361 01044.193 01046.955 01049.904 01053.065 01056.303 01058.578 01061.864 01064.967 01068.067 01071.313 01074.705 01078.377 01078.902 01082.879 01085.043 01087.210 01089.074 01090.777 01092.218 01093.489 01094.501 01094.998 01094.326 01093.519 01092.535 01091.116 01089.683 01087.783 01085.872 01083.881 01078.970 01077.338 01071.613 01066.343 01061.438 01056.996
-9999.0 -9999.0 -9999.0 -9999.0 -9999.0 -9999.0 -9999.0 -9999.0 -9999.0 -9999.0 -9999.0 -9999.0 -9999.0 -9999.0 -9999.0 01005.694 01010.839 01015.335 01019.378 01021.444 01026.587 01029.628 01032.561 01035.310 01037.706 01039.637 01043.096 01045.843 01048.782 01051.888 01055.269 01057.799 01060.717 01063.934 01067.090 01070.411 01073.865 01077.583 01078.859 01082.921 01085.486 01087.774 01090.044 01092.161 01093.936 01095.549 01096.905 01098.014 01098.596 01097.865 01096.971 01095.845 01094.384 01092.725 01090.754 01088.731 01086.411 01083.886 01078.965 01076.794 01071.012 01065.776 01060.760
-9999.0 -9999.0 -9999.0 -9999.0 -9999.0 -9999.0 -9999.0 -9999.0 -9999.0 -9999.0 -9999.0 -9999.0 -9999.0 -9999.0 01002.097 01007.693 01012.570 01016.886 01020.005 01024.610 01027.763 01030.754 01033.684 01036.645 01038.541 01041.841 01044.586 01047.509 01050.628 01053.979 01056.996 01059.534 01062.872 01065.950 01069.253 01072.756 01076.510 01078.803 01082.304 01085.162 01088.102 01090.570 01092.959 01095.276 01097.202 01098.673 01098.782 01098.879 01098.932 01098.869 01098.793 01098.694 01097.768 01095.860 01093.808 01091.642 01089.002 01086.393 01083.738 01078.936 01076.126 01070.390 01065.025
-9999.0 -9999.0 -9999.0 -9999.0 -9999.0 -9999.0 -9999.0 -9999.0 -9999.0 -9999.0 -9999.0 -9999.0 -9999.0 -9999.0 01003.999 01009.360 01014.040 01018.224 01020.499 01025.707 01028.855 01031.863 01034.798 01037.533 01039.473 01043.202 01046.176 01049.195 01052.445 01055.967 01058.358 01061.667 01064.871 01068.117 01071.535 01075.169 01078.728 01078.970 01084.503 01087.485 01090.545 01093.454 01095.927 01098.362 01098.796 01099.063 01100.495 01100.972 01101.251 01100.941 01100.572 01099.584 01098.848 01098.680 01096.963 01094.409 01091.629 01088.900 01086.133 01083.447 01078.903 01075.329 01069.380
-9999.0 -9999.0 -9999.0 -9999.0 -9999.0 -9999.0 -9999.0 -9999.0 -9999.0 -9999.0 -9999.0 -9999.0 -9999.0 -9999.0 01005.821 01010.952 01015.436 01019.419 01021.719 01026.764 01029.858 01032.858 01035.861 01038.149 01041.105 01044.285 01047.394 01050.765 01054.402 01057.320 01060.159 01063.572 01066.810 01070.247 01073.826 01077.733 01078.879 01083.464 01086.629 01089.847 01092.996 01096.252 01098.670 01098.872 01100.508 01101.178 01101.754 01102.262 01102.582 01102.221 01101.859 01101.331 01100.720 01098.984 01098.765 01097.248 01094.393 01091.444 01088.591 01085.836 01083.155 01078.848 01074.043
-9999.0 -9999.0 -9999.0 -9999.0 -9999.0 -9999.0 -9999.0 -9999.0 -9999.0 -9999.0 -9999.0 -9999.0 -9999.0 00998.482 01007.140 01012.075 01016.430 01019.814 01024.010 01027.626 01030.777 01033.832 01036.851 01038.699 01042.391 01045.390 01048.591 01052.044 01055.842 01058.474 01062.107 01065.348 01068.769 01072.371 01076.230 01078.794 01082.389 01085.520 01088.771 01092.134 01095.484 01098.659 01098.916 01100.774 01101.659 01102.397 01103.032 01103.549 01103.922 01103.546 01103.142 01102.592 01101.898 01101.132 01100.103 01098.763 01097.122 01094.081 01091.134 01088.272 01085.448 01082.654 01078.758
-9999.0 -9999.0 -9999.0 -9999.0 -9999.0 -9999.0 -9999.0 -9999.0 -9999.0 -9999.0 -9999.0 -9999.0 -9999.0 01002.801 01008.301 01013.096 01017.360 01020.165 01025.077 01028.374 01031.512 01034.598 01037.509 01039.641 01043.379 01046.463 01049.801 01053.439 01056.872 01059.762 01063.461 01067.008 01070.752 01074.473 01078.547 01078.944 01084.411 01087.643 01090.974 01094.440 01098.008 01098.867 01100.852 01101.893 01102.794 01103.636 01104.309 01104.866 01105.289 01104.884 01104.419 01103.869 01103.088 01102.314 01101.247 01100.026 01098.743 01096.782 01093.765 01090.807 01087.803 01084.903 01079.521
-9999.0 -9999.0 -9999.0 -9999.0 -9999.0 -9999.0 -9999.0 -9999.0 -9999.0 -9999.0 -9999.0 -9999.0 -9999.0 01004.031 01009.344 01013.992 01018.160 01020.450 01025.771 01029.086 01032.214 01035.321 01037.913 01040.711 01044.176 01047.441 01050.962 01054.715 01057.748 01061.129 01064.749 01068.390 01072.276 01076.492 01078.828 01083.046 01086.364 01089.821 01093.250 01096.785 01098.787 01100.568 01101.792 01103.023 01103.947 01104.879 01105.560 01106.193 01106.673 01106.234 01105.710 01105.091 01104.291 01103.378 01102.300 01101.188 01099.499 01098.716 01096.450 01093.324 01090.250 01087.013 01083.611
-9999.0 -9999.0 -9999.0 -9999.0 -9999.0 -9999.0 -9999.0 -9999.0 -9999.0 -9999.0 -9999.0 -9999.0 -9999.0 01004.897 01010.109 01014.666 01018.777 01020.674 01026.297 01029.599 01032.784 01035.968 01038.304 01041.742 01044.871 01048.197 01051.824 01055.800 01058.579 01062.388 01065.909 01069.685 01073.719 01078.111 01078.940 01084.874 01088.349 01091.905 01095.537 01098.686 01099.781 01101.445 01102.738 01103.997 01105.112 01106.048 01106.833 01108.875 01110.698 01109.097 01107.186 01106.322 01105.510 01104.442 01103.336 01102.193 01101.063 01098.957 01098.684 01095.893 01092.628 01088.979 01085.434
-9999.0 -9999.0 -9999.0 -9999.0 -9999.0 -9999.0 -9999.0 -9999.0 -9999.0 -9999.0 -9999.0 -9999.0 -9999.0 01005.720 01010.806 01015.254 01019.292 01021.072 01026.767 01030.090 01033.268 01036.459 01038.582 01042.362 01045.556 01049.018 01052.724 01056.500 01059.412 01063.327 01067.060 01071.040 01075.182 01078.757 01082.477 01086.355 01090.404 01094.057 01097.823 01098.878 01100.994 01102.323 01103.670 01104.970 01106.262 01107.887 01110.844 01114.224 01117.474 01114.591 01111.573 01109.008 01106.638 01105.512 01104.361 01103.209 01102.072 01100.942 01098.897 01098.524 01094.698 01090.951 01087.321
-9999.0 -9999.0 -9999.0 -9999.0 -9999.0 -9999.0 -9999.0 -9999.0 -9999.0 -9999.0 -9999.0 -9999.0 -9999.0 01006.293 01011.306 01015.691 01019.488 01022.071 01027.117 01030.421 01033.635 01036.877 01038.839 01042.851 01046.086 01049.605 01053.461 01057.061 01060.336 01064.164 01067.956 01072.018 01076.432 01078.840 01083.806 01087.781 01091.911 01096.245 01098.759 01100.525 01101.866 01103.203 01104.559 01105.932 01107.928 01111.981 01116.958 01120.538 01123.769 01121.120 01118.169 01114.077 01109.572 01106.574 01105.396 01104.232 01103.084 01101.918 01100.737 01098.816 01096.829 01092.964 01088.901
-9999.0 -9999.0 -9999.0 -9999.0 -9999.0 -9999.0 -9999.0 -9999.0 -9999.0 -9999.0 -9999.0 -9999.0 -9999.0 01006.727 01011.644 01015.955 01019.578 01022.662 01027.340 01030.669 01033.913 01037.195 01039.069 01043.205 01046.519 01050.132 01054.091 01057.486 01060.975 01064.828 01068.761 01072.969 01077.488 01078.912 01084.908 01089.202 01093.458 01097.872 01098.989 01101.341 01102.736 01104.091 01105.456 01106.840 01111.168 01117.859 01122.416 01126.489 01130.134 01127.289 01123.722 01119.787 01114.143 01109.217 01106.443 01105.271 01104.097 01102.895 01101.599 01099.924 01098.668 01094.643 01090.521
-9999.0 -9999.0 -9999.0 -9999.0 -9999.0 -9999.0 -9999.0 -9999.0 -9999.0 -9999.0 -9999.0 -9999.0 00998.020 01006.987 01011.839 01016.121 01019.633 01023.079 01027.505 01030.839 01034.088 01037.323 01039.386 01043.464 01046.840 01050.523 01054.519 01057.814 01061.519 01065.374 01069.366 01073.624 01078.329 01078.988 01085.912 01090.325 01094.932 01098.709 01100.553 01102.174 01103.584 01104.989 01106.364 01109.646 01115.906 01122.262 01127.952 01132.554 01136.714 01133.629 01129.561 01124.655 01119.372 01113.426 01108.785 01106.317 01105.112 01103.860 01102.389 01100.941 01098.811 01096.375 01091.921
-9999.0 -9999.0 -9999.0 -9999.0 -9999.0 -9999.0 -9999.0 -9999.0 -9999.0 -9999.0 -9999.0 -9999.0 00999.934 01007.126 01011.970 01016.176 01019.577 01022.431 01027.407 01030.864 01034.248 01037.422 01039.669 01043.653 01047.054 01050.765 01054.842 01058.062 01061.914 01065.752 01069.806 01074.172 01078.722 01082.292 01086.726 01091.348 01096.057 01098.828 01101.125 01102.778 01104.427 01105.860 01108.056 01113.360 01120.243 01126.613 01133.097 01138.153 01142.775 01139.522 01135.298 01129.625 01124.102 01118.780 01112.741 01108.324 01106.134 01104.657 01103.172 01101.584 01099.209 01097.843 01093.325
-9999.0 -9999.0 -9999.0 -9999.0 -9999.0 -9999.0 -9999.0 -9999.0 -9999.0 -9999.0 -9999.0 -9999.0 00997.244 01006.697 01011.387 01015.522 01019.309 01020.793 01026.814 01030.296 01033.671 01037.075 01039.126 01043.421 01046.946 01050.810 01055.078 01058.259 01062.219 01066.073 01070.210 01074.655 01078.747 01082.815 01087.390 01092.108 01097.075 01098.916 01101.621 01103.365 01105.064 01106.731 01111.043 01118.092 01124.359 01130.880 01137.612 01143.585 01148.653 01145.371 01140.262 01134.739 01129.023 01123.504 01118.208 01111.856 01106.996 01105.448 01103.844 01102.232 01100.544 01098.698 01094.609
-9999.0 -9999.0 -9999.0 -9999.0 -9999.0 -9999.0 -9999.0 -9999.0 -9999.0 -9999.0 -9999.0 -9999.0 -9999.0 01005.847 01010.617 01014.810 01018.630 01020.509 01026.139 01029.665 01033.059 01036.459 01038.699 01042.797 01046.264 01050.058 01054.243 01057.782 01061.692 01065.738 01070.049 01074.740 01078.766 01083.313 01087.923 01092.819 01097.870 01100.036 01102.038 01103.842 01105.639 01108.417 01115.449 01122.211 01128.629 01135.324 01141.696 01148.137 -9999.0 -9999.000 01145.020 01139.641 01133.898 01128.426 01122.879 01116.721 01109.740 01106.139 01104.493 01102.790 01101.092 01098.790 01094.634
-9999.0 -9999.0 -9999.0 -9999.0 -9999.0 -9999.0 -9999.0 -9999.0 -9999.0 -9999.0 -9999.0 -9999.0 -9999.0 01004.886 01009.755 01014.021 01017.850 01020.174 01025.322 01028.905 01032.327 01035.730 01038.303 01042.079 01045.494 01049.224 01053.331 01057.167 01060.786 01064.915 01069.128 01073.663 01078.704 01082.418 01087.646 01093.280 01098.585 01100.496 01102.379 01104.236 01106.093 01110.378 01118.702 01126.332 01133.008 01139.546 01145.902 -9999.000 -9999.0 -9999.0 -9999.000 01144.415 01139.048 01133.549 01127.516 01120.493 01112.525 01106.822 01105.130 01103.378 01101.178 01098.738 01094.056
-9999.0 -9999.0 -9999.0 -9999.0 -9999.0 -9999.0 -9999.0 -9999.0 -9999.0 -9999.0 -9999.0 -9999.0 -9999.0 01003.795 01008.730 01013.084 01016.988 01019.826 01024.247 01028.028 01031.477 01034.877 01037.836 01040.954 01044.637 01048.262 01052.275 01056.462 01059.752 01063.990 01068.154 01072.634 01077.558 01078.955 01086.415 01091.817 01097.680 01100.457 01102.705 01104.633 01106.543 01112.118 01121.362 01129.393 01137.382 01143.667 -9999.000 -9999.0 -9999.0 -9999.0 -9999.0 -9999.000 01143.809 01138.504 01131.434 01123.936 01116.405 01108.937 01105.236 01102.984 01100.839 01098.666 01093.181
-9999.0 -9999.0 -9999.0 -9999.0 -9999.0 -9999.0 -9999.0 -9999.0 -9999.0 -9999.0 -9999.0 -9999.0 -9999.0 01002.580 01007.652 01012.046 01015.956 01019.428 01021.140 01026.983 01030.479 01033.871 01037.276 01039.485 01043.660 01047.208 01051.096 01055.388 01058.559 01062.814 01066.898 01071.297 01076.086 01078.843 01084.909 01090.309 01096.014 01098.911 01102.037 01104.279 01106.641 01114.771 01123.636 01132.470 01140.871 01147.950 -9999.0 -9999.0 -9999.0 -9999.0 -9999.0 -9999.0 -9999.000 01142.602 01135.636 01127.907 01117.176 01107.199 01104.775 01102.566 01100.399 01097.618 01091.832
-9999.0 -9999.0 -9999.0 -9999.0 -9999.0 -9999.0 -9999.0 -9999.0 -9999.0 -9999.0 -9999.0 -9999.0 -9999.0 -9999.0 01006.257 01010.798 01014.825 01018.510 01020.371 01025.803 01029.361 01032.775 01036.185 01038.555 01042.539 01045.992 01049.768 01053.930 01057.571 01061.386 01065.458 01069.711 01074.324 01078.742 01083.164 01088.428 01094.084 01098.757 01101.310 01103.529 01105.789 01110.849 01122.265 01133.857 01144.108 -9999.000 -9999.0 -9999.0 -9999.0 -9999.0 -9999.0 -9999.0 -9999.000 01147.268 01136.551 01125.111 01114.042 01106.507 01104.248 01102.029 01098.912 01095.984 01090.243
-9999.0 -9999.0 -9999.0 -9999.0 -9999.0 -9999.0 -9999.0 -9999.0 -9999.0 -9999.0 -9999.0 -9999.0 -9999.0 -9999.0 01004.764 01009.460 01013.532 01017.216 01019.847 01024.366 01028.061 01031.501 01034.895 01037.842 01040.956 01044.633 01048.249 01052.252 01056.444 01059.719 01063.962 01068.106 01072.577 01077.496 01078.951 01086.421 01091.899 01097.745 01100.467 01102.652 01104.889 01107.661 01117.489 01128.066 01139.341 -9999.000 -9999.0 -9999.0 -9999.0 -9999.0 -9999.0 -9999.0 -9999.0 01143.279 01132.322 01121.442 01110.518 01105.707 01103.452 01101.231 01098.739 01093.874 01088.209
-9999.0 -9999.0 -9999.0 -9999.0 -9999.0 -9999.0 -9999.0 -9999.0 -9999.0 -9999.0 -9999.0 -9999.0 -9999.0 -9999.0 01003.038 01007.838 01012.094 01015.874 01019.352 01020.726 01026.668 01030.175 01033.568 01036.986 01038.984 01043.284 01046.761 01050.566 01054.760 01058.102 01062.130 01066.119 01070.413 01075.056 01078.777 01083.809 01089.104 01094.726 01098.809 01101.529 01103.751 01106.010 01111.380 01122.102 01132.322 01142.382 -9999.000 -9999.0 -9999.0 -9999.0 -9999.0 -9999.0 -9999.000 01137.343 01126.654 01116.149 01106.922 01104.686 01102.477 01100.305 01097.373 01091.593 01086.181
-9999.0 -9999.0 -9999.0 -9999.0 -9999.0 -9999.0 -9999.0 -9999.0 -9999.0 -9999.0 -9999.0 -9999.0 -9999.0 -9999.0 -9999.0 01006.087 01010.487 01014.409 01017.992 01020.076 01024.986 01028.555 01031.954 01035.321 01038.060 01041.485 01044.954 01048.593 01052.599 01056.642 01059.948 01064.105 01068.207 01072.620 01077.474 01078.943 01086.306 01091.753 01097.375 01100.237 01102.338 01104.461 01106.626 01114.015 01124.246 01134.494 01144.418 -9999.0 -9999.0 -9999.0 -9999.0 -9999.000 01140.742 01130.201 01119.962 01109.683 01105.536 01103.357 01101.184 01098.737 01093.940 01088.377 01083.213
-9999.0 -9999.0 -9999.0 -9999.0 -9999.0 -9999.0 -9999.0 -9999.0 -9999.0 -9999.0 -9999.0 -9999.0 -9999.0 -9999.0 -9999.0 01004.166 01008.783 01012.749 01016.324 01019.455 01020.808 01026.817 01030.267 01033.608 01036.975 01038.964 01043.230 01046.684 01050.463 01054.628 01058.001 01061.962 01065.933 01070.091 01074.523 01078.740 01082.880 01087.892 01093.244 01098.663 01100.769 01102.829 01104.937 01107.380 01116.363 01126.326 01136.642 -9999.000 -9999.0 -9999.0 -9999.0 01144.171 01133.884 01123.329 01112.563 01106.288 01104.087 01101.932 01098.908 01096.110 01090.521 01085.238 01078.849
-9999.0 -9999.0 -9999.0 -9999.0 -9999.0 -9999.0 -9999.0 -9999.0 -9999.0 -9999.0 -9999.0 -9999.0 -9999.0 -9999.0 -9999.0 01002.002 01006.695 01010.851 01014.579 01017.978 01020.045 01024.883 01028.442 01031.824 01035.172 01037.964 01041.208 01044.755 01048.238 01052.047 01056.175 01059.123 01063.241 01067.132 01071.309 01075.838 01078.811 01084.163 01089.180 01094.492 01098.760 01101.190 01103.261 01105.371 01108.876 01118.535 01128.403 01138.712 -9999.000 -9999.0 -9999.000 01137.461 01126.887 01116.568 01107.263 01104.832 01102.656 01100.527 01098.066 01092.374 01087.013 01081.828 01074.990
-9999.0 -9999.0 -9999.0 -9999.0 -9999.0 -9999.0 -9999.0 -9999.0 -9999.0 -9999.0 -9999.0 -9999.0 -9999.0 -9999.0 -9999.0 -9999.0 01004.385 01008.787 01012.679 01016.201 01019.384 01020.684 01026.526 01029.899 01033.157 01036.429 01038.609 01042.490 01045.779 01049.359 01053.257 01056.971 01060.283 01064.266 01068.177 01072.368 01076.948 01078.880 01085.162 01090.252 01095.622 01098.853 01101.611 01103.695 01105.801 01110.213 01120.285 01129.428 01137.748 -9999.000 01137.321 01128.594 01119.658 01109.478 01105.492 01103.352 01101.240 01098.756 01094.259 01088.784 01083.640 01078.070 01069.508
-9999.0 -9999.0 -9999.0 -9999.0 -9999.0 -9999.0 -9999.0 -9999.0 -9999.0 -9999.0 -9999.0 -9999.0 -9999.0 -9999.0 -9999.0 -9999.0 01001.937 01006.539 01010.621 01014.286 01017.625 01019.813 01023.320 01027.561 01030.873 01034.109 01037.317 01039.335 01043.388 01046.728 01050.345 01054.290 01057.632 01061.209 01065.047 01069.007 01073.252 01077.929 01078.961 01086.200 01091.313 01096.767 01098.960 01101.947 01103.994 01106.099 01109.985 01118.040 01124.966 01132.945 01124.990 01117.770 01109.437 01105.848 01103.890 01101.758 01098.878 01095.877 01090.435 01085.277 01078.861 01072.258 01064.545
