examples/flatland/Outputs/centerIgnit/c_atmRAWS/clockwise/3hr/flatland_centerIgnit_counterClockwise3hr_atmRAWS/flatland_centerIgnit_counterClockwise3hr_atmRAWS_Intensity.asc
NCOLS 100
NROWS 100
XLLCORNER 20000.000000
YLLCORNER 20000.000000
CELLSIZE 30.000000
NODATA_VALUE -9999.0
[rows 28 to 55 of 100, columns 0 to 62 of 100]
-9999.0 -9999.0 -9999.0 -9999.0 -9999.0 -9999.0 -9999.0 -9999.0 -9999.0 -9999.0 -9999.0 -9999.0 -9999.0 -9999.0 -9999.0 -9999.0 00035.553 00036.005 00036.405 00037.979 00044.773 00045.500 00046.006 00046.493 00046.975 00047.425 00047.677 00048.286 00048.726 00049.191 00049.679 00050.176 00050.598 00050.943 00051.373 00051.745 00052.045 00052.348 00052.538 00052.572 00050.393 00050.033 00051.173 00052.048 00052.894 00053.675 00054.405 00055.133 00055.509 00055.128 00054.683 00054.056 00053.349 00052.648 00051.664 00050.684 00046.128 00031.999 00030.849 00030.085 00029.435 00028.998 00028.476
-9999.0 -9999.0 -9999.0 -9999.0 -9999.0 -9999.0 -9999.0 -9999.0 -9999.0 -9999.0 -9999.0 -9999.0 -9999.0 -9999.0 -9999.0 00035.838 00036.399 00036.914 00037.286 00042.075 00045.233 00045.745 00046.247 00046.750 00047.261 00047.584 00048.106 00048.588 00049.043 00049.517 00050.020 00050.525 00050.865 00051.337 00051.773 00052.180 00052.601 00052.911 00053.015 00049.322 00048.991 00050.104 00051.247 00052.228 00053.108 00053.971 00054.796 00055.553 00055.980 00055.568 00055.052 00054.390 00053.629 00052.849 00051.767 00050.745 00049.683 00046.128 00031.125 00030.347 00029.782 00029.336 00028.740
-9999.0 -9999.0 -9999.0 -9999.0 -9999.0 -9999.0 -9999.0 -9999.0 -9999.0 -9999.0 -9999.0 -9999.0 -9999.0 -9999.0 -9999.0 00036.498 00037.071 00037.611 00038.228 00044.425 00045.320 00045.905 00046.490 00046.996 00047.440 00047.796 00048.408 00048.873 00049.359 00049.854 00050.374 00050.759 00051.198 00051.675 00052.122 00052.580 00053.042 00053.243 00049.309 00047.563 00048.895 00050.048 00051.242 00052.398 00053.314 00054.228 00055.079 00055.938 00056.466 00055.987 00055.405 00054.701 00053.907 00052.972 00051.824 00050.741 00049.416 00048.280 00045.045 00030.658 00030.154 00029.605 00028.933
-9999.0 -9999.0 -9999.0 -9999.0 -9999.0 -9999.0 -9999.0 -9999.0 -9999.0 -9999.0 -9999.0 -9999.0 -9999.0 -9999.0 00036.388 00036.997 00037.580 00038.169 00040.861 00044.855 00045.421 00045.977 00046.555 00047.153 00047.562 00048.156 00048.624 00049.137 00049.660 00050.190 00050.659 00051.036 00051.527 00051.980 00052.457 00052.956 00053.258 00050.416 00046.103 00047.129 00048.703 00049.958 00051.210 00052.501 00053.510 00054.455 00055.151 00055.956 00056.510 00056.066 00055.541 00054.935 00054.180 00053.079 00051.749 00050.376 00049.148 00048.380 00047.720 00042.563 00030.562 00029.864 00029.148
-9999.0 -9999.0 -9999.0 -9999.0 -9999.0 -9999.0 -9999.0 -9999.0 -9999.0 -9999.0 -9999.0 -9999.0 -9999.0 -9999.0 00036.871 00037.467 00038.082 00038.653 00042.859 00044.950 00045.526 00046.094 00046.651 00047.172 00047.571 00048.294 00048.838 00049.362 00049.914 00050.497 00050.873 00051.370 00051.841 00052.305 00052.791 00053.210 00052.708 00045.524 00046.010 00046.849 00048.213 00049.832 00051.117 00052.488 00053.463 00054.289 00055.156 00056.044 00056.808 00056.201 00055.661 00054.890 00054.123 00053.116 00051.620 00050.395 00049.436 00048.501 00047.878 00047.524 00040.183 00030.129 00029.293
-9999.0 -9999.0 -9999.0 -9999.0 -9999.0 -9999.0 -9999.0 -9999.0 -9999.0 -9999.0 -9999.0 -9999.0 -9999.0 -9999.0 00037.597 00038.205 00038.619 00039.345 00044.166 00045.034 00045.605 00046.174 00046.751 00047.202 00047.754 00048.365 00048.941 00049.540 00050.165 00050.648 00051.111 00051.656 00052.133 00052.631 00053.137 00053.353 00047.844 00045.293 00045.930 00046.772 00047.611 00049.367 00050.701 00052.107 00053.396 00054.324 00055.182 00056.193 00057.009 00056.346 00055.762 00054.805 00053.933 00052.666 00051.259 00050.399 00049.423 00048.605 00048.157 00047.803 00047.174 00036.461 00029.242
-9999.0 -9999.0 -9999.0 -9999.0 -9999.0 -9999.0 -9999.0 -9999.0 -9999.0 -9999.0 -9999.0 -9999.0 -9999.0 00037.083 00038.056 00038.655 00039.190 00040.853 00044.350 00045.020 00045.640 00046.248 00046.825 00047.195 00047.883 00048.456 00049.033 00049.637 00050.282 00050.742 00051.344 00051.856 00052.391 00052.940 00053.284 00050.280 00044.918 00045.484 00045.922 00046.689 00047.589 00048.959 00049.924 00051.796 00053.105 00054.130 00055.342 00056.358 00057.197 00056.513 00055.825 00054.702 00053.575 00052.428 00051.060 00050.223 00049.468 00048.826 00048.452 00047.859 00047.244 00046.347 00030.984
-9999.0 -9999.0 -9999.0 -9999.0 -9999.0 -9999.0 -9999.0 -9999.0 -9999.0 -9999.0 -9999.0 -9999.0 -9999.0 00037.842 00038.530 00039.140 00039.721 00041.953 00044.338 00044.956 00045.569 00046.188 00046.783 00047.241 00047.939 00048.507 00049.104 00049.735 00050.324 00050.815 00051.424 00052.006 00052.608 00053.133 00053.354 00045.290 00044.867 00045.595 00046.121 00046.590 00047.621 00048.484 00049.496 00051.077 00052.473 00053.810 00055.135 00056.323 00057.383 00056.554 00055.678 00054.554 00053.329 00052.195 00050.991 00050.003 00049.389 00049.135 00048.681 00047.900 00047.021 00045.798 00044.302
-9999.0 -9999.0 -9999.0 -9999.0 -9999.0 -9999.0 -9999.0 -9999.0 -9999.0 -9999.0 -9999.0 -9999.0 -9999.0 00038.295 00038.995 00039.598 00040.176 00042.636 00044.270 00044.884 00045.492 00046.106 00046.635 00047.198 00047.873 00048.505 00049.160 00049.801 00050.299 00050.870 00051.486 00052.074 00052.692 00053.091 00048.053 00043.609 00044.692 00045.454 00046.357 00046.796 00047.244 00048.129 00049.124 00050.712 00052.034 00053.502 00054.814 00056.195 00057.573 00056.529 00055.511 00054.327 00053.031 00051.797 00050.613 00049.852 00049.467 00049.361 00048.760 00047.824 00046.877 00045.516 00044.140
-9999.0 -9999.0 -9999.0 -9999.0 -9999.0 -9999.0 -9999.0 -9999.0 -9999.0 -9999.0 -9999.0 -9999.0 -9999.0 00038.712 00039.347 00039.953 00040.537 00043.007 00044.191 00044.799 00045.404 00046.019 00046.489 00047.153 00047.755 00048.379 00049.046 00049.764 00050.230 00050.867 00051.462 00052.090 00052.749 00052.974 00043.260 00042.817 00044.250 00045.227 00046.223 00046.991 00047.148 00047.705 00048.694 00050.070 00051.533 00053.072 00054.492 00056.093 00058.126 00056.603 00055.372 00054.037 00052.666 00051.335 00050.265 00049.790 00049.646 00049.226 00048.689 00047.734 00046.601 00044.949 00043.678
-9999.0 -9999.0 -9999.0 -9999.0 -9999.0 -9999.0 -9999.0 -9999.0 -9999.0 -9999.0 -9999.0 -9999.0 -9999.0 00039.068 00039.702 00040.313 00040.906 00043.111 00044.081 00044.709 00045.312 00045.922 00046.348 00047.052 00047.646 00048.273 00048.936 00049.607 00050.148 00050.800 00051.421 00052.073 00052.601 00050.135 00041.099 00042.283 00043.949 00044.971 00046.017 00046.730 00047.261 00047.439 00048.103 00049.328 00050.914 00052.624 00054.572 00056.502 00059.088 00057.170 00055.655 00053.848 00052.182 00050.802 00050.124 00049.904 00049.762 00049.256 00048.205 00047.621 00045.788 00044.344 00043.185
-9999.0 -9999.0 -9999.0 -9999.0 -9999.0 -9999.0 -9999.0 -9999.0 -9999.0 -9999.0 -9999.0 -9999.0 -9999.0 00039.406 00040.061 00040.678 00041.385 00043.041 00043.905 00044.523 00045.143 00045.777 00046.192 00046.938 00047.530 00048.156 00048.822 00049.465 00050.081 00050.711 00051.332 00051.984 00052.385 00045.617 00040.490 00041.545 00042.930 00044.692 00045.533 00046.414 00047.215 00047.515 00047.690 00048.479 00050.155 00052.316 00054.861 00057.203 00059.980 00057.892 00056.051 00053.842 00051.827 00050.521 00050.165 00050.023 00049.682 00048.747 00047.634 00046.451 00045.043 00043.822 00042.759
-9999.0 -9999.0 -9999.0 -9999.0 -9999.0 -9999.0 -9999.0 -9999.0 -9999.0 -9999.0 -9999.0 -9999.0 -9999.0 00039.753 00040.410 00041.024 00041.697 00042.901 00043.715 00044.336 00044.953 00045.573 00045.959 00046.699 00047.334 00048.001 00048.703 00049.289 00049.894 00050.542 00051.200 00051.887 00052.149 00041.952 00039.906 00040.890 00041.995 00043.468 00044.806 00045.695 00046.913 00047.589 00047.773 00048.084 00049.438 00051.989 00054.461 00057.050 00060.760 00058.056 00055.918 00053.763 00051.557 00050.617 00050.287 00050.087 00049.421 00048.177 00046.985 00045.716 00044.467 00043.349 00042.310
-9999.0 -9999.0 -9999.0 -9999.0 -9999.0 -9999.0 -9999.0 -9999.0 -9999.0 -9999.0 -9999.0 -9999.0 00039.033 00040.156 00040.863 00041.540 00042.075 00042.322 00043.161 00043.877 00044.621 00045.396 00045.742 00046.253 00046.965 00047.735 00048.457 00049.047 00049.684 00050.325 00050.976 00051.656 00051.843 00038.382 00039.348 00040.279 00041.303 00042.373 00043.762 00044.911 00046.109 00047.376 00047.871 00048.246 00049.216 00051.215 00054.038 00056.848 00061.527 00058.401 00055.822 00053.448 00051.922 00051.113 00050.563 00050.060 00048.797 00047.508 00046.200 00045.065 00043.774 00042.856 00041.805
-9999.0 -9999.0 -9999.0 -9999.0 -9999.0 -9999.0 -9999.0 -9999.0 -9999.0 -9999.0 -9999.0 -9999.0 00039.715 00040.680 00041.425 00042.115 00042.425 00041.499 00042.374 00043.066 00043.784 00044.470 00044.984 00045.644 00046.313 00047.034 00047.818 00048.491 00049.283 00050.097 00050.765 00051.431 00050.582 00037.753 00038.718 00039.662 00040.651 00041.530 00042.832 00043.937 00045.218 00046.573 00047.862 00048.661 00049.437 00050.458 00053.283 00056.914 00062.054 00058.549 00055.586 00053.171 00052.375 00051.746 00050.949 00049.626 00048.092 00046.622 00045.333 00044.216 00043.054 00042.453 00040.761
-9999.0 -9999.0 -9999.0 -9999.0 -9999.0 -9999.0 -9999.0 -9999.0 -9999.0 -9999.0 -9999.0 -9999.0 00039.835 00041.059 00041.774 00042.463 00043.047 00040.559 00041.433 00042.046 00042.667 00043.312 00043.774 00044.887 00045.548 00046.262 00047.040 00047.648 00048.373 00049.105 00049.908 00050.709 00048.315 00036.463 00037.783 00039.064 00040.025 00040.727 00041.845 00042.870 00044.113 00045.552 00047.419 00049.110 00049.899 00050.632 00051.773 00054.588 00062.265 00057.230 00054.790 00053.650 00052.955 00052.303 00051.382 00049.113 00047.089 00045.668 00044.562 00043.246 00041.717 00040.733 00038.759
-9999.0 -9999.0 -9999.0 -9999.0 -9999.0 -9999.0 -9999.0 -9999.0 -9999.0 -9999.0 -9999.0 -9999.0 -9999.0 00041.330 00042.048 00042.675 00043.192 00040.814 00040.984 00041.555 00042.120 00042.689 00043.067 00044.012 00044.604 00045.238 00045.923 00046.518 00047.168 00047.850 00048.589 00049.306 00045.449 00035.068 00036.154 00037.539 00039.371 00039.397 00040.871 00041.896 00042.903 00044.367 00046.582 00049.060 00050.368 00051.131 00051.855 00052.643 -9999.0 -9999.000 00054.845 00054.208 00053.530 00052.841 00050.909 00048.595 00046.239 00044.429 00043.464 00041.156 00039.856 00037.991 00036.591
-9999.0 -9999.0 -9999.0 -9999.0 -9999.0 -9999.0 -9999.0 -9999.0 -9999.0 -9999.0 -9999.0 -9999.0 -9999.0 00041.414 00042.090 00042.715 00043.236 00041.385 00040.470 00041.037 00041.599 00042.167 00042.602 00043.260 00043.798 00044.365 00044.968 00045.517 00046.017 00046.569 00047.117 00047.675 00047.622 00033.488 00034.370 00035.494 00036.874 00037.520 00038.796 00040.625 00041.517 00043.137 00045.543 00047.876 00050.817 00051.605 00052.321 -9999.000 -9999.0 -9999.0 -9999.000 00054.773 00054.137 00052.862 00049.995 00047.960 00044.419 00041.840 00040.634 00038.801 00037.308 00035.367 00034.610
-9999.0 -9999.0 -9999.0 -9999.0 -9999.0 -9999.0 -9999.0 -9999.0 -9999.0 -9999.0 -9999.0 -9999.0 -9999.0 00041.413 00042.078 00042.703 00043.254 00042.195 00039.941 00040.511 00041.056 00041.603 00042.082 00042.577 00043.148 00043.694 00044.279 00044.872 00045.330 00045.905 00046.465 00047.054 00047.173 00033.085 00032.553 00033.235 00034.076 00035.550 00036.506 00037.774 00038.861 00040.574 00044.043 00045.476 00049.735 00052.070 -9999.000 -9999.0 -9999.0 -9999.0 -9999.0 -9999.000 00054.702 00052.612 00047.418 00045.529 00041.949 00039.439 00037.163 00035.998 00034.831 00034.228 00033.587
-9999.0 -9999.0 -9999.0 -9999.0 -9999.0 -9999.0 -9999.0 -9999.0 -9999.0 -9999.0 -9999.0 -9999.0 -9999.0 00041.373 00042.051 00042.684 00043.271 00043.420 00039.120 00040.005 00040.540 00041.071 00041.607 00041.950 00042.584 00043.107 00043.663 00044.257 00044.686 00045.225 00045.643 00046.194 00046.476 00037.556 00031.505 00031.972 00032.439 00032.686 00034.003 00034.601 00035.973 00037.805 00040.248 00042.182 00046.606 00052.451 -9999.0 -9999.0 -9999.0 -9999.0 -9999.0 -9999.0 -9999.000 00049.602 00044.475 00041.419 00038.358 00036.413 00034.110 00033.942 00033.601 00033.345 00032.768
-9999.0 -9999.0 -9999.0 -9999.0 -9999.0 -9999.0 -9999.0 -9999.0 -9999.0 -9999.0 -9999.0 -9999.0 -9999.0 -9999.0 00042.002 00042.647 00043.256 00043.728 00040.101 00039.433 00039.955 00040.469 00040.987 00041.342 00041.932 00042.425 00042.947 00043.505 00043.978 00044.459 00044.859 00045.360 00045.850 00043.178 00030.701 00031.133 00031.596 00031.921 00032.174 00032.238 00032.476 00034.210 00035.448 00038.199 00040.969 -9999.000 -9999.0 -9999.0 -9999.0 -9999.0 -9999.0 -9999.0 -9999.000 00044.303 00039.776 00036.066 00034.463 00033.601 00033.125 00032.825 00032.647 00032.413 00031.876
-9999.0 -9999.0 -9999.0 -9999.0 -9999.0 -9999.0 -9999.0 -9999.0 -9999.0 -9999.0 -9999.0 -9999.0 -9999.0 -9999.0 00041.936 00042.590 00043.175 00043.665 00041.852 00038.759 00039.272 00039.764 00040.255 00040.675 00041.110 00041.614 00042.088 00042.594 00043.103 00043.473 00044.015 00044.560 00045.056 00045.091 00031.374 00030.366 00030.762 00031.007 00031.121 00031.245 00031.371 00031.578 00031.955 00033.474 00034.443 -9999.000 -9999.0 -9999.0 -9999.0 -9999.0 -9999.0 -9999.0 -9999.0 00035.317 00034.905 00033.118 00032.476 00032.123 00031.944 00031.775 00031.636 00031.266 00030.813
-9999.0 -9999.0 -9999.0 -9999.0 -9999.0 -9999.0 -9999.0 -9999.0 -9999.0 -9999.0 -9999.0 -9999.0 -9999.0 -9999.0 00041.806 00042.445 00043.045 00043.594 00043.953 00038.107 00038.544 00039.015 00039.478 00039.944 00040.198 00040.781 00041.227 00041.699 00042.203 00042.580 00043.030 00043.582 00044.015 00044.312 00039.277 00029.446 00029.780 00030.107 00030.208 00030.286 00030.302 00030.284 00030.430 00030.938 00031.289 00031.436 -9999.000 -9999.0 -9999.0 -9999.0 -9999.0 -9999.0 -9999.000 00032.168 00031.902 00031.399 00030.925 00030.916 00030.873 00030.809 00030.357 00030.002 00029.868
-9999.0 -9999.0 -9999.0 -9999.0 -9999.0 -9999.0 -9999.0 -9999.0 -9999.0 -9999.0 -9999.0 -9999.0 -9999.0 -9999.0 -9999.0 00042.281 00042.884 00043.453 00043.897 00040.488 00037.895 00038.365 00038.823 00039.263 00039.592 00040.039 00040.477 00040.918 00041.388 00041.838 00042.164 00042.577 00042.963 00043.359 00043.298 00030.222 00028.687 00028.874 00029.314 00029.448 00029.410 00029.335 00029.213 00029.519 00030.157 00030.828 00031.502 -9999.0 -9999.0 -9999.0 -9999.0 -9999.000 00032.189 00031.452 00030.761 00030.116 00029.916 00029.883 00029.932 00029.835 00029.591 00029.278 00028.737
-9999.0 -9999.0 -9999.0 -9999.0 -9999.0 -9999.0 -9999.0 -9999.0 -9999.0 -9999.0 -9999.0 -9999.0 -9999.0 -9999.0 -9999.0 00042.091 00042.712 00043.281 00043.785 00043.471 00037.011 00037.748 00038.198 00038.647 00038.963 00039.164 00039.692 00040.081 00040.492 00040.928 00041.243 00041.611 00041.958 00042.243 00042.414 00039.757 00027.958 00028.203 00028.456 00028.727 00028.701 00028.757 00028.829 00028.986 00029.597 00030.273 00030.974 -9999.000 -9999.0 -9999.0 -9999.0 00032.429 00031.709 00030.971 00030.218 00029.779 00029.625 00029.477 00029.316 00029.210 00028.901 00028.539 00025.373
-9999.0 -9999.0 -9999.0 -9999.0 -9999.0 -9999.0 -9999.0 -9999.0 -9999.0 -9999.0 -9999.0 -9999.0 -9999.0 -9999.0 -9999.0 00041.876 00042.499 00043.067 00043.595 00043.963 00040.237 00037.142 00037.539 00037.887 00038.199 00038.491 00038.857 00039.246 00039.565 00039.890 00040.217 00040.362 00040.606 00040.786 00041.147 00041.292 00034.769 00027.595 00027.862 00028.144 00028.400 00028.564 00028.704 00028.848 00029.082 00029.683 00030.349 00030.706 -9999.000 -9999.0 -9999.000 00031.210 00030.916 00030.326 00029.716 00029.622 00029.515 00029.365 00029.195 00028.798 00028.422 00028.057 00022.908
-9999.0 -9999.0 -9999.0 -9999.0 -9999.0 -9999.0 -9999.0 -9999.0 -9999.0 -9999.0 -9999.0 -9999.0 -9999.0 -9999.0 -9999.0 -9999.0 00042.229 00042.805 00043.339 00043.812 00043.838 00036.448 00036.405 00036.769 00037.132 00037.628 00037.838 00038.212 00038.474 00038.738 00039.113 00039.463 00039.752 00040.114 00040.472 00040.841 00040.853 00031.191 00027.460 00027.810 00028.176 00028.394 00028.501 00028.552 00028.559 00028.530 00028.776 00028.814 00028.359 -9999.000 00028.504 00029.113 00029.084 00028.840 00028.893 00028.993 00029.029 00029.015 00028.788 00028.479 00028.147 00023.102 00022.575
-9999.0 -9999.0 -9999.0 -9999.0 -9999.0 -9999.0 -9999.0 -9999.0 -9999.0 -9999.0 -9999.0 -9999.0 -9999.0 -9999.0 -9999.0 -9999.0 00041.934 00042.520 00043.057 00043.561 00043.909 00040.873 00035.564 00036.025 00036.377 00036.721 00037.071 00037.253 00037.700 00038.038 00038.409 00038.816 00039.136 00039.470 00039.880 00040.317 00040.766 00040.741 00028.054 00027.477 00027.748 00028.006 00027.963 00027.952 00027.714 00027.482 00027.262 00027.133 00026.975 00026.376 00027.062 00027.271 00027.442 00027.705 00027.962 00028.315 00028.538 00028.506 00028.205 00027.932 00025.345 00022.752 00022.264
