examples/flatland/Outputs/centerIgnit/b_RAWS/singleWinds/flatland_centerIgnit_3mph300deg7hr_RAWS/flatland_centerIgnit_3mph300deg7hr_RAWS_SpreadDirection.asc
NCOLS 100
NROWS 100
XLLCORNER 20000.000000
YLLCORNER 20000.000000
CELLSIZE 30.000000
NODATA_VALUE -9999.0
[rows 38 to 75 of 100, columns 0 to 85 of 100]
-9999 -9999 -9999 -9999 -9999 -9999 -9999 -9999 -9999 -9999 -9999 -9999 -9999 -9999 -9999 -9999 -9999 -9999 -9999 -9999 -9999 -9999 -9999 -9999 -9999 -9999 -9999 -9999 -9999 -9999 -9999 301 303 303 304 304 304 304 304 308 308 310 309 322 322 325 334 334 342 343 343 015 016 016 022 022 030 030 033 033 033 044 043 043 043 045 045 045 047 047 047 048 048 048 048 048 048 048 048 048 050 050 050 050 052 -9999
-9999 -9999 -9999 -9999 -9999 -9999 -9999 -9999 -9999 -9999 -9999 -9999 -9999 -9999 -9999 -9999 -9999 -9999 -9999 -9999 -9999 -9999 -9999 -9999 -9999 -9999 -9999 -9999 -9999 -9999 -9999 301 301 303 303 304 304 304 304 304 308 308 309 309 322 324 324 334 342 341 018 018 017 022 022 031 031 032 032 044 044 044 044 044 044 048 048 047 048 048 048 048 048 048 048 048 048 050 050 050 050 052 052 052 052 -9999
-9999 -9999 -9999 -9999 -9999 -9999 -9999 -9999 -9999 -9999 -9999 -9999 -9999 -9999 -9999 -9999 -9999 -9999 -9999 -9999 -9999 -9999 -9999 -9999 -9999 -9999 -9999 -9999 -9999 -9999 300 300 300 301 301 303 304 304 304 304 304 308 308 308 308 323 324 335 339 337 021 019 022 022 031 032 032 045 045 044 044 044 044 048 048 048 048 048 048 048 048 048 048 048 050 050 050 051 051 051 051 052 052 052 058 057
-9999 -9999 -9999 -9999 -9999 -9999 -9999 -9999 -9999 -9999 -9999 -9999 -9999 -9999 -9999 -9999 -9999 -9999 -9999 -9999 -9999 -9999 -9999 -9999 -9999 -9999 -9999 -9999 -9999 -9999 300 300 300 300 301 301 301 304 304 304 304 304 304 308 308 324 324 324 335 333 022 022 031 031 031 045 045 045 045 044 048 048 048 048 048 048 048 048 048 048 048 050 050 050 051 051 051 051 051 051 058 058 058 058 058 058
-9999 -9999 -9999 -9999 -9999 -9999 -9999 -9999 -9999 -9999 -9999 -9999 -9999 -9999 -9999 -9999 -9999 -9999 -9999 -9999 -9999 -9999 -9999 -9999 -9999 -9999 -9999 -9999 -9999 292 292 292 300 300 300 300 301 301 304 304 304 304 304 304 307 307 324 325 330 030 027 030 030 031 046 045 045 048 048 048 048 048 048 048 048 048 048 048 050 050 050 051 051 051 051 051 058 058 058 058 058 058 058 058 058 058
-9999 -9999 -9999 -9999 -9999 -9999 -9999 -9999 -9999 -9999 -9999 -9999 -9999 -9999 -9999 -9999 -9999 -9999 -9999 -9999 -9999 -9999 -9999 -9999 -9999 -9999 -9999 -9999 -9999 292 292 292 292 292 292 300 300 301 301 301 304 304 304 304 304 307 306 325 321 034 030 030 047 046 046 048 048 048 048 048 048 048 048 048 048 050 050 050 051 051 051 051 058 058 058 058 058 058 058 058 058 060 060 060 060 060
-9999 -9999 -9999 -9999 -9999 -9999 -9999 -9999 -9999 -9999 -9999 -9999 -9999 -9999 -9999 -9999 -9999 -9999 -9999 -9999 -9999 -9999 -9999 -9999 -9999 -9999 -9999 -9999 -9999 290 290 290 292 292 292 291 291 301 301 301 301 304 304 304 304 304 304 304 -9999 -9999 048 048 048 048 048 048 048 048 048 048 048 050 050 050 050 050 050 050 059 059 058 058 058 058 058 060 060 060 060 060 060 060 060 060 060 060
-9999 -9999 -9999 -9999 -9999 -9999 -9999 -9999 -9999 -9999 -9999 -9999 -9999 -9999 -9999 -9999 -9999 -9999 -9999 -9999 -9999 -9999 -9999 -9999 -9999 -9999 -9999 -9999 285 290 290 290 290 290 290 290 291 291 291 301 301 302 302 304 304 304 304 -9999 -9999 -9999 -9999 048 048 048 048 048 048 048 050 050 050 050 050 050 059 059 059 059 059 060 060 060 060 060 060 060 060 060 060 065 065 065 065 065 065 065
-9999 -9999 -9999 -9999 -9999 -9999 -9999 -9999 -9999 -9999 -9999 -9999 -9999 -9999 -9999 -9999 -9999 -9999 -9999 -9999 -9999 -9999 -9999 -9999 -9999 -9999 -9999 -9999 284 284 284 284 284 290 290 290 290 290 290 290 290 290 302 302 304 304 -9999 -9999 -9999 -9999 -9999 -9999 048 048 048 049 049 049 049 050 060 060 059 059 059 059 060 060 060 060 060 066 066 066 066 066 066 066 066 065 065 065 066 066 066 066
-9999 -9999 -9999 -9999 -9999 -9999 -9999 -9999 -9999 -9999 -9999 -9999 -9999 -9999 -9999 -9999 -9999 -9999 -9999 -9999 -9999 -9999 -9999 -9999 -9999 -9999 -9999 -9999 284 284 284 284 284 284 284 284 284 284 284 290 290 290 290 290 303 304 -9999 -9999 -9999 -9999 -9999 -9999 -9999 048 048 060 060 060 060 060 060 060 060 066 066 066 066 066 066 066 066 066 066 066 066 066 066 066 066 066 066 066 066 066 066 066
-9999 -9999 -9999 -9999 -9999 -9999 -9999 -9999 -9999 -9999 -9999 -9999 -9999 -9999 -9999 -9999 -9999 -9999 -9999 -9999 -9999 -9999 -9999 -9999 -9999 -9999 -9999 280 280 280 280 280 280 284 284 284 284 284 284 284 284 284 286 289 292 -9999 -9999 -9999 -9999 -9999 -9999 -9999 -9999 053 056 059 060 063 065 066 066 066 066 066 066 066 066 066 071 071 071 071 071 071 071 071 071 071 071 071 071 071 071 071 071 071
-9999 -9999 -9999 -9999 -9999 -9999 -9999 -9999 -9999 -9999 -9999 -9999 -9999 -9999 -9999 -9999 -9999 -9999 -9999 -9999 -9999 -9999 -9999 -9999 -9999 -9999 -9999 280 280 280 280 280 280 280 280 279 279 279 279 280 282 284 286 290 239 -9999 -9999 -9999 -9999 -9999 -9999 -9999 -9999 117 114 111 109 063 064 065 066 069 070 071 071 071 071 071 071 071 071 071 071 071 071 071 071 071 071 071 071 071 071 071 071 071
-9999 -9999 -9999 -9999 -9999 -9999 -9999 -9999 -9999 -9999 -9999 -9999 -9999 -9999 -9999 -9999 -9999 -9999 -9999 -9999 -9999 -9999 -9999 -9999 -9999 -9999 -9999 276 276 276 276 276 276 276 276 276 277 278 280 280 254 252 249 247 242 232 -9999 -9999 -9999 -9999 -9999 -9999 -9999 123 114 111 109 107 105 104 103 102 101 070 071 072 073 074 075 075 075 076 075 075 075 075 075 075 075 075 075 075 075 075 075 075
-9999 -9999 -9999 -9999 -9999 -9999 -9999 -9999 -9999 -9999 -9999 -9999 -9999 -9999 -9999 -9999 -9999 -9999 -9999 -9999 -9999 -9999 -9999 -9999 -9999 -9999 -9999 276 276 274 274 274 275 275 276 276 258 258 257 255 254 253 250 243 243 232 232 -9999 -9999 -9999 -9999 -9999 123 123 123 123 109 109 109 104 103 102 101 100 099 098 098 098 097 096 075 075 076 077 077 077 078 078 078 078 078 078 078 078 078 078
-9999 -9999 -9999 -9999 -9999 -9999 -9999 -9999 -9999 -9999 -9999 -9999 -9999 -9999 -9999 -9999 -9999 -9999 -9999 -9999 -9999 -9999 -9999 -9999 -9999 -9999 -9999 274 274 274 274 274 275 260 260 259 258 258 255 255 250 250 243 243 233 232 232 -9999 -9999 -9999 -9999 123 123 123 123 123 122 122 109 109 109 102 102 102 098 098 098 098 097 096 096 095 095 095 094 094 078 078 078 078 078 079 079 079 079 078
-9999 -9999 -9999 -9999 -9999 -9999 -9999 -9999 -9999 -9999 -9999 -9999 -9999 -9999 -9999 -9999 -9999 -9999 -9999 -9999 -9999 -9999 -9999 -9999 -9999 -9999 -9999 273 274 262 261 261 261 260 260 258 258 255 255 250 250 243 243 233 233 232 232 232 -9999 -9999 -9999 123 123 123 123 123 123 122 122 122 109 109 109 102 102 102 102 098 098 098 098 095 095 094 094 094 093 093 093 093 092 092 092 079 079 080
-9999 -9999 -9999 -9999 -9999 -9999 -9999 -9999 -9999 -9999 -9999 -9999 -9999 -9999 -9999 -9999 -9999 -9999 -9999 -9999 -9999 -9999 -9999 -9999 -9999 -9999 -9999 262 262 262 261 261 261 258 258 255 255 255 250 250 243 243 233 233 232 232 232 232 231 -9999 134 123 124 123 123 123 123 123 123 121 121 121 109 110 110 110 102 102 102 102 098 098 098 098 098 094 094 094 094 093 092 092 092 092 092 092
-9999 -9999 -9999 -9999 -9999 -9999 -9999 -9999 -9999 -9999 -9999 -9999 -9999 -9999 -9999 -9999 -9999 -9999 -9999 -9999 -9999 -9999 -9999 -9999 -9999 -9999 -9999 262 261 261 258 258 258 255 255 255 250 250 250 243 243 243 233 232 232 232 232 230 214 217 140 144 144 125 125 123 123 123 123 123 123 121 121 121 110 110 110 110 102 102 102 102 102 098 098 098 098 098 094 094 094 094 094 092 092 092
-9999 -9999 -9999 -9999 -9999 -9999 -9999 -9999 -9999 -9999 -9999 -9999 -9999 -9999 -9999 -9999 -9999 -9999 -9999 -9999 -9999 -9999 -9999 -9999 -9999 -9999 -9999 261 258 258 258 258 255 255 255 250 250 250 243 243 243 234 234 232 232 232 229 230 214 209 144 144 145 144 125 125 123 123 123 123 123 123 121 121 121 121 110 110 110 109 109 102 102 102 102 102 098 098 098 098 098 098 094 094 094 094
-9999 -9999 -9999 -9999 -9999 -9999 -9999 -9999 -9999 -9999 -9999 -9999 -9999 -9999 -9999 -9999 -9999 -9999 -9999 -9999 -9999 -9999 -9999 -9999 -9999 -9999 -9999 -9999 258 258 254 254 255 250 250 249 250 243 243 242 234 234 232 232 232 232 229 229 214 207 209 149 152 144 144 126 126 126 123 123 123 123 123 123 121 121 121 110 110 111 109 109 109 109 102 102 103 103 102 102 098 098 098 098 098 094
-9999 -9999 -9999 -9999 -9999 -9999 -9999 -9999 -9999 -9999 -9999 -9999 -9999 -9999 -9999 -9999 -9999 -9999 -9999 -9999 -9999 -9999 -9999 -9999 -9999 -9999 -9999 -9999 255 255 254 254 250 250 249 249 243 243 242 234 234 234 232 232 232 228 229 215 214 205 205 152 154 154 144 144 126 126 127 123 123 123 123 123 123 121 121 121 120 111 111 111 109 109 109 109 103 103 103 102 102 102 102 098 098 098
-9999 -9999 -9999 -9999 -9999 -9999 -9999 -9999 -9999 -9999 -9999 -9999 -9999 -9999 -9999 -9999 -9999 -9999 -9999 -9999 -9999 -9999 -9999 -9999 -9999 -9999 -9999 -9999 255 254 254 250 250 249 249 243 243 242 242 234 234 232 232 232 232 228 228 215 215 205 203 156 156 154 154 144 144 127 127 127 127 123 123 123 123 123 123 120 120 120 120 111 111 111 111 109 109 109 109 103 103 103 102 102 102 102
-9999 -9999 -9999 -9999 -9999 -9999 -9999 -9999 -9999 -9999 -9999 -9999 -9999 -9999 -9999 -9999 -9999 -9999 -9999 -9999 -9999 -9999 -9999 -9999 -9999 -9999 -9999 -9999 254 250 250 250 249 249 244 243 242 242 234 234 232 232 232 232 228 228 228 215 215 205 200 201 158 159 154 154 144 144 144 127 127 127 123 123 123 123 123 123 123 120 120 120 120 111 111 111 111 109 109 109 109 103 103 103 103 102
-9999 -9999 -9999 -9999 -9999 -9999 -9999 -9999 -9999 -9999 -9999 -9999 -9999 -9999 -9999 -9999 -9999 -9999 -9999 -9999 -9999 -9999 -9999 -9999 -9999 -9999 -9999 -9999 -9999 250 249 249 249 244 244 242 242 235 234 234 232 232 232 232 228 228 216 216 215 205 200 200 159 160 160 154 154 144 143 143 127 127 127 127 123 123 123 123 123 123 120 120 120 120 120 111 111 111 111 109 109 109 109 109 103 103
-9999 -9999 -9999 -9999 -9999 -9999 -9999 -9999 -9999 -9999 -9999 -9999 -9999 -9999 -9999 -9999 -9999 -9999 -9999 -9999 -9999 -9999 -9999 -9999 -9999 -9999 -9999 -9999 -9999 249 249 249 244 244 242 242 235 235 234 232 232 232 232 228 228 228 216 214 214 206 200 195 196 162 160 154 154 144 144 142 142 128 128 127 127 123 123 123 123 123 123 123 120 120 120 120 120 111 111 111 111 109 109 109 109 109
-9999 -9999 -9999 -9999 -9999 -9999 -9999 -9999 -9999 -9999 -9999 -9999 -9999 -9999 -9999 -9999 -9999 -9999 -9999 -9999 -9999 -9999 -9999 -9999 -9999 -9999 -9999 -9999 -9999 249 244 244 244 242 242 242 235 234 234 232 232 232 232 228 227 227 216 214 206 206 200 195 195 163 163 160 154 154 144 144 142 142 128 128 128 127 127 123 123 123 123 123 123 123 120 120 120 120 119 111 111 111 111 109 109 109
-9999 -9999 -9999 -9999 -9999 -9999 -9999 -9999 -9999 -9999 -9999 -9999 -9999 -9999 -9999 -9999 -9999 -9999 -9999 -9999 -9999 -9999 -9999 -9999 -9999 -9999 -9999 -9999 -9999 -9999 244 244 242 242 242 235 235 234 232 232 232 232 228 228 227 216 216 214 206 206 200 194 194 164 164 160 160 154 154 144 144 142 142 142 128 129 127 127 123 123 123 123 123 123 123 120 120 120 119 119 119 111 111 111 111 111
-9999 -9999 -9999 -9999 -9999 -9999 -9999 -9999 -9999 -9999 -9999 -9999 -9999 -9999 -9999 -9999 -9999 -9999 -9999 -9999 -9999 -9999 -9999 -9999 -9999 -9999 -9999 -9999 -9999 -9999 244 242 242 241 235 235 234 232 232 232 232 232 228 227 227 217 216 214 206 206 200 200 194 192 165 165 160 160 154 154 144 144 142 142 142 129 129 127 127 127 123 123 123 123 123 123 123 120 120 119 119 119 119 111 112 111
-9999 -9999 -9999 -9999 -9999 -9999 -9999 -9999 -9999 -9999 -9999 -9999 -9999 -9999 -9999 -9999 -9999 -9999 -9999 -9999 -9999 -9999 -9999 -9999 -9999 -9999 -9999 -9999 -9999 -9999 -9999 242 241 235 235 234 234 232 232 232 232 228 228 227 227 217 217 214 206 206 200 200 194 191 165 165 165 160 154 154 154 144 144 142 142 142 129 129 129 127 127 123 123 123 123 123 123 123 123 120 120 119 119 119 119 112
-9999 -9999 -9999 -9999 -9999 -9999 -9999 -9999 -9999 -9999 -9999 -9999 -9999 -9999 -9999 -9999 -9999 -9999 -9999 -9999 -9999 -9999 -9999 -9999 -9999 -9999 -9999 -9999 -9999 -9999 -9999 241 241 235 235 234 232 232 232 232 232 228 226 227 217 217 214 214 206 205 200 200 194 190 190 166 165 160 160 154 154 153 144 145 142 141 141 129 129 129 127 127 127 123 123 123 123 123 123 123 120 120 120 119 119 119
-9999 -9999 -9999 -9999 -9999 -9999 -9999 -9999 -9999 -9999 -9999 -9999 -9999 -9999 -9999 -9999 -9999 -9999 -9999 -9999 -9999 -9999 -9999 -9999 -9999 -9999 -9999 -9999 -9999 -9999 -9999 -9999 235 235 234 234 232 232 232 232 228 228 226 226 217 217 214 214 206 205 200 200 194 190 190 167 167 165 160 160 154 153 153 145 145 141 141 141 129 129 129 129 127 127 123 123 124 123 123 123 123 123 120 120 119 119
-9999 -9999 -9999 -9999 -9999 -9999 -9999 -9999 -9999 -9999 -9999 -9999 -9999 -9999 -9999 -9999 -9999 -9999 -9999 -9999 -9999 -9999 -9999 -9999 -9999 -9999 -9999 -9999 -9999 -9999 -9999 -9999 -9999 235 234 232 232 232 232 232 228 226 226 226 217 217 214 214 206 205 200 200 194 189 189 168 168 165 165 160 160 154 153 153 145 145 141 141 141 141 129 129 129 127 127 127 124 124 123 123 123 123 123 123 120 120
-9999 -9999 -9999 -9999 -9999 -9999 -9999 -9999 -9999 -9999 -9999 -9999 -9999 -9999 -9999 -9999 -9999 -9999 -9999 -9999 -9999 -9999 -9999 -9999 -9999 -9999 -9999 -9999 -9999 -9999 -9999 -9999 -9999 234 232 232 232 232 232 228 228 226 226 218 218 217 214 214 206 205 200 200 194 194 189 188 168 168 165 160 160 154 154 153 153 145 145 141 141 140 140 129 130 129 129 127 127 124 124 124 123 123 123 123 123 120
-9999 -9999 -9999 -9999 -9999 -9999 -9999 -9999 -9999 -9999 -9999 -9999 -9999 -9999 -9999 -9999 -9999 -9999 -9999 -9999 -9999 -9999 -9999 -9999 -9999 -9999 -9999 -9999 -9999 -9999 -9999 -9999 -9999 -9999 232 232 232 231 232 228 226 226 226 218 217 217 214 214 207 205 200 200 194 194 189 188 168 168 165 165 160 160 154 154 153 153 145 145 141 141 140 140 130 130 129 129 127 127 127 124 124 123 123 123 123 123
-9999 -9999 -9999 -9999 -9999 -9999 -9999 -9999 -9999 -9999 -9999 -9999 -9999 -9999 -9999 -9999 -9999 -9999 -9999 -9999 -9999 -9999 -9999 -9999 -9999 -9999 -9999 -9999 -9999 -9999 -9999 -9999 -9999 -9999 -9999 232 231 231 228 228 226 226 226 218 216 214 213 213 207 205 200 200 194 194 190 187 187 169 169 165 165 160 160 154 154 153 145 145 145 141 141 140 140 130 130 129 129 127 127 127 124 124 124 123 123 123
-9999 -9999 -9999 -9999 -9999 -9999 -9999 -9999 -9999 -9999 -9999 -9999 -9999 -9999 -9999 -9999 -9999 -9999 -9999 -9999 -9999 -9999 -9999 -9999 -9999 -9999 -9999 -9999 -9999 -9999 -9999 -9999 -9999 -9999 -9999 -9999 231 231 228 228 226 226 218 218 216 214 213 207 207 205 200 200 194 194 190 187 187 170 169 169 165 160 160 160 154 153 153 145 145 145 141 141 140 140 140 130 130 129 129 127 127 127 124 124 124 123
-9999 -9999 -9999 -9999 -9999 -9999 -9999 -9999 -9999 -9999 -9999 -9999 -9999 -9999 -9999 -9999 -9999 -9999 -9999 -9999 -9999 -9999 -9999 -9999 -9999 -9999 -9999 -9999 -9999 -9999 -9999 -9999 -9999 -9999 -9999 -9999 -9999 228 228 226 225 225 218 218 216 214 213 207 207 205 200 200 200 194 190 190 187 170 170 169 165 165 160 160 154 154 153 153 145 145 145 141 141 140 140 140 130 130 129 129 127 127 127 124 124 -9999
-9999 -9999 -9999 -9999 -9999 -9999 -9999 -9999 -9999 -9999 -9999 -9999 -9999 -9999 -9999 -9999 -9999 -9999 -9999 -9999 -9999 -9999 -9999 -9999 -9999 -9999 -9999 -9999 -9999 -9999 -9999 -9999 -9999 -9999 -9999 -9999 -9999 228 228 226 225 225 218 218 216 214 213 207 207 205 200 200 199 194 190 190 186 186 170 169 169 165 165 160 160 154 154 153 153 145 145 145 141 141 140 140 140 130 130 131 129 129 127 127 -9999 -9999
