examples/flatland/Outputs/centerIgnit/b_RAWS/clockwise/3hr/flatland_centerIgnit_clockwise3hr_RAWS/flatland_centerIgnit_clockwise3hr_RAWS_Intensity.asc
NCOLS 100
NROWS 100
XLLCORNER 20000.000000
YLLCORNER 20000.000000
CELLSIZE 30.000000
NODATA_VALUE -9999.0
[rows 28 to 55 of 100, columns 0 to 62 of 100]
-9999.0 -9999.0 -9999.0 -9999.0 -9999.0 -9999.0 -9999.0 -9999.0 -9999.0 -9999.0 -9999.0 -9999.0 -9999.0 -9999.0 -9999.0 -9999.0 -9999.0 -9999.0 -9999.0 -9999.0 -9999.0 -9999.0 -9999.0 -9999.0 -9999.0 -9999.0 -9999.0 00018.394 00018.906 00023.757 00024.471 00025.121 00025.678 00026.234 00026.790 00027.540 00028.252 00029.102 00030.280 00031.561 00039.770 00050.212 00051.363 00052.233 00053.084 00053.871 00054.610 00055.342 00055.714 00055.334 00054.885 00054.254 00053.542 00052.837 00051.850 00050.862 00049.840 00051.647 00052.742 00052.596 00052.247 00051.885 00051.526
-9999.0 -9999.0 -9999.0 -9999.0 -9999.0 -9999.0 -9999.0 -9999.0 -9999.0 -9999.0 -9999.0 -9999.0 -9999.0 -9999.0 -9999.0 -9999.0 -9999.0 -9999.0 -9999.0 -9999.0 -9999.0 -9999.0 -9999.0 -9999.0 -9999.0 -9999.0 00018.159 00018.698 00020.864 00023.993 00024.595 00025.256 00025.886 00026.504 00027.048 00027.641 00028.367 00029.185 00030.259 00041.256 00049.157 00050.277 00051.425 00052.413 00053.297 00054.165 00054.994 00055.755 00056.186 00055.770 00055.252 00054.587 00053.821 00053.037 00051.948 00050.921 00049.851 00048.232 00051.694 00053.007 00052.740 00052.335 00051.907
-9999.0 -9999.0 -9999.0 -9999.0 -9999.0 -9999.0 -9999.0 -9999.0 -9999.0 -9999.0 -9999.0 -9999.0 -9999.0 -9999.0 -9999.0 -9999.0 -9999.0 -9999.0 -9999.0 -9999.0 -9999.0 -9999.0 -9999.0 -9999.0 -9999.0 -9999.0 00018.437 00018.968 00023.146 00024.045 00024.671 00025.260 00026.022 00026.703 00027.337 00027.818 00028.491 00029.296 00035.420 00047.718 00049.060 00050.218 00051.418 00052.582 00053.502 00054.422 00055.276 00056.140 00056.660 00056.190 00055.605 00054.898 00054.099 00053.158 00052.001 00050.903 00049.579 00048.445 00047.676 00051.970 00053.083 00052.744 00052.301
-9999.0 -9999.0 -9999.0 -9999.0 -9999.0 -9999.0 -9999.0 -9999.0 -9999.0 -9999.0 -9999.0 -9999.0 -9999.0 -9999.0 -9999.0 -9999.0 -9999.0 -9999.0 -9999.0 -9999.0 -9999.0 -9999.0 -9999.0 -9999.0 -9999.0 00017.849 00018.692 00019.911 00023.090 00023.989 00024.707 00025.413 00026.127 00026.888 00027.509 00028.075 00028.624 00029.450 00046.255 00047.279 00048.861 00050.126 00051.384 00052.683 00053.697 00054.631 00055.332 00056.142 00056.721 00056.253 00055.725 00055.113 00054.372 00053.265 00051.924 00050.548 00049.326 00048.546 00047.883 00047.843 00052.483 00053.074 00052.765
-9999.0 -9999.0 -9999.0 -9999.0 -9999.0 -9999.0 -9999.0 -9999.0 -9999.0 -9999.0 -9999.0 -9999.0 -9999.0 -9999.0 -9999.0 -9999.0 -9999.0 -9999.0 -9999.0 -9999.0 -9999.0 -9999.0 -9999.0 -9999.0 -9999.0 00018.361 00018.921 00022.240 00023.035 00023.859 00024.713 00025.429 00026.195 00026.963 00027.664 00028.360 00028.922 00044.481 00046.161 00047.003 00048.366 00049.998 00051.286 00052.666 00053.634 00054.493 00055.339 00056.231 00057.001 00056.390 00055.848 00055.091 00054.297 00053.282 00051.793 00050.565 00049.603 00048.670 00048.044 00047.689 00048.252 00053.069 00053.153
-9999.0 -9999.0 -9999.0 -9999.0 -9999.0 -9999.0 -9999.0 -9999.0 -9999.0 -9999.0 -9999.0 -9999.0 -9999.0 -9999.0 -9999.0 -9999.0 -9999.0 -9999.0 -9999.0 -9999.0 -9999.0 -9999.0 -9999.0 -9999.0 -9999.0 00018.593 00019.130 00022.414 00023.063 00023.700 00024.478 00025.299 00026.169 00027.011 00027.772 00028.516 00036.190 00045.446 00046.081 00046.925 00047.767 00049.513 00050.851 00052.269 00053.568 00054.502 00055.371 00056.388 00057.203 00056.540 00055.952 00054.982 00054.102 00052.855 00051.418 00050.569 00049.588 00048.768 00048.323 00047.965 00047.335 00048.688 00053.421
-9999.0 -9999.0 -9999.0 -9999.0 -9999.0 -9999.0 -9999.0 -9999.0 -9999.0 -9999.0 -9999.0 -9999.0 -9999.0 -9999.0 -9999.0 -9999.0 -9999.0 -9999.0 -9999.0 -9999.0 -9999.0 -9999.0 -9999.0 -9999.0 00018.145 00018.855 00020.184 00022.443 00023.083 00023.645 00024.330 00025.235 00026.022 00026.902 00027.882 00028.680 00045.069 00045.637 00046.075 00046.841 00047.757 00049.104 00050.072 00051.955 00053.266 00054.303 00055.524 00056.546 00057.390 00056.703 00056.009 00054.881 00053.747 00052.597 00051.230 00050.377 00049.634 00048.993 00048.619 00048.020 00047.395 00046.495 00049.079
-9999.0 -9999.0 -9999.0 -9999.0 -9999.0 -9999.0 -9999.0 -9999.0 -9999.0 -9999.0 -9999.0 -9999.0 -9999.0 -9999.0 -9999.0 -9999.0 -9999.0 -9999.0 -9999.0 -9999.0 -9999.0 -9999.0 -9999.0 -9999.0 00018.467 00019.052 00021.392 00022.443 00023.099 00023.681 00024.384 00025.164 00025.906 00026.745 00027.736 00041.301 00045.012 00045.766 00046.275 00046.741 00047.780 00048.629 00049.646 00051.235 00052.632 00053.982 00055.314 00056.510 00057.576 00056.742 00055.861 00054.730 00053.499 00052.359 00051.153 00050.169 00049.543 00049.303 00048.844 00048.058 00047.161 00045.939 00044.578
-9999.0 -9999.0 -9999.0 -9999.0 -9999.0 -9999.0 -9999.0 -9999.0 -9999.0 -9999.0 -9999.0 -9999.0 -9999.0 -9999.0 -9999.0 -9999.0 -9999.0 -9999.0 -9999.0 -9999.0 -9999.0 -9999.0 -9999.0 -9999.0 00018.670 00019.246 00021.661 00022.332 00023.024 00023.695 00024.367 00025.078 00025.776 00026.599 00029.240 00043.737 00044.973 00045.658 00046.507 00046.950 00047.382 00048.273 00049.277 00050.867 00052.195 00053.671 00054.991 00056.380 00057.766 00056.717 00055.692 00054.501 00053.198 00051.957 00050.768 00050.008 00049.640 00049.514 00048.923 00047.981 00047.030 00045.668 00044.277
-9999.0 -9999.0 -9999.0 -9999.0 -9999.0 -9999.0 -9999.0 -9999.0 -9999.0 -9999.0 -9999.0 -9999.0 -9999.0 -9999.0 -9999.0 -9999.0 -9999.0 -9999.0 -9999.0 -9999.0 -9999.0 -9999.0 -9999.0 -9999.0 00018.875 00019.449 00021.599 00022.240 00022.831 00023.542 00024.301 00024.984 00025.633 00026.433 00038.660 00042.979 00044.471 00045.370 00046.371 00047.132 00047.305 00047.847 00048.840 00050.220 00051.691 00053.238 00054.667 00056.290 00058.342 00056.804 00055.562 00054.209 00052.830 00051.493 00050.422 00049.947 00049.803 00049.402 00048.832 00047.889 00046.744 00045.085 00043.811
-9999.0 -9999.0 -9999.0 -9999.0 -9999.0 -9999.0 -9999.0 -9999.0 -9999.0 -9999.0 -9999.0 -9999.0 -9999.0 -9999.0 -9999.0 -9999.0 -9999.0 -9999.0 -9999.0 -9999.0 -9999.0 -9999.0 -9999.0 -9999.0 00019.050 00019.745 00021.545 00022.164 00022.694 00023.402 00024.108 00024.804 00025.493 00026.298 00041.208 00042.333 00043.927 00045.112 00046.161 00046.867 00047.406 00047.584 00048.247 00049.474 00051.067 00052.798 00054.766 00056.719 00059.296 00057.383 00055.868 00054.033 00052.343 00050.957 00050.279 00050.061 00049.917 00049.407 00048.351 00047.772 00045.925 00044.478 00043.314
-9999.0 -9999.0 -9999.0 -9999.0 -9999.0 -9999.0 -9999.0 -9999.0 -9999.0 -9999.0 -9999.0 -9999.0 -9999.0 -9999.0 -9999.0 -9999.0 -9999.0 -9999.0 -9999.0 -9999.0 -9999.0 -9999.0 -9999.0 00018.564 00019.208 00020.204 00021.493 00022.104 00022.657 00023.300 00023.996 00024.685 00025.371 00028.579 00040.602 00041.663 00043.052 00044.830 00045.659 00046.547 00047.356 00047.660 00047.835 00048.625 00050.315 00052.503 00055.043 00057.395 00060.188 00058.089 00056.238 00054.030 00052.001 00050.678 00050.323 00050.181 00049.837 00048.892 00047.775 00046.578 00045.179 00043.952 00042.886
-9999.0 -9999.0 -9999.0 -9999.0 -9999.0 -9999.0 -9999.0 -9999.0 -9999.0 -9999.0 -9999.0 -9999.0 -9999.0 -9999.0 -9999.0 -9999.0 -9999.0 -9999.0 -9999.0 -9999.0 -9999.0 -9999.0 -9999.0 00018.749 00019.363 00020.408 00021.402 00022.023 00022.608 00023.219 00023.878 00024.552 00025.248 00034.233 00040.020 00041.006 00042.115 00043.589 00044.916 00045.825 00047.048 00047.732 00047.918 00048.227 00049.601 00052.152 00054.636 00057.237 00060.967 00058.249 00056.101 00053.935 00051.732 00050.790 00050.444 00050.243 00049.569 00048.319 00047.120 00045.885 00044.585 00043.477 00042.435
-9999.0 -9999.0 -9999.0 -9999.0 -9999.0 -9999.0 -9999.0 -9999.0 -9999.0 -9999.0 -9999.0 -9999.0 -9999.0 -9999.0 -9999.0 -9999.0 -9999.0 -9999.0 -9999.0 -9999.0 -9999.0 -9999.0 -9999.0 00018.897 00019.515 00020.462 00021.298 00021.904 00022.456 00023.100 00023.751 00024.384 00025.075 00038.375 00039.460 00040.393 00041.419 00042.483 00043.880 00045.036 00046.240 00047.517 00048.017 00048.407 00049.375 00051.372 00054.208 00057.028 00061.734 00058.591 00056.001 00053.617 00052.090 00051.293 00050.734 00050.216 00048.942 00047.645 00046.330 00045.189 00043.892 00042.982 00041.930
-9999.0 -9999.0 -9999.0 -9999.0 -9999.0 -9999.0 -9999.0 -9999.0 -9999.0 -9999.0 -9999.0 -9999.0 -9999.0 -9999.0 -9999.0 -9999.0 -9999.0 -9999.0 -9999.0 -9999.0 -9999.0 -9999.0 -9999.0 00019.065 00019.704 00020.337 00021.168 00021.814 00022.228 00022.901 00023.582 00024.237 00024.923 00037.859 00038.827 00039.773 00040.766 00041.637 00042.946 00044.055 00045.344 00046.706 00048.016 00048.827 00049.593 00050.614 00053.445 00057.092 00062.259 00058.737 00055.760 00053.340 00052.543 00051.914 00051.130 00049.786 00048.233 00046.754 00045.458 00044.338 00043.172 00042.579 00040.870
-9999.0 -9999.0 -9999.0 -9999.0 -9999.0 -9999.0 -9999.0 -9999.0 -9999.0 -9999.0 -9999.0 -9999.0 -9999.0 -9999.0 -9999.0 -9999.0 -9999.0 -9999.0 -9999.0 -9999.0 -9999.0 -9999.0 -9999.0 00019.328 00020.003 00020.094 00020.828 00021.440 00021.947 00022.574 00023.192 00023.890 00024.695 00036.556 00037.880 00039.175 00040.138 00040.833 00041.954 00042.982 00044.232 00045.679 00047.572 00049.264 00050.054 00050.788 00051.927 00054.751 00062.467 00057.407 00054.960 00053.818 00053.123 00052.472 00051.544 00049.283 00047.230 00045.794 00044.685 00043.359 00041.818 00040.819 00038.854
-9999.0 -9999.0 -9999.0 -9999.0 -9999.0 -9999.0 -9999.0 -9999.0 -9999.0 -9999.0 -9999.0 -9999.0 -9999.0 -9999.0 -9999.0 -9999.0 -9999.0 -9999.0 -9999.0 -9999.0 -9999.0 -9999.0 -9999.0 00019.561 00020.260 00019.990 00020.449 00021.008 00021.632 00022.215 00022.778 00023.386 00024.054 00035.154 00036.243 00037.633 00039.471 00039.472 00040.978 00042.007 00043.013 00044.498 00046.724 00049.207 00050.523 00051.287 00052.011 00052.800 -9999.0 -9999.000 00055.013 00054.376 00053.723 00053.009 00051.066 00048.745 00046.384 00044.527 00043.574 00041.257 00039.939 00038.070 00036.674
-9999.0 -9999.0 -9999.0 -9999.0 -9999.0 -9999.0 -9999.0 -9999.0 -9999.0 -9999.0 -9999.0 -9999.0 -9999.0 -9999.0 -9999.0 -9999.0 -9999.0 -9999.0 -9999.0 -9999.0 -9999.0 -9999.0 -9999.0 00019.733 00020.482 00020.383 00020.173 00020.714 00021.300 00021.832 00022.372 00022.876 00023.417 00033.565 00034.447 00035.573 00036.954 00037.607 00038.887 00040.723 00041.602 00043.268 00045.673 00048.016 00050.972 00051.761 00052.477 -9999.000 -9999.0 -9999.0 -9999.000 00054.942 00054.306 00053.024 00050.144 00048.102 00044.559 00041.918 00040.728 00038.887 00037.389 00035.433 00034.695
-9999.0 -9999.0 -9999.0 -9999.0 -9999.0 -9999.0 -9999.0 -9999.0 -9999.0 -9999.0 -9999.0 -9999.0 -9999.0 -9999.0 -9999.0 -9999.0 -9999.0 -9999.0 -9999.0 -9999.0 -9999.0 -9999.0 -9999.0 -9999.0 00020.551 00021.060 00019.981 00020.518 00020.982 00021.544 00022.113 00022.598 00023.143 00030.807 00032.623 00033.305 00034.145 00035.627 00036.586 00037.857 00038.934 00040.694 00044.156 00045.602 00049.880 00052.226 -9999.000 -9999.0 -9999.0 -9999.0 -9999.0 -9999.000 00054.871 00052.771 00047.549 00045.654 00042.060 00039.543 00037.238 00036.072 00034.916 00034.305 00033.671
-9999.0 -9999.0 -9999.0 -9999.0 -9999.0 -9999.0 -9999.0 -9999.0 -9999.0 -9999.0 -9999.0 -9999.0 -9999.0 -9999.0 -9999.0 -9999.0 -9999.0 -9999.0 -9999.0 -9999.0 -9999.0 -9999.0 -9999.0 -9999.0 00020.571 00021.199 00019.774 00020.307 00020.764 00021.314 00021.871 00022.358 00022.881 00025.510 00031.580 00032.048 00032.517 00032.760 00034.071 00034.669 00036.057 00037.902 00040.345 00042.289 00046.730 00052.607 -9999.0 -9999.0 -9999.0 -9999.0 -9999.0 -9999.0 -9999.000 00049.741 00044.592 00041.523 00038.448 00036.498 00034.188 00034.019 00033.678 00033.428 00032.850
-9999.0 -9999.0 -9999.0 -9999.0 -9999.0 -9999.0 -9999.0 -9999.0 -9999.0 -9999.0 -9999.0 -9999.0 -9999.0 -9999.0 -9999.0 -9999.0 -9999.0 -9999.0 -9999.0 -9999.0 -9999.0 -9999.0 -9999.0 -9999.0 00020.567 00021.236 00019.419 00020.096 00020.615 00021.099 00021.630 00022.124 00022.625 00023.183 00030.776 00031.208 00031.671 00031.990 00032.244 00032.308 00032.565 00034.293 00035.526 00038.286 00041.068 -9999.000 -9999.0 -9999.0 -9999.0 -9999.0 -9999.0 -9999.0 -9999.000 00044.416 00039.869 00036.134 00034.544 00033.679 00033.200 00032.899 00032.723 00032.491 00031.952
-9999.0 -9999.0 -9999.0 -9999.0 -9999.0 -9999.0 -9999.0 -9999.0 -9999.0 -9999.0 -9999.0 -9999.0 -9999.0 -9999.0 -9999.0 -9999.0 -9999.0 -9999.0 -9999.0 -9999.0 -9999.0 -9999.0 -9999.0 -9999.0 00020.561 00021.276 00020.629 00019.883 00020.395 00020.856 00021.362 00021.898 00022.374 00022.899 00029.017 00030.439 00030.834 00031.074 00031.189 00031.312 00031.439 00031.650 00032.027 00033.539 00034.517 -9999.000 -9999.0 -9999.0 -9999.0 -9999.0 -9999.0 -9999.0 -9999.0 00035.394 00034.981 00033.192 00032.555 00032.194 00032.013 00031.844 00031.700 00031.336 00030.960
-9999.0 -9999.0 -9999.0 -9999.0 -9999.0 -9999.0 -9999.0 -9999.0 -9999.0 -9999.0 -9999.0 -9999.0 -9999.0 -9999.0 -9999.0 -9999.0 -9999.0 -9999.0 -9999.0 -9999.0 -9999.0 -9999.0 -9999.0 -9999.0 00020.358 00021.332 00021.870 00019.633 00020.142 00020.577 00021.105 00021.636 00022.112 00022.611 00023.157 00029.514 00029.848 00030.173 00030.271 00030.350 00030.366 00030.346 00030.503 00031.004 00031.354 00031.500 -9999.000 -9999.0 -9999.0 -9999.0 -9999.0 -9999.0 -9999.000 00032.235 00031.969 00031.469 00030.990 00030.981 00030.939 00030.874 00030.427 00030.072 00030.038
-9999.0 -9999.0 -9999.0 -9999.0 -9999.0 -9999.0 -9999.0 -9999.0 -9999.0 -9999.0 -9999.0 -9999.0 -9999.0 -9999.0 -9999.0 -9999.0 -9999.0 -9999.0 -9999.0 -9999.0 -9999.0 -9999.0 -9999.0 -9999.0 -9999.0 00021.270 00021.933 00019.373 00019.898 00020.404 00020.855 00021.347 00021.850 00022.323 00022.837 00027.628 00028.750 00028.937 00029.386 00029.509 00029.470 00029.395 00029.272 00029.588 00030.221 00030.891 00031.566 -9999.0 -9999.0 -9999.0 -9999.0 -9999.000 00032.256 00031.519 00030.828 00030.187 00029.980 00029.945 00029.994 00029.898 00029.659 00029.104 00028.824
-9999.0 -9999.0 -9999.0 -9999.0 -9999.0 -9999.0 -9999.0 -9999.0 -9999.0 -9999.0 -9999.0 -9999.0 -9999.0 -9999.0 -9999.0 -9999.0 -9999.0 -9999.0 -9999.0 -9999.0 -9999.0 -9999.0 -9999.0 -9999.0 -9999.0 00021.196 00021.955 00021.786 00019.643 00020.136 00020.534 00021.073 00021.593 00022.054 00022.551 00023.087 00028.021 00028.266 00028.519 00028.784 00028.761 00028.817 00028.888 00029.050 00029.662 00030.337 00031.038 -9999.000 -9999.0 -9999.0 -9999.0 00032.497 00031.776 00031.039 00030.293 00029.842 00029.689 00029.540 00029.378 00029.276 00028.951 00028.597 00032.563
-9999.0 -9999.0 -9999.0 -9999.0 -9999.0 -9999.0 -9999.0 -9999.0 -9999.0 -9999.0 -9999.0 -9999.0 -9999.0 -9999.0 -9999.0 -9999.0 -9999.0 -9999.0 -9999.0 -9999.0 -9999.0 -9999.0 -9999.0 -9999.0 -9999.0 -9999.0 00021.935 00022.554 00019.271 00019.872 00020.365 00020.813 00021.302 00021.809 00022.261 00022.748 00023.897 00027.658 00027.924 00028.206 00028.459 00028.624 00028.764 00028.908 00029.147 00029.746 00030.412 00030.767 -9999.000 -9999.0 -9999.000 00031.272 00030.980 00030.393 00029.781 00029.684 00029.578 00029.428 00029.262 00028.864 00028.488 00028.131 00042.322
-9999.0 -9999.0 -9999.0 -9999.0 -9999.0 -9999.0 -9999.0 -9999.0 -9999.0 -9999.0 -9999.0 -9999.0 -9999.0 -9999.0 -9999.0 -9999.0 -9999.0 -9999.0 -9999.0 -9999.0 -9999.0 -9999.0 -9999.0 -9999.0 -9999.0 -9999.0 00021.817 00022.493 00022.148 00019.602 00020.094 00020.503 00021.011 00021.499 00021.951 00022.421 00022.900 00025.405 00027.523 00027.873 00028.239 00028.454 00028.560 00028.610 00028.615 00028.595 00028.835 00028.871 00028.411 -9999.000 00028.556 00029.171 00029.143 00028.904 00028.951 00029.051 00029.089 00029.075 00028.853 00028.544 00028.213 00037.338 00042.335
-9999.0 -9999.0 -9999.0 -9999.0 -9999.0 -9999.0 -9999.0 -9999.0 -9999.0 -9999.0 -9999.0 -9999.0 -9999.0 -9999.0 -9999.0 -9999.0 -9999.0 -9999.0 -9999.0 -9999.0 -9999.0 -9999.0 -9999.0 -9999.0 -9999.0 -9999.0 -9999.0 00022.369 00022.991 00019.176 00019.819 00020.288 00020.697 00021.177 00021.674 00022.092 00022.548 00023.018 00026.770 00027.538 00027.809 00028.066 00028.029 00028.007 00027.768 00027.536 00027.321 00027.185 00027.024 00026.423 00027.112 00027.323 00027.501 00027.759 00028.017 00028.370 00028.599 00028.569 00028.268 00027.995 00031.584 00041.952 00041.942
