examples/flatland/Outputs/centerIgnit/b_RAWS/clockwise/3hr/flatland_centerIgnit_clockwise3hr_RAWS/flatland_centerIgnit_clockwise3hr_RAWS_SpreadRate.asc
NCOLS 100
NROWS 100
XLLCORNER 20000.000000
YLLCORNER 20000.000000
CELLSIZE 30.000000
NODATA_VALUE -9999.0
[rows 31 to 61 of 100, columns 0 to 70 of 100]
-9999.0 -9999.0 -9999.0 -9999.0 -9999.0 -9999.0 -9999.0 -9999.0 -9999.0 -9999.0 -9999.0 -9999.0 -9999.0 -9999.0 -9999.0 -9999.0 -9999.0 -9999.0 -9999.0 -9999.0 -9999.0 -9999.0 -9999.0 -9999.0 -9999.0 01.07 01.11 01.17 01.35 01.39 01.43 01.46 01.50 01.53 01.56 01.58 01.60 01.64 02.56 02.61 02.69 02.76 02.82 02.89 02.94 02.98 03.02 03.07 03.10 03.07 03.04 03.01 02.97 02.92 02.85 02.78 02.72 02.68 02.65 02.66 02.92 02.96 02.95 02.94 02.92 02.91 02.90 02.89 02.87 02.85 02.83
-9999.0 -9999.0 -9999.0 -9999.0 -9999.0 -9999.0 -9999.0 -9999.0 -9999.0 -9999.0 -9999.0 -9999.0 -9999.0 -9999.0 -9999.0 -9999.0 -9999.0 -9999.0 -9999.0 -9999.0 -9999.0 -9999.0 -9999.0 -9999.0 -9999.0 01.10 01.12 01.31 01.34 01.38 01.43 01.46 01.49 01.53 01.56 01.59 01.61 02.47 02.55 02.59 02.66 02.74 02.81 02.88 02.93 02.97 03.02 03.06 03.11 03.07 03.04 03.01 02.96 02.91 02.83 02.77 02.73 02.68 02.65 02.64 02.68 02.95 02.97 02.96 02.94 02.93 02.92 02.90 02.88 02.86 02.84
-9999.0 -9999.0 -9999.0 -9999.0 -9999.0 -9999.0 -9999.0 -9999.0 -9999.0 -9999.0 -9999.0 -9999.0 -9999.0 -9999.0 -9999.0 -9999.0 -9999.0 -9999.0 -9999.0 -9999.0 -9999.0 -9999.0 -9999.0 -9999.0 -9999.0 01.11 01.13 01.31 01.34 01.37 01.41 01.45 01.49 01.53 01.56 01.59 02.01 02.52 02.54 02.58 02.62 02.71 02.78 02.85 02.92 02.97 03.02 03.07 03.11 03.08 03.05 03.00 02.95 02.89 02.81 02.76 02.72 02.68 02.66 02.65 02.62 02.71 02.97 02.97 02.96 02.95 02.93 02.91 02.89 02.87 02.85
-9999.0 -9999.0 -9999.0 -9999.0 -9999.0 -9999.0 -9999.0 -9999.0 -9999.0 -9999.0 -9999.0 -9999.0 -9999.0 -9999.0 -9999.0 -9999.0 -9999.0 -9999.0 -9999.0 -9999.0 -9999.0 -9999.0 -9999.0 -9999.0 01.09 01.12 01.19 01.31 01.34 01.37 01.40 01.44 01.48 01.52 01.56 01.60 02.50 02.52 02.54 02.57 02.62 02.68 02.73 02.83 02.90 02.96 03.02 03.07 03.12 03.08 03.05 02.99 02.93 02.87 02.79 02.75 02.71 02.69 02.67 02.65 02.62 02.58 02.73 02.98 02.98 02.96 02.94 02.92 02.90 02.88 02.85
-9999.0 -9999.0 -9999.0 -9999.0 -9999.0 -9999.0 -9999.0 -9999.0 -9999.0 -9999.0 -9999.0 -9999.0 -9999.0 -9999.0 -9999.0 -9999.0 -9999.0 -9999.0 -9999.0 -9999.0 -9999.0 -9999.0 -9999.0 -9999.0 01.10 01.13 01.26 01.31 01.34 01.36 01.40 01.43 01.47 01.50 01.55 02.30 02.49 02.52 02.54 02.56 02.61 02.66 02.71 02.79 02.86 02.93 03.01 03.07 03.13 03.08 03.03 02.97 02.91 02.85 02.79 02.74 02.71 02.70 02.68 02.64 02.60 02.54 02.47 02.89 02.98 02.96 02.94 02.92 02.90 02.88 02.86
-9999.0 -9999.0 -9999.0 -9999.0 -9999.0 -9999.0 -9999.0 -9999.0 -9999.0 -9999.0 -9999.0 -9999.0 -9999.0 -9999.0 -9999.0 -9999.0 -9999.0 -9999.0 -9999.0 -9999.0 -9999.0 -9999.0 -9999.0 -9999.0 01.11 01.14 01.27 01.30 01.33 01.36 01.39 01.42 01.45 01.49 01.63 02.42 02.48 02.51 02.55 02.57 02.59 02.63 02.68 02.77 02.84 02.91 02.98 03.06 03.13 03.08 03.02 02.96 02.89 02.83 02.76 02.72 02.71 02.70 02.68 02.63 02.59 02.52 02.45 02.60 02.97 02.97 02.95 02.92 02.90 02.88 02.86
-9999.0 -9999.0 -9999.0 -9999.0 -9999.0 -9999.0 -9999.0 -9999.0 -9999.0 -9999.0 -9999.0 -9999.0 -9999.0 -9999.0 -9999.0 -9999.0 -9999.0 -9999.0 -9999.0 -9999.0 -9999.0 -9999.0 -9999.0 -9999.0 01.12 01.15 01.26 01.29 01.32 01.35 01.39 01.42 01.44 01.48 02.15 02.38 02.45 02.49 02.54 02.57 02.58 02.61 02.66 02.73 02.81 02.89 02.96 03.05 03.15 03.07 03.01 02.94 02.87 02.80 02.74 02.72 02.71 02.70 02.67 02.62 02.57 02.48 02.42 02.37 02.86 02.97 02.95 02.93 02.90 02.88 02.86
-9999.0 -9999.0 -9999.0 -9999.0 -9999.0 -9999.0 -9999.0 -9999.0 -9999.0 -9999.0 -9999.0 -9999.0 -9999.0 -9999.0 -9999.0 -9999.0 -9999.0 -9999.0 -9999.0 -9999.0 -9999.0 -9999.0 -9999.0 -9999.0 01.13 01.16 01.26 01.29 01.31 01.34 01.37 01.40 01.43 01.47 02.28 02.34 02.42 02.47 02.52 02.56 02.58 02.59 02.62 02.69 02.77 02.86 02.96 03.05 03.18 03.09 03.01 02.92 02.84 02.77 02.73 02.72 02.72 02.69 02.64 02.61 02.52 02.45 02.39 02.34 02.59 02.96 02.95 02.92 02.90 02.88 02.85
-9999.0 -9999.0 -9999.0 -9999.0 -9999.0 -9999.0 -9999.0 -9999.0 -9999.0 -9999.0 -9999.0 -9999.0 -9999.0 -9999.0 -9999.0 -9999.0 -9999.0 -9999.0 -9999.0 -9999.0 -9999.0 -9999.0 -9999.0 01.11 01.14 01.19 01.25 01.28 01.31 01.33 01.36 01.39 01.42 01.59 02.25 02.30 02.37 02.45 02.49 02.54 02.58 02.59 02.60 02.64 02.72 02.83 02.96 03.07 03.21 03.11 03.02 02.91 02.81 02.75 02.73 02.73 02.71 02.66 02.60 02.54 02.47 02.41 02.36 02.32 02.33 02.94 02.95 02.92 02.89 02.87 02.84
-9999.0 -9999.0 -9999.0 -9999.0 -9999.0 -9999.0 -9999.0 -9999.0 -9999.0 -9999.0 -9999.0 -9999.0 -9999.0 -9999.0 -9999.0 -9999.0 -9999.0 -9999.0 -9999.0 -9999.0 -9999.0 -9999.0 -9999.0 01.12 01.15 01.20 01.25 01.28 01.30 01.33 01.36 01.38 01.41 01.90 02.21 02.26 02.31 02.38 02.45 02.50 02.56 02.59 02.60 02.61 02.68 02.80 02.92 03.05 03.24 03.10 03.00 02.89 02.79 02.75 02.74 02.73 02.69 02.63 02.57 02.50 02.43 02.38 02.33 02.28 02.23 02.79 02.94 02.91 02.87 02.84 02.80
-9999.0 -9999.0 -9999.0 -9999.0 -9999.0 -9999.0 -9999.0 -9999.0 -9999.0 -9999.0 -9999.0 -9999.0 -9999.0 -9999.0 -9999.0 -9999.0 -9999.0 -9999.0 -9999.0 -9999.0 -9999.0 -9999.0 -9999.0 01.13 01.15 01.20 01.24 01.27 01.29 01.32 01.35 01.37 01.40 02.13 02.18 02.22 02.27 02.32 02.39 02.45 02.51 02.58 02.60 02.62 02.65 02.75 02.88 03.02 03.26 03.10 02.97 02.86 02.79 02.76 02.75 02.72 02.66 02.59 02.52 02.46 02.40 02.35 02.30 02.24 02.17 02.54 02.89 02.86 02.83 02.80 02.76
-9999.0 -9999.0 -9999.0 -9999.0 -9999.0 -9999.0 -9999.0 -9999.0 -9999.0 -9999.0 -9999.0 -9999.0 -9999.0 -9999.0 -9999.0 -9999.0 -9999.0 -9999.0 -9999.0 -9999.0 -9999.0 -9999.0 -9999.0 01.14 01.17 01.20 01.23 01.26 01.28 01.31 01.34 01.36 01.39 02.10 02.14 02.19 02.23 02.27 02.34 02.40 02.46 02.53 02.60 02.63 02.66 02.70 02.83 03.01 03.27 03.09 02.95 02.83 02.80 02.78 02.76 02.69 02.62 02.54 02.47 02.41 02.36 02.33 02.24 02.15 02.08 02.31 02.82 02.81 02.78 02.75 02.72
-9999.0 -9999.0 -9999.0 -9999.0 -9999.0 -9999.0 -9999.0 -9999.0 -9999.0 -9999.0 -9999.0 -9999.0 -9999.0 -9999.0 -9999.0 -9999.0 -9999.0 -9999.0 -9999.0 -9999.0 -9999.0 -9999.0 -9999.0 01.15 01.18 01.18 01.21 01.24 01.26 01.29 01.31 01.34 01.38 02.03 02.09 02.15 02.19 02.23 02.28 02.34 02.40 02.48 02.57 02.64 02.67 02.69 02.74 02.87 03.26 03.01 02.89 02.85 02.82 02.80 02.77 02.66 02.56 02.49 02.43 02.36 02.28 02.23 02.13 02.05 01.99 02.28 02.77 02.76 02.73 02.71 02.68
-9999.0 -9999.0 -9999.0 -9999.0 -9999.0 -9999.0 -9999.0 -9999.0 -9999.0 -9999.0 -9999.0 -9999.0 -9999.0 -9999.0 -9999.0 -9999.0 -9999.0 -9999.0 -9999.0 -9999.0 -9999.0 -9999.0 -9999.0 01.17 01.20 01.18 01.19 01.22 01.24 01.27 01.29 01.31 01.34 01.95 02.00 02.07 02.16 02.15 02.23 02.28 02.33 02.41 02.51 02.63 02.69 02.71 02.73 02.76 -9999.0 -9999.00 02.88 02.86 02.84 02.82 02.73 02.62 02.51 02.42 02.37 02.24 02.18 02.08 02.01 01.96 01.91 02.33 02.74 02.72 02.70 02.68 02.65
-9999.0 -9999.0 -9999.0 -9999.0 -9999.0 -9999.0 -9999.0 -9999.0 -9999.0 -9999.0 -9999.0 -9999.0 -9999.0 -9999.0 -9999.0 -9999.0 -9999.0 -9999.0 -9999.0 -9999.0 -9999.0 -9999.0 -9999.0 01.18 01.21 01.20 01.18 01.20 01.23 01.25 01.27 01.29 01.31 01.86 01.90 01.95 02.02 02.05 02.12 02.21 02.26 02.34 02.45 02.56 02.70 02.73 02.75 -9999.00 -9999.0 -9999.0 -9999.00 02.88 02.86 02.81 02.67 02.58 02.40 02.27 02.21 02.11 02.04 01.93 01.90 01.88 01.85 02.44 02.70 02.68 02.67 02.65 02.62
-9999.0 -9999.0 -9999.0 -9999.0 -9999.0 -9999.0 -9999.0 -9999.0 -9999.0 -9999.0 -9999.0 -9999.0 -9999.0 -9999.0 -9999.0 -9999.0 -9999.0 -9999.0 -9999.0 -9999.0 -9999.0 -9999.0 -9999.0 -9999.0 01.22 01.24 01.17 01.19 01.21 01.23 01.26 01.27 01.29 01.71 01.80 01.83 01.87 01.94 01.99 02.06 02.11 02.20 02.36 02.42 02.63 02.74 -9999.00 -9999.0 -9999.0 -9999.0 -9999.0 -9999.00 02.88 02.78 02.52 02.44 02.26 02.14 02.02 01.96 01.90 01.87 01.85 01.82 01.80 02.61 02.67 02.65 02.63 02.61 02.59
-9999.0 -9999.0 -9999.0 -9999.0 -9999.0 -9999.0 -9999.0 -9999.0 -9999.0 -9999.0 -9999.0 -9999.0 -9999.0 -9999.0 -9999.0 -9999.0 -9999.0 -9999.0 -9999.0 -9999.0 -9999.0 -9999.0 -9999.0 -9999.0 01.22 01.25 01.16 01.18 01.20 01.22 01.24 01.26 01.28 01.42 01.75 01.76 01.78 01.79 01.85 01.88 01.95 02.04 02.15 02.24 02.46 02.75 -9999.0 -9999.0 -9999.0 -9999.0 -9999.0 -9999.0 -9999.00 02.61 02.36 02.21 02.06 01.98 01.86 01.85 01.84 01.83 01.81 01.78 01.81 02.63 02.63 02.61 02.58 02.56 02.54
-9999.0 -9999.0 -9999.0 -9999.0 -9999.0 -9999.0 -9999.0 -9999.0 -9999.0 -9999.0 -9999.0 -9999.0 -9999.0 -9999.0 -9999.0 -9999.0 -9999.0 -9999.0 -9999.0 -9999.0 -9999.0 -9999.0 -9999.0 -9999.0 01.23 01.25 01.14 01.17 01.19 01.21 01.23 01.25 01.27 01.29 01.70 01.72 01.74 01.75 01.76 01.76 01.77 01.85 01.90 02.03 02.15 -9999.00 -9999.0 -9999.0 -9999.0 -9999.0 -9999.0 -9999.0 -9999.00 02.32 02.10 01.93 01.86 01.83 01.80 01.79 01.79 01.78 01.76 01.74 02.08 02.59 02.59 02.56 02.54 02.52 02.51
-9999.0 -9999.0 -9999.0 -9999.0 -9999.0 -9999.0 -9999.0 -9999.0 -9999.0 -9999.0 -9999.0 -9999.0 -9999.0 -9999.0 -9999.0 -9999.0 -9999.0 -9999.0 -9999.0 -9999.0 -9999.0 -9999.0 -9999.0 -9999.0 01.23 01.26 01.21 01.16 01.18 01.20 01.22 01.24 01.26 01.28 01.61 01.68 01.69 01.70 01.70 01.70 01.71 01.71 01.72 01.78 01.82 -9999.00 -9999.0 -9999.0 -9999.0 -9999.0 -9999.0 -9999.0 -9999.0 01.86 01.85 01.78 01.76 01.75 01.74 01.73 01.73 01.72 01.71 01.69 02.41 02.56 02.54 02.52 02.50 02.49 02.47
-9999.0 -9999.0 -9999.0 -9999.0 -9999.0 -9999.0 -9999.0 -9999.0 -9999.0 -9999.0 -9999.0 -9999.0 -9999.0 -9999.0 -9999.0 -9999.0 -9999.0 -9999.0 -9999.0 -9999.0 -9999.0 -9999.0 -9999.0 -9999.0 01.22 01.27 01.29 01.15 01.17 01.19 01.21 01.23 01.25 01.27 01.29 01.63 01.64 01.65 01.65 01.65 01.65 01.65 01.65 01.66 01.66 01.65 -9999.00 -9999.0 -9999.0 -9999.0 -9999.0 -9999.0 -9999.00 01.70 01.70 01.69 01.68 01.68 01.68 01.68 01.66 01.65 01.66 01.75 02.49 02.50 02.49 02.47 02.46 02.44 02.42
-9999.0 -9999.0 -9999.0 -9999.0 -9999.0 -9999.0 -9999.0 -9999.0 -9999.0 -9999.0 -9999.0 -9999.0 -9999.0 -9999.0 -9999.0 -9999.0 -9999.0 -9999.0 -9999.0 -9999.0 -9999.0 -9999.0 -9999.0 -9999.0 -9999.0 01.27 01.30 01.14 01.16 01.18 01.20 01.22 01.24 01.26 01.28 01.54 01.59 01.59 01.61 01.61 01.60 01.60 01.59 01.59 01.61 01.63 01.65 -9999.0 -9999.0 -9999.0 -9999.0 -9999.00 01.70 01.67 01.65 01.63 01.63 01.63 01.63 01.63 01.63 01.60 01.60 02.23 02.44 02.44 02.43 02.42 02.40 02.39 02.38
-9999.0 -9999.0 -9999.0 -9999.0 -9999.0 -9999.0 -9999.0 -9999.0 -9999.0 -9999.0 -9999.0 -9999.0 -9999.0 -9999.0 -9999.0 -9999.0 -9999.0 -9999.0 -9999.0 -9999.0 -9999.0 -9999.0 -9999.0 -9999.0 -9999.0 01.27 01.30 01.28 01.15 01.17 01.19 01.21 01.23 01.25 01.27 01.29 01.55 01.56 01.57 01.57 01.57 01.57 01.57 01.57 01.59 01.62 01.64 -9999.00 -9999.0 -9999.0 -9999.0 01.70 01.68 01.66 01.63 01.62 01.61 01.61 01.60 01.60 01.59 01.58 01.81 02.39 02.40 02.38 02.37 02.36 02.35 02.34 02.32
-9999.0 -9999.0 -9999.0 -9999.0 -9999.0 -9999.0 -9999.0 -9999.0 -9999.0 -9999.0 -9999.0 -9999.0 -9999.0 -9999.0 -9999.0 -9999.0 -9999.0 -9999.0 -9999.0 -9999.0 -9999.0 -9999.0 -9999.0 -9999.0 -9999.0 -9999.0 01.30 01.33 01.13 01.16 01.18 01.20 01.22 01.24 01.26 01.27 01.33 01.53 01.54 01.55 01.55 01.56 01.56 01.57 01.58 01.60 01.62 01.62 -9999.00 -9999.0 -9999.00 01.65 01.65 01.63 01.61 01.61 01.61 01.60 01.60 01.59 01.57 01.56 02.35 02.37 02.36 02.35 02.33 02.32 02.31 02.29 02.28
-9999.0 -9999.0 -9999.0 -9999.0 -9999.0 -9999.0 -9999.0 -9999.0 -9999.0 -9999.0 -9999.0 -9999.0 -9999.0 -9999.0 -9999.0 -9999.0 -9999.0 -9999.0 -9999.0 -9999.0 -9999.0 -9999.0 -9999.0 -9999.0 -9999.0 -9999.0 01.30 01.33 01.30 01.15 01.17 01.18 01.21 01.23 01.24 01.26 01.28 01.41 01.52 01.53 01.55 01.55 01.56 01.56 01.55 01.55 01.54 01.53 01.50 -9999.00 01.51 01.55 01.56 01.56 01.57 01.58 01.58 01.59 01.58 01.57 01.56 02.08 02.36 02.35 02.34 02.32 02.30 02.29 02.28 02.26 02.24
-9999.0 -9999.0 -9999.0 -9999.0 -9999.0 -9999.0 -9999.0 -9999.0 -9999.0 -9999.0 -9999.0 -9999.0 -9999.0 -9999.0 -9999.0 -9999.0 -9999.0 -9999.0 -9999.0 -9999.0 -9999.0 -9999.0 -9999.0 -9999.0 -9999.0 -9999.0 -9999.0 01.33 01.36 01.13 01.15 01.18 01.19 01.21 01.23 01.25 01.27 01.29 01.49 01.52 01.53 01.54 01.53 01.52 01.51 01.49 01.48 01.46 01.44 01.40 01.45 01.47 01.49 01.51 01.52 01.54 01.56 01.56 01.56 01.55 01.76 02.34 02.35 02.33 02.32 02.30 02.29 02.27 02.25 02.23 02.22
-9999.0 -9999.0 -9999.0 -9999.0 -9999.0 -9999.0 -9999.0 -9999.0 -9999.0 -9999.0 -9999.0 -9999.0 -9999.0 -9999.0 -9999.0 -9999.0 -9999.0 -9999.0 -9999.0 -9999.0 -9999.0 -9999.0 -9999.0 -9999.0 -9999.0 -9999.0 -9999.0 01.33 01.37 01.40 01.14 01.16 01.18 01.20 01.22 01.24 01.25 01.27 01.29 01.50 01.51 01.51 01.51 01.50 01.48 01.46 01.43 01.41 01.40 01.37 01.40 01.42 01.44 01.47 01.48 01.50 01.51 01.52 01.52 01.51 02.29 02.32 02.31 02.30 02.29 02.28 02.26 02.25 02.23 02.22 02.19
-9999.0 -9999.0 -9999.0 -9999.0 -9999.0 -9999.0 -9999.0 -9999.0 -9999.0 -9999.0 -9999.0 -9999.0 -9999.0 -9999.0 -9999.0 -9999.0 -9999.0 -9999.0 -9999.0 -9999.0 -9999.0 -9999.0 -9999.0 -9999.0 -9999.0 -9999.0 -9999.0 -9999.0 01.37 01.41 01.29 01.15 01.17 01.19 01.21 01.22 01.24 01.26 01.28 01.30 01.47 01.47 01.46 01.46 01.43 01.42 01.41 01.39 01.37 01.35 01.37 01.39 01.41 01.42 01.44 01.45 01.46 01.47 01.47 02.12 02.26 02.26 02.26 02.25 02.24 02.24 02.23 02.21 02.20 02.18 02.17
-9999.0 -9999.0 -9999.0 -9999.0 -9999.0 -9999.0 -9999.0 -9999.0 -9999.0 -9999.0 -9999.0 -9999.0 -9999.0 -9999.0 -9999.0 -9999.0 -9999.0 -9999.0 -9999.0 -9999.0 -9999.0 -9999.0 -9999.0 -9999.0 -9999.0 -9999.0 -9999.0 -9999.0 01.37 01.40 01.43 01.18 01.15 01.17 01.19 01.21 01.23 01.25 01.27 01.29 01.31 01.43 01.42 01.42 01.41 01.40 01.38 01.37 01.36 01.34 01.36 01.38 01.39 01.40 01.41 01.42 01.43 01.43 02.03 02.17 02.19 02.21 02.21 02.20 02.20 02.20 02.19 02.18 02.16 02.15 02.14
-9999.0 -9999.0 -9999.0 -9999.0 -9999.0 -9999.0 -9999.0 -9999.0 -9999.0 -9999.0 -9999.0 -9999.0 -9999.0 -9999.0 -9999.0 -9999.0 -9999.0 -9999.0 -9999.0 -9999.0 -9999.0 -9999.0 -9999.0 -9999.0 -9999.0 -9999.0 -9999.0 -9999.0 -9999.0 01.39 01.43 01.45 01.14 01.16 01.18 01.19 01.22 01.24 01.25 01.28 01.30 01.32 01.38 01.38 01.38 01.37 01.37 01.36 01.34 01.33 01.34 01.36 01.37 01.38 01.38 01.39 01.46 02.06 02.09 02.11 02.10 02.12 02.15 02.16 02.15 02.16 02.15 02.14 02.12 02.12 02.10
-9999.0 -9999.0 -9999.0 -9999.0 -9999.0 -9999.0 -9999.0 -9999.0 -9999.0 -9999.0 -9999.0 -9999.0 -9999.0 -9999.0 -9999.0 -9999.0 -9999.0 -9999.0 -9999.0 -9999.0 -9999.0 -9999.0 -9999.0 -9999.0 -9999.0 -9999.0 -9999.0 -9999.0 -9999.0 -9999.0 01.42 01.44 01.45 01.14 01.16 01.18 01.20 01.22 01.24 01.26 01.29 01.31 01.33 01.36 01.35 01.35 01.34 01.33 01.33 01.32 01.33 01.34 01.35 01.35 01.36 01.70 01.99 02.03 02.04 02.04 02.04 02.05 02.05 02.07 02.07 02.07 02.08 02.08 02.09 02.08 02.07
-9999.0 -9999.0 -9999.0 -9999.0 -9999.0 -9999.0 -9999.0 -9999.0 -9999.0 -9999.0 -9999.0 -9999.0 -9999.0 -9999.0 -9999.0 -9999.0 -9999.0 -9999.0 -9999.0 -9999.0 -9999.0 -9999.0 -9999.0 -9999.0 -9999.0 -9999.0 -9999.0 -9999.0 -9999.0 -9999.0 01.40 01.43 01.45 01.37 01.15 01.17 01.19 01.21 01.23 01.26 01.28 01.30 01.32 01.35 01.38 01.38 01.32 01.32 01.31 01.31 01.31 01.32 01.32 01.63 01.86 01.90 01.93 01.96 01.98 01.99 01.99 02.00 02.01 02.01 02.00 02.01 02.01 02.02 02.02 02.02 02.02
