examples/flatland/Outputs/centerIgnit/b_RAWS/clockwise/3hr/flatland_centerIgnit_clockwise3hr_RAWS/flatland_centerIgnit_clockwise3hr_RAWS_ArrivalTime.asc
NCOLS 100
NROWS 100
XLLCORNER 20000.000000
YLLCORNER 20000.000000
CELLSIZE 30.000000
NODATA_VALUE -9999.0
[rows 28 to 55 of 100, columns 0 to 62 of 100]
-9999.0 -9999.0 -9999.0 -9999.0 -9999.0 -9999.0 -9999.0 -9999.0 -9999.0 -9999.0 -9999.0 -9999.0 -9999.0 -9999.0 -9999.0 -9999.0 -9999.0 -9999.0 -9999.0 -9999.0 -9999.0 -9999.0 -9999.0 -9999.0 -9999.0 -9999.0 -9999.0 00403.603 00379.710 00356.958 00338.518 00320.620 00303.491 00286.669 00270.090 00253.884 00238.478 00223.749 00209.621 00196.678 00185.884 00177.083 00170.452 00165.356 00160.306 00156.480 00153.114 00150.271 00148.983 00150.867 00153.003 00155.730 00159.561 00163.650 00169.026 00174.815 00180.848 00187.607 00194.859 00202.104 00209.417 00217.026 00224.734
-9999.0 -9999.0 -9999.0 -9999.0 -9999.0 -9999.0 -9999.0 -9999.0 -9999.0 -9999.0 -9999.0 -9999.0 -9999.0 -9999.0 -9999.0 -9999.0 -9999.0 -9999.0 -9999.0 -9999.0 -9999.0 -9999.0 -9999.0 -9999.0 -9999.0 -9999.0 00414.864 00390.575 00366.803 00346.486 00327.863 00309.831 00292.504 00275.755 00259.292 00243.120 00227.218 00212.467 00198.198 00184.218 00175.552 00168.536 00161.928 00156.271 00151.248 00147.072 00143.551 00140.636 00139.172 00141.145 00143.424 00146.180 00150.230 00154.505 00160.131 00166.027 00172.362 00180.203 00187.605 00194.953 00202.538 00210.166 00217.857
-9999.0 -9999.0 -9999.0 -9999.0 -9999.0 -9999.0 -9999.0 -9999.0 -9999.0 -9999.0 -9999.0 -9999.0 -9999.0 -9999.0 -9999.0 -9999.0 -9999.0 -9999.0 -9999.0 -9999.0 -9999.0 -9999.0 -9999.0 -9999.0 -9999.0 -9999.0 00404.228 00378.958 00355.121 00336.161 00317.564 00299.419 00281.766 00264.985 00248.607 00232.489 00216.655 00201.314 00186.941 00175.449 00167.206 00160.168 00153.450 00147.227 00142.232 00137.706 00134.072 00131.063 00129.413 00131.480 00133.891 00136.914 00140.945 00145.672 00151.325 00157.266 00164.421 00172.300 00180.352 00188.128 00195.766 00203.368 00211.008
-9999.0 -9999.0 -9999.0 -9999.0 -9999.0 -9999.0 -9999.0 -9999.0 -9999.0 -9999.0 -9999.0 -9999.0 -9999.0 -9999.0 -9999.0 -9999.0 -9999.0 -9999.0 -9999.0 -9999.0 -9999.0 -9999.0 -9999.0 -9999.0 -9999.0 00419.905 00394.194 00369.088 00346.653 00325.909 00307.448 00289.270 00271.567 00254.318 00238.038 00222.004 00206.180 00190.657 00177.384 00168.202 00159.156 00151.887 00145.022 00138.440 00133.259 00128.384 00124.780 00121.565 00119.705 00121.890 00124.406 00127.695 00131.706 00136.893 00142.627 00148.681 00156.536 00164.423 00172.778 00181.170 00188.979 00196.603 00204.242
-9999.0 -9999.0 -9999.0 -9999.0 -9999.0 -9999.0 -9999.0 -9999.0 -9999.0 -9999.0 -9999.0 -9999.0 -9999.0 -9999.0 -9999.0 -9999.0 -9999.0 -9999.0 -9999.0 -9999.0 -9999.0 -9999.0 -9999.0 -9999.0 -9999.0 00410.273 00384.603 00359.660 00338.462 00317.753 00297.392 00279.347 00261.562 00244.319 00227.576 00211.597 00195.889 00180.389 00170.323 00161.072 00152.000 00143.626 00136.715 00130.082 00124.328 00119.392 00115.513 00112.122 00110.016 00112.355 00114.946 00118.515 00122.566 00128.170 00133.943 00140.888 00148.717 00156.784 00165.208 00173.694 00182.034 00189.880 00197.698
-9999.0 -9999.0 -9999.0 -9999.0 -9999.0 -9999.0 -9999.0 -9999.0 -9999.0 -9999.0 -9999.0 -9999.0 -9999.0 -9999.0 -9999.0 -9999.0 -9999.0 -9999.0 -9999.0 -9999.0 -9999.0 -9999.0 -9999.0 -9999.0 -9999.0 00401.596 00375.988 00351.983 00330.513 00309.807 00289.481 00269.479 00251.814 00234.457 00217.589 00201.318 00185.679 00173.660 00163.725 00154.020 00144.903 00135.880 00128.502 00121.783 00115.421 00110.498 00106.259 00102.747 00100.346 00102.893 00105.502 00109.349 00113.886 00119.528 00125.355 00133.138 00140.936 00149.264 00157.678 00166.133 00174.650 00183.237 00191.367
-9999.0 -9999.0 -9999.0 -9999.0 -9999.0 -9999.0 -9999.0 -9999.0 -9999.0 -9999.0 -9999.0 -9999.0 -9999.0 -9999.0 -9999.0 -9999.0 -9999.0 -9999.0 -9999.0 -9999.0 -9999.0 -9999.0 -9999.0 -9999.0 00419.262 00393.046 00367.573 00344.705 00323.189 00302.051 00281.770 00261.810 00242.117 00224.850 00207.870 00191.346 00177.117 00167.105 00157.164 00147.328 00137.903 00128.870 00120.286 00113.535 00106.942 00101.614 00097.013 00093.395 00090.674 00093.417 00096.231 00100.191 00105.236 00110.886 00117.660 00125.426 00133.472 00141.799 00150.179 00158.612 00167.317 00176.299 00184.873
-9999.0 -9999.0 -9999.0 -9999.0 -9999.0 -9999.0 -9999.0 -9999.0 -9999.0 -9999.0 -9999.0 -9999.0 -9999.0 -9999.0 -9999.0 -9999.0 -9999.0 -9999.0 -9999.0 -9999.0 -9999.0 -9999.0 -9999.0 -9999.0 00412.809 00386.542 00360.811 00337.802 00316.085 00295.040 00274.341 00254.313 00234.739 00215.381 00198.377 00181.824 00170.627 00160.584 00150.667 00140.812 00131.072 00121.927 00112.923 00105.321 00098.692 00092.736 00087.851 00084.046 00081.012 00083.920 00087.098 00091.044 00096.604 00102.237 00109.991 00117.792 00126.056 00134.367 00142.719 00151.177 00160.062 00169.019 00179.280
-9999.0 -9999.0 -9999.0 -9999.0 -9999.0 -9999.0 -9999.0 -9999.0 -9999.0 -9999.0 -9999.0 -9999.0 -9999.0 -9999.0 -9999.0 -9999.0 -9999.0 -9999.0 -9999.0 -9999.0 -9999.0 -9999.0 -9999.0 -9999.0 00406.594 00380.426 00355.211 00332.344 00309.921 00288.073 00267.472 00247.205 00227.419 00208.174 00189.139 00175.078 00164.515 00154.105 00144.197 00134.375 00124.622 00115.003 00106.011 00097.067 00090.466 00083.895 00078.999 00074.767 00071.363 00074.484 00077.980 00082.383 00087.980 00094.565 00102.339 00110.417 00118.678 00126.963 00135.291 00143.982 00152.833 00162.587 00173.244
-9999.0 -9999.0 -9999.0 -9999.0 -9999.0 -9999.0 -9999.0 -9999.0 -9999.0 -9999.0 -9999.0 -9999.0 -9999.0 -9999.0 -9999.0 -9999.0 -9999.0 -9999.0 -9999.0 -9999.0 -9999.0 -9999.0 -9999.0 -9999.0 00400.706 00374.605 00349.993 00327.107 00304.656 00282.656 00261.003 00240.466 00220.589 00201.025 00182.123 00169.126 00158.422 00147.974 00137.764 00127.956 00118.214 00108.517 00099.121 00090.113 00082.242 00075.689 00070.158 00065.587 00061.725 00065.134 00068.873 00073.784 00079.363 00086.945 00094.826 00103.059 00111.314 00119.588 00128.042 00136.803 00145.997 00156.611 00167.399
-9999.0 -9999.0 -9999.0 -9999.0 -9999.0 -9999.0 -9999.0 -9999.0 -9999.0 -9999.0 -9999.0 -9999.0 -9999.0 -9999.0 -9999.0 -9999.0 -9999.0 -9999.0 -9999.0 -9999.0 -9999.0 -9999.0 -9999.0 -9999.0 00396.535 00370.466 00345.835 00322.320 00299.587 00277.596 00255.988 00234.764 00213.957 00194.452 00176.887 00164.619 00152.444 00141.919 00131.587 00121.574 00111.835 00102.127 00092.463 00083.259 00074.210 00067.483 00061.324 00056.578 00052.131 00055.942 00059.776 00065.191 00071.557 00079.360 00087.488 00095.717 00103.961 00112.229 00120.915 00129.641 00140.101 00150.781 00161.618
-9999.0 -9999.0 -9999.0 -9999.0 -9999.0 -9999.0 -9999.0 -9999.0 -9999.0 -9999.0 -9999.0 -9999.0 -9999.0 -9999.0 -9999.0 -9999.0 -9999.0 -9999.0 -9999.0 -9999.0 -9999.0 -9999.0 -9999.0 00418.943 00392.422 00366.465 00342.107 00318.671 00295.652 00273.022 00251.055 00229.885 00209.015 00188.447 00172.637 00160.200 00147.993 00135.874 00125.571 00115.329 00105.466 00095.767 00086.091 00076.455 00067.405 00059.276 00052.835 00047.711 00042.598 00046.824 00051.131 00056.617 00064.013 00071.969 00080.168 00088.385 00096.621 00105.104 00113.770 00123.719 00134.315 00145.035 00156.830
-9999.0 -9999.0 -9999.0 -9999.0 -9999.0 -9999.0 -9999.0 -9999.0 -9999.0 -9999.0 -9999.0 -9999.0 -9999.0 -9999.0 -9999.0 -9999.0 -9999.0 -9999.0 -9999.0 -9999.0 -9999.0 -9999.0 -9999.0 00416.052 00389.600 00363.697 00339.233 00315.407 00292.068 00269.506 00247.329 00225.506 00204.238 00183.750 00169.056 00155.969 00143.656 00131.507 00119.547 00109.307 00099.144 00089.414 00079.750 00070.110 00060.647 00051.593 00044.731 00038.924 00033.374 00037.774 00042.660 00048.737 00056.527 00064.671 00072.862 00081.067 00089.371 00097.965 00107.392 00117.987 00128.595 00140.260 00152.070
-9999.0 -9999.0 -9999.0 -9999.0 -9999.0 -9999.0 -9999.0 -9999.0 -9999.0 -9999.0 -9999.0 -9999.0 -9999.0 -9999.0 -9999.0 -9999.0 -9999.0 -9999.0 -9999.0 -9999.0 -9999.0 -9999.0 -9999.0 00413.623 00387.317 00361.555 00336.913 00312.873 00289.529 00266.581 00244.035 00222.115 00200.655 00179.680 00165.981 00152.670 00139.440 00127.249 00115.148 00103.270 00093.112 00083.077 00073.420 00063.789 00054.209 00044.976 00036.662 00030.453 00024.344 00029.006 00034.249 00041.372 00049.295 00057.400 00065.566 00073.761 00082.238 00091.122 00101.708 00112.288 00123.845 00135.550 00147.963
-9999.0 -9999.0 -9999.0 -9999.0 -9999.0 -9999.0 -9999.0 -9999.0 -9999.0 -9999.0 -9999.0 -9999.0 -9999.0 -9999.0 -9999.0 -9999.0 -9999.0 -9999.0 -9999.0 -9999.0 -9999.0 -9999.0 -9999.0 00412.034 00385.842 00360.136 00335.422 00311.295 00287.639 00264.377 00241.649 00219.502 00197.692 00177.501 00163.504 00149.617 00136.423 00123.313 00110.945 00098.853 00087.057 00076.981 00067.099 00057.490 00047.966 00038.525 00029.459 00022.389 00015.428 00020.467 00026.362 00034.127 00042.120 00050.176 00058.289 00066.588 00075.086 00085.472 00096.041 00107.512 00119.203 00131.559 00144.121
-9999.0 -9999.0 -9999.0 -9999.0 -9999.0 -9999.0 -9999.0 -9999.0 -9999.0 -9999.0 -9999.0 -9999.0 -9999.0 -9999.0 -9999.0 -9999.0 -9999.0 -9999.0 -9999.0 -9999.0 -9999.0 -9999.0 -9999.0 00411.122 00384.848 00359.023 00334.205 00309.926 00286.140 00262.780 00239.894 00217.451 00195.458 00175.879 00161.496 00147.462 00133.670 00120.317 00107.260 00094.690 00082.616 00070.906 00060.919 00051.225 00041.753 00032.363 00023.082 00014.333 00006.660 00012.010 00019.218 00027.063 00035.001 00042.996 00051.077 00059.434 00069.279 00079.841 00091.238 00102.946 00115.211 00127.673 00140.408
-9999.0 -9999.0 -9999.0 -9999.0 -9999.0 -9999.0 -9999.0 -9999.0 -9999.0 -9999.0 -9999.0 -9999.0 -9999.0 -9999.0 -9999.0 -9999.0 -9999.0 -9999.0 -9999.0 -9999.0 -9999.0 -9999.0 -9999.0 00412.013 00387.106 00362.639 00337.330 00312.395 00287.915 00263.793 00240.094 00216.764 00193.757 00174.294 00159.802 00145.550 00131.577 00117.824 00104.291 00091.270 00078.493 00066.433 00054.842 00045.055 00035.586 00026.249 00016.995 00007.823 0.0 00000.000 00012.211 00020.042 00027.930 00035.875 00043.995 00053.163 00063.693 00074.987 00086.685 00098.775 00111.153 00124.705 00140.373
-9999.0 -9999.0 -9999.0 -9999.0 -9999.0 -9999.0 -9999.0 -9999.0 -9999.0 -9999.0 -9999.0 -9999.0 -9999.0 -9999.0 -9999.0 -9999.0 -9999.0 -9999.0 -9999.0 -9999.0 -9999.0 -9999.0 -9999.0 00415.886 00390.984 00366.745 00341.647 00316.717 00292.248 00268.192 00244.581 00221.373 00198.567 00177.177 00160.735 00144.310 00129.535 00115.613 00101.878 00088.409 00075.308 00062.360 00050.369 00039.006 00029.452 00020.170 00010.967 00000.000 0.0 0.0 00000.000 00013.063 00020.901 00028.822 00037.250 00047.686 00058.640 00070.281 00082.227 00094.723 00110.797 00126.427 00142.019
-9999.0 -9999.0 -9999.0 -9999.0 -9999.0 -9999.0 -9999.0 -9999.0 -9999.0 -9999.0 -9999.0 -9999.0 -9999.0 -9999.0 -9999.0 -9999.0 -9999.0 -9999.0 -9999.0 -9999.0 -9999.0 -9999.0 -9999.0 -9999.0 00395.380 00371.336 00346.679 00321.720 00297.260 00273.226 00249.627 00226.451 00203.627 00181.175 00164.565 00148.335 00132.157 00115.934 00099.457 00085.739 00072.315 00059.147 00046.488 00034.477 00023.398 00014.116 00000.000 0.0 0.0 0.0 0.0 00000.000 00013.916 00021.798 00031.736 00042.387 00053.620 00065.409 00081.508 00097.442 00113.133 00128.747 00144.505
-9999.0 -9999.0 -9999.0 -9999.0 -9999.0 -9999.0 -9999.0 -9999.0 -9999.0 -9999.0 -9999.0 -9999.0 -9999.0 -9999.0 -9999.0 -9999.0 -9999.0 -9999.0 -9999.0 -9999.0 -9999.0 -9999.0 -9999.0 -9999.0 00400.543 00376.767 00352.445 00327.450 00303.093 00279.169 00255.677 00232.599 00209.875 00187.518 00169.128 00152.790 00136.590 00120.535 00104.404 00088.163 00071.744 00055.790 00042.815 00030.373 00018.486 00008.105 0.0 0.0 0.0 0.0 0.0 0.0 00000.000 00015.717 00025.945 00036.860 00052.600 00068.928 00084.673 00100.469 00116.321 00132.239 00148.274
-9999.0 -9999.0 -9999.0 -9999.0 -9999.0 -9999.0 -9999.0 -9999.0 -9999.0 -9999.0 -9999.0 -9999.0 -9999.0 -9999.0 -9999.0 -9999.0 -9999.0 -9999.0 -9999.0 -9999.0 -9999.0 -9999.0 -9999.0 -9999.0 00406.072 00382.711 00359.612 00334.612 00310.113 00286.073 00262.448 00239.335 00216.954 00194.920 00174.798 00158.301 00141.953 00125.744 00109.628 00093.567 00077.561 00061.422 00045.098 00028.508 00013.651 00000.000 0.0 0.0 0.0 0.0 0.0 0.0 00000.000 00009.243 00024.607 00040.983 00056.763 00072.530 00088.358 00104.399 00120.506 00136.688 00152.997
-9999.0 -9999.0 -9999.0 -9999.0 -9999.0 -9999.0 -9999.0 -9999.0 -9999.0 -9999.0 -9999.0 -9999.0 -9999.0 -9999.0 -9999.0 -9999.0 -9999.0 -9999.0 -9999.0 -9999.0 -9999.0 -9999.0 -9999.0 -9999.0 00412.692 00389.430 00366.433 00342.030 00317.820 00294.062 00270.742 00247.856 00225.364 00203.190 00181.369 00164.503 00148.117 00131.908 00115.848 00099.851 00083.901 00067.995 00052.171 00036.588 00020.739 00000.000 0.0 0.0 0.0 0.0 0.0 0.0 0.0 00014.726 00030.588 00046.254 00062.086 00078.079 00094.121 00110.213 00126.353 00142.581 00158.943
-9999.0 -9999.0 -9999.0 -9999.0 -9999.0 -9999.0 -9999.0 -9999.0 -9999.0 -9999.0 -9999.0 -9999.0 -9999.0 -9999.0 -9999.0 -9999.0 -9999.0 -9999.0 -9999.0 -9999.0 -9999.0 -9999.0 -9999.0 -9999.0 00419.581 00396.214 00374.291 00351.142 00326.782 00302.964 00279.536 00256.497 00234.245 00212.782 00191.663 00172.744 00156.360 00140.131 00124.027 00107.978 00091.978 00076.017 00060.248 00045.248 00030.495 00016.015 00000.000 0.0 0.0 0.0 0.0 0.0 00000.000 00023.461 00038.587 00053.966 00069.595 00085.336 00101.147 00117.024 00132.932 00148.968 00165.234
-9999.0 -9999.0 -9999.0 -9999.0 -9999.0 -9999.0 -9999.0 -9999.0 -9999.0 -9999.0 -9999.0 -9999.0 -9999.0 -9999.0 -9999.0 -9999.0 -9999.0 -9999.0 -9999.0 -9999.0 -9999.0 -9999.0 -9999.0 -9999.0 -9999.0 00404.467 00382.406 00360.520 00336.097 00312.070 00289.318 00266.971 00245.018 00223.423 00202.419 00181.707 00164.896 00148.523 00132.950 00117.518 00102.169 00086.897 00071.712 00056.705 00041.958 00027.421 00013.073 0.0 0.0 0.0 0.0 00000.000 00018.420 00033.321 00048.453 00063.789 00079.259 00094.807 00110.579 00126.421 00142.371 00158.453 00174.679
-9999.0 -9999.0 -9999.0 -9999.0 -9999.0 -9999.0 -9999.0 -9999.0 -9999.0 -9999.0 -9999.0 -9999.0 -9999.0 -9999.0 -9999.0 -9999.0 -9999.0 -9999.0 -9999.0 -9999.0 -9999.0 -9999.0 -9999.0 -9999.0 -9999.0 00412.857 00390.899 00369.249 00346.806 00323.443 00300.521 00278.011 00256.199 00234.726 00213.539 00193.773 00175.729 00159.968 00144.354 00128.875 00113.614 00098.540 00083.519 00068.544 00053.649 00038.954 00024.444 00000.000 0.0 0.0 0.0 00013.420 00028.264 00043.307 00058.573 00074.016 00089.513 00105.062 00120.664 00136.349 00152.172 00168.127 00183.124
-9999.0 -9999.0 -9999.0 -9999.0 -9999.0 -9999.0 -9999.0 -9999.0 -9999.0 -9999.0 -9999.0 -9999.0 -9999.0 -9999.0 -9999.0 -9999.0 -9999.0 -9999.0 -9999.0 -9999.0 -9999.0 -9999.0 -9999.0 -9999.0 -9999.0 -9999.0 00399.621 00379.293 00358.506 00334.959 00312.215 00289.848 00267.823 00246.570 00226.914 00207.596 00188.656 00171.591 00156.130 00140.795 00125.602 00110.498 00095.442 00080.431 00065.469 00050.608 00035.951 00021.538 00000.000 0.0 00000.000 00023.319 00038.264 00053.388 00068.789 00084.270 00099.797 00115.378 00131.013 00146.772 00162.664 00178.682 00190.746
-9999.0 -9999.0 -9999.0 -9999.0 -9999.0 -9999.0 -9999.0 -9999.0 -9999.0 -9999.0 -9999.0 -9999.0 -9999.0 -9999.0 -9999.0 -9999.0 -9999.0 -9999.0 -9999.0 -9999.0 -9999.0 -9999.0 -9999.0 -9999.0 -9999.0 -9999.0 00409.788 00389.298 00369.301 00347.375 00324.405 00301.819 00280.995 00260.779 00241.006 00221.619 00202.858 00184.552 00168.365 00152.951 00137.654 00122.488 00107.401 00092.360 00077.459 00062.742 00048.045 00034.502 00022.990 00000.000 00023.554 00035.766 00048.994 00064.288 00079.590 00094.857 00110.150 00125.761 00141.456 00157.283 00173.254 00186.814 00197.749
-9999.0 -9999.0 -9999.0 -9999.0 -9999.0 -9999.0 -9999.0 -9999.0 -9999.0 -9999.0 -9999.0 -9999.0 -9999.0 -9999.0 -9999.0 -9999.0 -9999.0 -9999.0 -9999.0 -9999.0 -9999.0 -9999.0 -9999.0 -9999.0 -9999.0 -9999.0 -9999.0 00399.622 00379.916 00359.995 00337.482 00316.316 00295.526 00275.250 00255.373 00236.270 00217.518 00199.038 00180.814 00165.196 00149.817 00134.567 00119.713 00104.987 00090.228 00075.416 00063.243 00051.393 00041.095 00029.867 00041.059 00051.781 00064.392 00077.156 00090.984 00106.341 00121.655 00136.982 00152.435 00168.017 00182.908 00194.213 00204.810
