examples/flatland/Outputs/centerIgnit/b_RAWS/clockwise/3hr/flatland_centerIgnit_clockwise3hr_RAWS/flatland_centerIgnit_clockwise3hr_RAWS_ReactionIntensity.asc
NCOLS 100
NROWS 100
XLLCORNER 20000.000000
YLLCORNER 20000.000000
CELLSIZE 30.000000
NODATA_VALUE -9999.0
[rows 28 to 55 of 100, columns 0 to 62 of 100]
-9999.0 -9999.0 -9999.0 -9999.0 -9999.0 -9999.0 -9999.0 -9999.0 -9999.0 -9999.0 -9999.0 -9999.0 -9999.0 -9999.0 -9999.0 -9999.0 -9999.0 -9999.0 -9999.0 -9999.0 -9999.0 -9999.0 -9999.0 -9999.0 -9999.0 -9999.0 -9999.0 00153.173 00154.472 00155.465 00156.393 00157.155 00157.761 00158.562 00159.341 00160.231 00160.941 00161.769 00162.586 00163.432 00163.897 00164.460 00164.772 00165.021 00165.268 00165.463 00165.635 00165.783 00165.847 00165.750 00165.642 00165.502 00165.304 00165.105 00164.838 00164.568 00163.922 00163.888 00163.560 00163.060 00162.598 00162.148 00161.715
-9999.0 -9999.0 -9999.0 -9999.0 -9999.0 -9999.0 -9999.0 -9999.0 -9999.0 -9999.0 -9999.0 -9999.0 -9999.0 -9999.0 -9999.0 -9999.0 -9999.0 -9999.0 -9999.0 -9999.0 -9999.0 -9999.0 -9999.0 -9999.0 -9999.0 -9999.0 00152.451 00153.915 00154.956 00156.047 00156.847 00157.603 00158.308 00159.064 00159.916 00160.727 00161.580 00162.415 00163.324 00163.905 00164.533 00164.862 00165.190 00165.474 00165.731 00165.951 00166.143 00166.296 00166.373 00166.270 00166.148 00165.999 00165.783 00165.565 00165.277 00164.987 00164.684 00163.925 00163.888 00163.550 00163.032 00162.550 00162.099
-9999.0 -9999.0 -9999.0 -9999.0 -9999.0 -9999.0 -9999.0 -9999.0 -9999.0 -9999.0 -9999.0 -9999.0 -9999.0 -9999.0 -9999.0 -9999.0 -9999.0 -9999.0 -9999.0 -9999.0 -9999.0 -9999.0 -9999.0 -9999.0 -9999.0 -9999.0 00153.137 00154.509 00155.660 00156.495 00157.288 00157.884 00158.778 00159.610 00160.504 00161.288 00162.171 00163.109 00163.891 00164.538 00164.929 00165.275 00165.620 00165.942 00166.210 00166.457 00166.661 00166.829 00166.904 00166.806 00166.671 00166.501 00166.279 00166.027 00165.727 00165.422 00165.068 00164.685 00163.924 00163.885 00163.492 00162.979 00162.499
-9999.0 -9999.0 -9999.0 -9999.0 -9999.0 -9999.0 -9999.0 -9999.0 -9999.0 -9999.0 -9999.0 -9999.0 -9999.0 -9999.0 -9999.0 -9999.0 -9999.0 -9999.0 -9999.0 -9999.0 -9999.0 -9999.0 -9999.0 -9999.0 -9999.0 00151.358 00153.722 00154.911 00156.040 00156.931 00157.662 00158.450 00159.264 00160.206 00160.967 00161.862 00162.802 00163.851 00164.445 00164.879 00165.324 00165.699 00166.062 00166.415 00166.706 00166.910 00166.928 00166.943 00166.976 00166.942 00166.929 00166.913 00166.792 00166.503 00166.191 00165.863 00165.461 00165.065 00164.662 00163.920 00163.881 00163.434 00162.925
-9999.0 -9999.0 -9999.0 -9999.0 -9999.0 -9999.0 -9999.0 -9999.0 -9999.0 -9999.0 -9999.0 -9999.0 -9999.0 -9999.0 -9999.0 -9999.0 -9999.0 -9999.0 -9999.0 -9999.0 -9999.0 -9999.0 -9999.0 -9999.0 -9999.0 00152.754 00154.227 00155.131 00156.395 00157.281 00158.011 00158.894 00159.788 00160.679 00161.561 00162.465 00163.484 00163.924 00164.778 00165.230 00165.694 00166.137 00166.513 00166.881 00166.930 00167.001 00167.191 00167.263 00167.306 00167.259 00167.203 00167.074 00166.938 00166.911 00166.669 00166.281 00165.861 00165.446 00165.026 00164.618 00163.916 00163.877 00163.357
-9999.0 -9999.0 -9999.0 -9999.0 -9999.0 -9999.0 -9999.0 -9999.0 -9999.0 -9999.0 -9999.0 -9999.0 -9999.0 -9999.0 -9999.0 -9999.0 -9999.0 -9999.0 -9999.0 -9999.0 -9999.0 -9999.0 -9999.0 -9999.0 -9999.0 00153.293 00154.654 00155.801 00156.734 00157.603 00158.442 00159.374 00160.351 00161.176 00162.116 00163.109 00163.898 00164.620 00165.100 00165.589 00166.067 00166.562 00166.909 00166.942 00167.193 00167.294 00167.382 00167.459 00167.507 00167.452 00167.398 00167.318 00167.225 00166.990 00166.925 00166.712 00166.279 00165.831 00165.399 00164.981 00164.574 00163.910 00163.803
-9999.0 -9999.0 -9999.0 -9999.0 -9999.0 -9999.0 -9999.0 -9999.0 -9999.0 -9999.0 -9999.0 -9999.0 -9999.0 -9999.0 -9999.0 -9999.0 -9999.0 -9999.0 -9999.0 -9999.0 -9999.0 -9999.0 -9999.0 -9999.0 00151.827 00153.783 00154.941 00156.126 00157.044 00157.797 00158.778 00159.776 00160.768 00161.710 00162.696 00163.803 00164.457 00164.932 00165.426 00165.936 00166.444 00166.907 00166.949 00167.233 00167.368 00167.479 00167.576 00167.654 00167.710 00167.653 00167.592 00167.509 00167.404 00167.287 00167.144 00166.924 00166.693 00166.231 00165.784 00165.351 00164.922 00164.498 00163.902
-9999.0 -9999.0 -9999.0 -9999.0 -9999.0 -9999.0 -9999.0 -9999.0 -9999.0 -9999.0 -9999.0 -9999.0 -9999.0 -9999.0 -9999.0 -9999.0 -9999.0 -9999.0 -9999.0 -9999.0 -9999.0 -9999.0 -9999.0 -9999.0 00152.587 00154.126 00155.073 00156.424 00157.352 00158.158 00159.132 00160.207 00161.159 00162.246 00163.311 00163.917 00164.763 00165.254 00165.759 00166.285 00166.826 00166.941 00167.245 00167.403 00167.539 00167.667 00167.769 00167.853 00167.917 00167.856 00167.786 00167.702 00167.584 00167.466 00167.305 00167.133 00166.921 00166.641 00166.183 00165.734 00165.279 00164.838 00164.203
-9999.0 -9999.0 -9999.0 -9999.0 -9999.0 -9999.0 -9999.0 -9999.0 -9999.0 -9999.0 -9999.0 -9999.0 -9999.0 -9999.0 -9999.0 -9999.0 -9999.0 -9999.0 -9999.0 -9999.0 -9999.0 -9999.0 -9999.0 -9999.0 00152.996 00154.437 00155.655 00156.656 00157.600 00158.502 00159.480 00160.562 00161.570 00162.678 00163.880 00164.556 00165.061 00165.584 00166.105 00166.641 00166.928 00167.202 00167.387 00167.574 00167.714 00167.855 00167.958 00168.054 00168.127 00168.061 00167.981 00167.887 00167.766 00167.628 00167.464 00167.296 00167.060 00166.916 00166.591 00166.116 00165.650 00165.157 00164.642
-9999.0 -9999.0 -9999.0 -9999.0 -9999.0 -9999.0 -9999.0 -9999.0 -9999.0 -9999.0 -9999.0 -9999.0 -9999.0 -9999.0 -9999.0 -9999.0 -9999.0 -9999.0 -9999.0 -9999.0 -9999.0 -9999.0 -9999.0 -9999.0 00153.345 00154.722 00155.890 00156.879 00157.732 00158.737 00159.817 00160.834 00161.939 00163.128 00163.916 00164.834 00165.362 00165.901 00166.452 00166.912 00167.098 00167.334 00167.530 00167.721 00167.890 00168.032 00168.151 00168.479 00168.761 00168.513 00168.217 00168.074 00167.951 00167.789 00167.621 00167.448 00167.277 00166.985 00166.911 00166.507 00166.010 00165.457 00164.919
-9999.0 -9999.0 -9999.0 -9999.0 -9999.0 -9999.0 -9999.0 -9999.0 -9999.0 -9999.0 -9999.0 -9999.0 -9999.0 -9999.0 -9999.0 -9999.0 -9999.0 -9999.0 -9999.0 -9999.0 -9999.0 -9999.0 -9999.0 -9999.0 00153.590 00154.883 00156.076 00157.081 00157.873 00158.978 00160.111 00161.158 00162.329 00163.587 00164.469 00165.057 00165.671 00166.226 00166.798 00166.943 00167.266 00167.467 00167.672 00167.869 00168.064 00168.324 00168.784 00169.294 00169.778 00169.348 00168.907 00168.498 00168.121 00167.951 00167.776 00167.602 00167.430 00167.259 00166.946 00166.903 00166.324 00165.755 00165.204
-9999.0 -9999.0 -9999.0 -9999.0 -9999.0 -9999.0 -9999.0 -9999.0 -9999.0 -9999.0 -9999.0 -9999.0 -9999.0 -9999.0 -9999.0 -9999.0 -9999.0 -9999.0 -9999.0 -9999.0 -9999.0 -9999.0 -9999.0 00152.059 00153.816 00154.962 00156.239 00157.240 00158.120 00159.195 00160.394 00161.435 00162.624 00163.884 00164.670 00165.273 00165.901 00166.559 00166.924 00167.195 00167.398 00167.601 00167.806 00168.014 00168.330 00168.966 00169.700 00170.240 00170.731 00170.328 00169.882 00169.274 00168.586 00168.112 00167.933 00167.757 00167.583 00167.406 00167.227 00166.933 00166.647 00166.061 00165.444
-9999.0 -9999.0 -9999.0 -9999.0 -9999.0 -9999.0 -9999.0 -9999.0 -9999.0 -9999.0 -9999.0 -9999.0 -9999.0 -9999.0 -9999.0 -9999.0 -9999.0 -9999.0 -9999.0 -9999.0 -9999.0 -9999.0 -9999.0 00152.371 00153.965 00155.017 00156.362 00157.382 00158.327 00159.372 00160.557 00161.674 00162.926 00163.907 00164.837 00165.489 00166.135 00166.804 00166.988 00167.319 00167.530 00167.735 00167.942 00168.152 00168.834 00169.834 00170.525 00171.142 00171.695 00171.264 00170.724 00170.125 00169.283 00168.530 00168.092 00167.914 00167.736 00167.554 00167.358 00167.117 00166.909 00166.315 00165.689
-9999.0 -9999.0 -9999.0 -9999.0 -9999.0 -9999.0 -9999.0 -9999.0 -9999.0 -9999.0 -9999.0 -9999.0 -9999.0 -9999.0 -9999.0 -9999.0 -9999.0 -9999.0 -9999.0 -9999.0 -9999.0 -9999.0 -9999.0 00152.533 00154.085 00155.059 00156.462 00157.491 00158.439 00159.527 00160.690 00161.856 00163.151 00164.049 00164.989 00165.659 00166.358 00166.915 00167.199 00167.445 00167.658 00167.871 00168.080 00168.596 00169.543 00170.500 00171.363 00172.054 00172.692 00172.219 00171.607 00170.863 00170.062 00169.177 00168.463 00168.073 00167.890 00167.700 00167.477 00167.258 00166.932 00166.577 00165.902
-9999.0 -9999.0 -9999.0 -9999.0 -9999.0 -9999.0 -9999.0 -9999.0 -9999.0 -9999.0 -9999.0 -9999.0 -9999.0 -9999.0 -9999.0 -9999.0 -9999.0 -9999.0 -9999.0 -9999.0 -9999.0 -9999.0 -9999.0 00152.640 00154.164 00155.086 00156.527 00157.559 00158.522 00159.643 00160.786 00162.003 00163.358 00164.440 00165.112 00165.814 00166.528 00166.935 00167.285 00167.536 00167.786 00168.003 00168.349 00169.167 00170.193 00171.159 00172.141 00172.911 00173.610 00173.118 00172.476 00171.617 00170.780 00169.973 00169.076 00168.391 00168.045 00167.821 00167.596 00167.355 00167.017 00166.799 00166.114
-9999.0 -9999.0 -9999.0 -9999.0 -9999.0 -9999.0 -9999.0 -9999.0 -9999.0 -9999.0 -9999.0 -9999.0 -9999.0 -9999.0 -9999.0 -9999.0 -9999.0 -9999.0 -9999.0 -9999.0 -9999.0 -9999.0 -9999.0 00152.701 00154.216 00155.211 00156.578 00157.601 00158.587 00159.726 00160.859 00162.127 00163.521 00164.519 00165.212 00165.929 00166.682 00166.949 00167.361 00167.625 00167.882 00168.135 00168.814 00169.869 00170.818 00171.806 00172.827 00173.734 00162.044 00174.005 00173.228 00172.390 00171.525 00170.690 00169.886 00168.947 00168.185 00167.941 00167.698 00167.453 00167.198 00166.914 00166.308
-9999.0 -9999.0 -9999.0 -9999.0 -9999.0 -9999.0 -9999.0 -9999.0 -9999.0 -9999.0 -9999.0 -9999.0 -9999.0 -9999.0 -9999.0 -9999.0 -9999.0 -9999.0 -9999.0 -9999.0 -9999.0 -9999.0 -9999.0 00152.642 00154.098 00155.038 00156.446 00157.513 00158.510 00159.674 00160.849 00162.168 00163.640 00164.594 00165.293 00166.036 00166.802 00167.131 00167.424 00167.697 00167.970 00168.404 00169.475 00170.492 00171.464 00172.479 00173.445 00174.422 -9999.0 -9999.000 00173.947 00173.131 00172.295 00171.434 00170.594 00169.663 00168.610 00168.047 00167.796 00167.538 00167.281 00166.928 00166.310
-9999.0 -9999.0 -9999.0 -9999.0 -9999.0 -9999.0 -9999.0 -9999.0 -9999.0 -9999.0 -9999.0 -9999.0 -9999.0 -9999.0 -9999.0 -9999.0 -9999.0 -9999.0 -9999.0 -9999.0 -9999.0 -9999.0 -9999.0 00152.384 00153.894 00154.957 00156.259 00157.325 00158.319 00159.443 00160.670 00161.897 00163.300 00164.456 00165.249 00166.104 00166.904 00167.190 00167.475 00167.757 00168.040 00168.709 00169.959 00171.117 00172.127 00173.118 00174.081 -9999.000 -9999.0 -9999.0 -9999.000 00173.857 00173.043 00172.208 00171.297 00170.230 00169.043 00168.149 00167.892 00167.626 00167.292 00166.920 00166.222
-9999.0 -9999.0 -9999.0 -9999.0 -9999.0 -9999.0 -9999.0 -9999.0 -9999.0 -9999.0 -9999.0 -9999.0 -9999.0 -9999.0 -9999.0 -9999.0 -9999.0 -9999.0 -9999.0 -9999.0 -9999.0 -9999.0 -9999.0 -9999.0 00153.657 00154.866 00156.038 00157.107 00158.020 00159.185 00160.463 00161.622 00162.964 00163.920 00165.062 00165.883 00166.771 00167.183 00167.524 00167.817 00168.108 00168.983 00170.361 00171.583 00172.791 00173.744 -9999.000 -9999.0 -9999.0 -9999.0 -9999.0 -9999.000 00173.765 00172.958 00171.888 00170.756 00169.616 00168.485 00167.908 00167.567 00167.240 00166.908 00166.089
-9999.0 -9999.0 -9999.0 -9999.0 -9999.0 -9999.0 -9999.0 -9999.0 -9999.0 -9999.0 -9999.0 -9999.0 -9999.0 -9999.0 -9999.0 -9999.0 -9999.0 -9999.0 -9999.0 -9999.0 -9999.0 -9999.0 -9999.0 -9999.0 00153.354 00154.616 00155.780 00156.864 00157.771 00158.902 00160.127 00161.282 00162.569 00163.889 00164.833 00165.653 00166.519 00166.948 00167.423 00167.763 00168.120 00169.373 00170.709 00172.044 00173.316 00174.391 -9999.0 -9999.0 -9999.0 -9999.0 -9999.0 -9999.0 -9999.000 00173.582 00172.526 00171.355 00169.727 00168.214 00167.838 00167.503 00167.174 00166.762 00165.885
-9999.0 -9999.0 -9999.0 -9999.0 -9999.0 -9999.0 -9999.0 -9999.0 -9999.0 -9999.0 -9999.0 -9999.0 -9999.0 -9999.0 -9999.0 -9999.0 -9999.0 -9999.0 -9999.0 -9999.0 -9999.0 -9999.0 -9999.0 -9999.0 00153.027 00154.325 00155.137 00156.560 00157.596 00158.589 00159.742 00160.891 00162.153 00163.554 00164.568 00165.368 00166.225 00166.923 00167.312 00167.649 00167.990 00168.780 00170.498 00172.254 00173.810 -9999.000 -9999.0 -9999.0 -9999.0 -9999.0 -9999.0 -9999.0 -9999.000 00174.288 00172.664 00170.919 00169.265 00168.100 00167.758 00167.421 00166.948 00166.514 00165.642
-9999.0 -9999.0 -9999.0 -9999.0 -9999.0 -9999.0 -9999.0 -9999.0 -9999.0 -9999.0 -9999.0 -9999.0 -9999.0 -9999.0 -9999.0 -9999.0 -9999.0 -9999.0 -9999.0 -9999.0 -9999.0 -9999.0 -9999.0 -9999.0 00152.595 00153.975 00154.963 00156.242 00157.277 00158.220 00159.307 00160.536 00161.681 00162.992 00163.919 00165.062 00165.894 00166.781 00167.184 00167.516 00167.855 00168.285 00169.773 00171.365 00173.088 -9999.000 -9999.0 -9999.0 -9999.0 -9999.0 -9999.0 -9999.0 -9999.0 00173.685 00172.023 00170.373 00168.729 00167.979 00167.637 00167.300 00166.920 00166.193 00165.334
-9999.0 -9999.0 -9999.0 -9999.0 -9999.0 -9999.0 -9999.0 -9999.0 -9999.0 -9999.0 -9999.0 -9999.0 -9999.0 -9999.0 -9999.0 -9999.0 -9999.0 -9999.0 -9999.0 -9999.0 -9999.0 -9999.0 -9999.0 -9999.0 00151.594 00153.609 00154.737 00155.839 00156.893 00157.774 00158.885 00160.081 00161.187 00162.397 00163.782 00164.665 00165.469 00166.322 00166.931 00167.345 00167.682 00168.025 00168.863 00170.471 00172.022 00173.548 -9999.000 -9999.0 -9999.0 -9999.0 -9999.0 -9999.0 -9999.000 00172.784 00171.161 00169.573 00168.163 00167.824 00167.489 00167.160 00166.723 00165.847 00165.028
-9999.0 -9999.0 -9999.0 -9999.0 -9999.0 -9999.0 -9999.0 -9999.0 -9999.0 -9999.0 -9999.0 -9999.0 -9999.0 -9999.0 -9999.0 -9999.0 -9999.0 -9999.0 -9999.0 -9999.0 -9999.0 -9999.0 -9999.0 -9999.0 -9999.0 00153.122 00154.340 00155.079 00156.497 00157.526 00158.448 00159.506 00160.650 00161.786 00163.040 00163.918 00165.044 00165.872 00166.722 00167.149 00167.468 00167.790 00168.118 00169.257 00170.797 00172.350 00173.856 -9999.0 -9999.0 -9999.0 -9999.0 -9999.000 00173.298 00171.701 00170.146 00168.598 00167.953 00167.622 00167.293 00166.919 00166.202 00165.360 00164.575
-9999.0 -9999.0 -9999.0 -9999.0 -9999.0 -9999.0 -9999.0 -9999.0 -9999.0 -9999.0 -9999.0 -9999.0 -9999.0 -9999.0 -9999.0 -9999.0 -9999.0 -9999.0 -9999.0 -9999.0 -9999.0 -9999.0 -9999.0 -9999.0 -9999.0 00152.584 00153.897 00154.907 00156.032 00157.034 00157.835 00158.958 00160.097 00161.160 00162.353 00163.636 00164.523 00165.284 00166.096 00166.907 00167.230 00167.542 00167.862 00168.240 00169.604 00171.111 00172.677 -9999.000 -9999.0 -9999.0 -9999.0 00173.818 00172.257 00170.659 00169.043 00168.067 00167.733 00167.406 00166.948 00166.532 00165.683 00164.882 00163.911
-9999.0 -9999.0 -9999.0 -9999.0 -9999.0 -9999.0 -9999.0 -9999.0 -9999.0 -9999.0 -9999.0 -9999.0 -9999.0 -9999.0 -9999.0 -9999.0 -9999.0 -9999.0 -9999.0 -9999.0 -9999.0 -9999.0 -9999.0 -9999.0 -9999.0 -9999.0 00153.408 00154.493 00155.274 00156.545 00157.519 00158.425 00159.461 00160.588 00161.598 00162.713 00163.883 00164.718 00165.480 00166.286 00166.923 00167.294 00167.608 00167.928 00168.472 00169.930 00171.426 00172.989 -9999.000 -9999.0 -9999.000 00172.800 00171.196 00169.635 00168.222 00167.846 00167.516 00167.193 00166.828 00165.965 00165.151 00164.383 00163.845
-9999.0 -9999.0 -9999.0 -9999.0 -9999.0 -9999.0 -9999.0 -9999.0 -9999.0 -9999.0 -9999.0 -9999.0 -9999.0 -9999.0 -9999.0 -9999.0 -9999.0 -9999.0 -9999.0 -9999.0 -9999.0 -9999.0 -9999.0 -9999.0 -9999.0 -9999.0 00152.788 00153.981 00154.906 00156.007 00156.993 00157.802 00158.815 00159.830 00160.812 00161.883 00163.012 00163.903 00164.870 00165.642 00166.457 00166.939 00167.357 00167.673 00167.993 00168.680 00170.195 00171.582 00172.842 -9999.000 00172.778 00171.455 00170.100 00168.566 00167.946 00167.621 00167.301 00166.923 00166.251 00165.420 00164.639 00163.892 00163.353
-9999.0 -9999.0 -9999.0 -9999.0 -9999.0 -9999.0 -9999.0 -9999.0 -9999.0 -9999.0 -9999.0 -9999.0 -9999.0 -9999.0 -9999.0 -9999.0 -9999.0 -9999.0 -9999.0 -9999.0 -9999.0 -9999.0 -9999.0 -9999.0 -9999.0 -9999.0 -9999.0 00153.408 00154.462 00155.090 00156.437 00157.343 00158.128 00159.089 00160.144 00161.069 00162.119 00163.262 00163.922 00165.027 00165.803 00166.631 00166.975 00167.409 00167.719 00168.038 00168.644 00169.855 00170.903 00172.114 00170.907 00169.814 00168.559 00168.000 00167.703 00167.380 00166.943 00166.496 00165.670 00164.888 00163.912 00163.603 00162.890
