examples/flatland/Outputs/centerIgnit/b_RAWS/clockwise/3hr/flatland_centerIgnit_clockwise3hr_RAWS/flatland_centerIgnit_clockwise3hr_RAWS_HeatPerUnitArea.asc
NCOLS 100
NROWS 100
XLLCORNER 20000.000000
YLLCORNER 20000.000000
CELLSIZE 30.000000
NODATA_VALUE -9999.0
[rows 28 to 55 of 100, columns 0 to 62 of 100]
-9999.0 -9999.0 -9999.0 -9999.0 -9999.0 -9999.0 -9999.0 -9999.0 -9999.0 -9999.0 -9999.0 -9999.0 -9999.0 -9999.0 -9999.0 -9999.0 -9999.0 -9999.0 -9999.0 -9999.0 -9999.0 -9999.0 -9999.0 -9999.0 -9999.0 -9999.0 -9999.0 01008.275 01016.823 01023.364 01029.469 01034.479 01038.469 01043.749 01048.875 01054.735 01059.406 01064.855 01070.231 01075.803 01078.892 01082.564 01084.622 01086.258 01087.885 01089.170 01090.308 01091.276 01091.693 01091.060 01090.350 01089.426 01088.121 01086.812 01085.053 01083.276 01079.021 01078.796 01076.642 01073.351 01070.311 01067.354 01064.498
-9999.0 -9999.0 -9999.0 -9999.0 -9999.0 -9999.0 -9999.0 -9999.0 -9999.0 -9999.0 -9999.0 -9999.0 -9999.0 -9999.0 -9999.0 -9999.0 -9999.0 -9999.0 -9999.0 -9999.0 -9999.0 -9999.0 -9999.0 -9999.0 -9999.0 -9999.0 01003.529 01013.158 01020.079 01027.187 01032.456 01037.426 01042.067 01047.053 01052.660 01057.994 01063.615 01069.110 01075.095 01078.945 01083.046 01085.212 01087.370 01089.239 01090.935 01092.382 01093.647 01094.652 01095.159 01094.479 01093.677 01092.698 01091.273 01089.845 01087.942 01086.040 01084.042 01079.043 01078.792 01076.579 01073.171 01069.995 01067.028
-9999.0 -9999.0 -9999.0 -9999.0 -9999.0 -9999.0 -9999.0 -9999.0 -9999.0 -9999.0 -9999.0 -9999.0 -9999.0 -9999.0 -9999.0 -9999.0 -9999.0 -9999.0 -9999.0 -9999.0 -9999.0 -9999.0 -9999.0 -9999.0 -9999.0 -9999.0 01008.035 01017.072 01024.636 01030.141 01035.361 01039.279 01045.163 01050.643 01056.528 01061.688 01067.501 01073.677 01078.856 01083.083 01085.653 01087.930 01090.202 01092.324 01094.090 01095.709 01097.056 01098.159 01098.655 01098.011 01097.123 01096.003 01094.537 01092.884 01090.910 01088.895 01086.572 01084.047 01079.037 01078.775 01076.195 01072.824 01069.660
-9999.0 -9999.0 -9999.0 -9999.0 -9999.0 -9999.0 -9999.0 -9999.0 -9999.0 -9999.0 -9999.0 -9999.0 -9999.0 -9999.0 -9999.0 -9999.0 -9999.0 -9999.0 -9999.0 -9999.0 -9999.0 -9999.0 -9999.0 -9999.0 -9999.0 00996.326 01011.883 01019.750 01027.143 01033.019 01037.821 01043.008 01048.359 01054.569 01059.574 01065.464 01071.659 01078.558 01082.467 01085.325 01088.250 01090.724 01093.115 01095.434 01097.351 01098.689 01098.807 01098.912 01099.123 01098.902 01098.819 01098.711 01097.915 01096.015 01093.960 01091.800 01089.163 01086.553 01083.898 01079.007 01078.749 01075.815 01072.468
-9999.0 -9999.0 -9999.0 -9999.0 -9999.0 -9999.0 -9999.0 -9999.0 -9999.0 -9999.0 -9999.0 -9999.0 -9999.0 -9999.0 -9999.0 -9999.0 -9999.0 -9999.0 -9999.0 -9999.0 -9999.0 -9999.0 -9999.0 -9999.0 -9999.0 01005.523 01015.212 01021.158 01029.485 01035.316 01040.121 01045.929 01051.815 01057.677 01063.485 01069.438 01076.148 01079.041 01084.656 01087.637 01090.693 01093.605 01096.079 01098.501 01098.821 01099.293 01100.543 01101.018 01101.296 01100.987 01100.620 01099.770 01098.879 01098.696 01097.111 01094.554 01091.787 01089.058 01086.292 01083.609 01078.976 01078.722 01075.307
-9999.0 -9999.0 -9999.0 -9999.0 -9999.0 -9999.0 -9999.0 -9999.0 -9999.0 -9999.0 -9999.0 -9999.0 -9999.0 -9999.0 -9999.0 -9999.0 -9999.0 -9999.0 -9999.0 -9999.0 -9999.0 -9999.0 -9999.0 -9999.0 -9999.0 01009.067 01018.022 01025.571 01031.715 01037.430 01042.958 01049.092 01055.522 01060.951 01067.139 01073.673 01078.899 01083.621 01086.782 01089.998 01093.143 01096.397 01098.685 01098.904 01100.556 01101.223 01101.798 01102.305 01102.623 01102.264 01101.903 01101.375 01100.766 01099.219 01098.788 01097.391 01094.538 01091.592 01088.749 01085.996 01083.318 01078.933 01078.237
-9999.0 -9999.0 -9999.0 -9999.0 -9999.0 -9999.0 -9999.0 -9999.0 -9999.0 -9999.0 -9999.0 -9999.0 -9999.0 -9999.0 -9999.0 -9999.0 -9999.0 -9999.0 -9999.0 -9999.0 -9999.0 -9999.0 -9999.0 -9999.0 00999.420 01012.290 01019.946 01027.707 01033.754 01038.704 01045.162 01051.731 01058.262 01064.469 01070.962 01078.244 01082.549 01085.676 01088.924 01092.283 01095.632 01098.672 01098.951 01100.819 01101.703 01102.439 01103.074 01103.588 01103.960 01103.585 01103.183 01102.633 01101.942 01101.176 01100.233 01098.785 01097.264 01094.228 01091.284 01088.432 01085.608 01082.817 01078.876
-9999.0 -9999.0 -9999.0 -9999.0 -9999.0 -9999.0 -9999.0 -9999.0 -9999.0 -9999.0 -9999.0 -9999.0 -9999.0 -9999.0 -9999.0 -9999.0 -9999.0 -9999.0 -9999.0 -9999.0 -9999.0 -9999.0 -9999.0 -9999.0 01004.422 01014.547 01020.784 01029.675 01035.783 01041.088 01047.502 01054.577 01060.842 01067.999 01075.009 01079.009 01084.562 01087.792 01091.120 01094.580 01098.142 01098.899 01100.895 01101.936 01102.833 01103.674 01104.347 01104.902 01105.322 01104.920 01104.456 01103.906 01103.128 01102.355 01101.290 01100.161 01098.764 01096.926 01093.911 01090.955 01087.956 01085.056 01080.873
-9999.0 -9999.0 -9999.0 -9999.0 -9999.0 -9999.0 -9999.0 -9999.0 -9999.0 -9999.0 -9999.0 -9999.0 -9999.0 -9999.0 -9999.0 -9999.0 -9999.0 -9999.0 -9999.0 -9999.0 -9999.0 -9999.0 -9999.0 -9999.0 01007.102 01016.594 01024.608 01031.198 01037.412 01043.351 01049.788 01056.908 01063.548 01070.840 01078.767 01083.200 01086.523 01089.965 01093.394 01096.924 01098.811 01100.612 01101.833 01103.062 01103.983 01104.913 01105.593 01106.225 01106.702 01106.266 01105.744 01105.125 01104.327 01103.415 01102.340 01101.230 01099.680 01098.734 01096.595 01093.471 01090.400 01087.162 01083.764
-9999.0 -9999.0 -9999.0 -9999.0 -9999.0 -9999.0 -9999.0 -9999.0 -9999.0 -9999.0 -9999.0 -9999.0 -9999.0 -9999.0 -9999.0 -9999.0 -9999.0 -9999.0 -9999.0 -9999.0 -9999.0 -9999.0 -9999.0 -9999.0 01009.412 01018.467 01026.162 01032.671 01038.280 01044.896 01052.004 01058.694 01065.971 01073.796 01079.001 01085.023 01088.502 01092.053 01095.681 01098.702 01099.932 01101.485 01102.775 01104.031 01105.145 01106.079 01106.861 01109.022 01110.882 01109.249 01107.294 01106.352 01105.542 01104.476 01103.373 01102.233 01101.106 01099.185 01098.700 01096.040 01092.773 01089.129 01085.589
-9999.0 -9999.0 -9999.0 -9999.0 -9999.0 -9999.0 -9999.0 -9999.0 -9999.0 -9999.0 -9999.0 -9999.0 -9999.0 -9999.0 -9999.0 -9999.0 -9999.0 -9999.0 -9999.0 -9999.0 -9999.0 -9999.0 -9999.0 -9999.0 01011.015 01019.536 01027.378 01033.992 01039.209 01046.486 01053.943 01060.833 01068.543 01076.828 01082.626 01086.500 01090.546 01094.196 01097.955 01098.910 01101.036 01102.361 01103.704 01105.002 01106.291 01108.007 01111.032 01114.417 01117.567 01114.767 01111.836 01109.154 01106.665 01105.542 01104.395 01103.246 01102.112 01100.990 01098.931 01098.647 01094.832 01091.091 01087.467
-9999.0 -9999.0 -9999.0 -9999.0 -9999.0 -9999.0 -9999.0 -9999.0 -9999.0 -9999.0 -9999.0 -9999.0 -9999.0 -9999.0 -9999.0 -9999.0 -9999.0 -9999.0 -9999.0 -9999.0 -9999.0 -9999.0 -9999.0 01000.941 01012.506 01020.068 01028.452 01035.042 01040.837 01047.909 01055.804 01062.656 01070.483 01078.796 01083.951 01087.919 01092.054 01096.385 01098.780 01100.568 01101.905 01103.239 01104.591 01105.961 01108.044 01112.229 01117.061 01120.621 01123.845 01121.201 01118.256 01114.264 01109.728 01106.601 01105.427 01104.267 01103.122 01101.959 01100.781 01098.842 01096.965 01093.106 01089.046
-9999.0 -9999.0 -9999.0 -9999.0 -9999.0 -9999.0 -9999.0 -9999.0 -9999.0 -9999.0 -9999.0 -9999.0 -9999.0 -9999.0 -9999.0 -9999.0 -9999.0 -9999.0 -9999.0 -9999.0 -9999.0 -9999.0 -9999.0 01002.997 01013.491 01020.418 01029.269 01035.977 01042.194 01049.079 01056.874 01064.230 01072.476 01078.957 01085.044 01089.344 01093.592 01097.996 01099.206 01101.381 01102.773 01104.124 01105.486 01106.866 01111.357 01117.939 01122.492 01126.554 01130.190 01127.352 01123.795 01119.866 01114.323 01109.364 01106.471 01105.302 01104.131 01102.934 01101.640 01100.058 01098.682 01094.773 01090.658
-9999.0 -9999.0 -9999.0 -9999.0 -9999.0 -9999.0 -9999.0 -9999.0 -9999.0 -9999.0 -9999.0 -9999.0 -9999.0 -9999.0 -9999.0 -9999.0 -9999.0 -9999.0 -9999.0 -9999.0 -9999.0 -9999.0 -9999.0 01004.068 01014.282 01020.685 01029.921 01036.695 01042.934 01050.098 01057.754 01065.429 01073.945 01079.862 01086.052 01090.457 01095.056 01098.726 01100.593 01102.213 01103.618 01105.021 01106.391 01109.800 01116.030 01122.333 01128.011 01132.601 01136.751 01133.674 01129.616 01124.721 01119.451 01113.624 01108.922 01106.345 01105.144 01103.893 01102.426 01100.982 01098.837 01096.507 01092.059
-9999.0 -9999.0 -9999.0 -9999.0 -9999.0 -9999.0 -9999.0 -9999.0 -9999.0 -9999.0 -9999.0 -9999.0 -9999.0 -9999.0 -9999.0 -9999.0 -9999.0 -9999.0 -9999.0 -9999.0 -9999.0 -9999.0 -9999.0 01004.773 01014.796 01020.862 01030.347 01037.139 01043.485 01050.865 01058.384 01066.396 01075.317 01082.433 01086.860 01091.475 01096.184 01098.854 01101.163 01102.812 01104.461 01105.890 01108.172 01113.556 01120.318 01126.671 01133.138 01138.183 01142.793 01139.549 01135.335 01129.677 01124.169 01118.861 01112.959 01108.450 01106.163 01104.688 01103.208 01101.623 01099.395 01097.966 01093.456
-9999.0 -9999.0 -9999.0 -9999.0 -9999.0 -9999.0 -9999.0 -9999.0 -9999.0 -9999.0 -9999.0 -9999.0 -9999.0 -9999.0 -9999.0 -9999.0 -9999.0 -9999.0 -9999.0 -9999.0 -9999.0 -9999.0 -9999.0 01005.170 01015.134 01021.685 01030.682 01037.414 01043.914 01051.407 01058.858 01067.215 01076.395 01082.954 01087.518 01092.239 01097.196 01098.950 01101.658 01103.398 01105.092 01106.757 01111.227 01118.171 01124.423 01130.926 01137.641 01143.598 01148.653 01145.380 01140.285 01134.777 01129.077 01123.574 01118.290 01112.102 01107.088 01105.476 01103.876 01102.267 01100.584 01098.714 01094.733
-9999.0 -9999.0 -9999.0 -9999.0 -9999.0 -9999.0 -9999.0 -9999.0 -9999.0 -9999.0 -9999.0 -9999.0 -9999.0 -9999.0 -9999.0 -9999.0 -9999.0 -9999.0 -9999.0 -9999.0 -9999.0 -9999.0 -9999.0 01004.783 01014.364 01020.531 01029.817 01036.837 01043.406 01051.064 01058.792 01067.481 01077.173 01083.450 01088.050 01092.947 01097.983 01100.143 01102.073 01103.872 01105.668 01108.537 01115.587 01122.281 01128.682 01135.359 01141.714 01148.137 -9999.0 -9999.000 01145.024 01139.656 01134.151 01128.482 01122.950 01116.820 01109.894 01106.165 01104.524 01102.824 01101.130 01098.812 01094.743
-9999.0 -9999.0 -9999.0 -9999.0 -9999.0 -9999.0 -9999.0 -9999.0 -9999.0 -9999.0 -9999.0 -9999.0 -9999.0 -9999.0 -9999.0 -9999.0 -9999.0 -9999.0 -9999.0 -9999.0 -9999.0 -9999.0 -9999.0 01003.082 01013.021 01019.985 01028.583 01035.602 01042.144 01049.548 01057.619 01065.693 01074.931 01082.542 01087.758 01093.389 01098.651 01100.534 01102.412 01104.267 01106.118 01110.542 01118.773 01126.391 01133.049 01139.570 01145.908 -9999.000 -9999.0 -9999.0 -9999.000 01144.426 01139.075 01133.590 01127.570 01120.565 01112.746 01106.845 01105.158 01103.405 01101.210 01098.756 01094.165
-9999.0 -9999.0 -9999.0 -9999.0 -9999.0 -9999.0 -9999.0 -9999.0 -9999.0 -9999.0 -9999.0 -9999.0 -9999.0 -9999.0 -9999.0 -9999.0 -9999.0 -9999.0 -9999.0 -9999.0 -9999.0 -9999.0 -9999.0 -9999.0 01011.457 01019.407 01027.133 01034.160 01040.176 01047.848 01056.257 01063.892 01072.727 01079.020 01086.533 01091.934 01097.779 01100.490 01102.735 01104.662 01106.567 01112.344 01121.428 01129.440 01137.412 01143.679 -9999.000 -9999.0 -9999.0 -9999.0 -9999.0 -9999.000 01143.822 01138.532 01131.477 01123.998 01116.512 01109.070 01105.258 01103.013 01100.871 01098.677 01093.290
-9999.0 -9999.0 -9999.0 -9999.0 -9999.0 -9999.0 -9999.0 -9999.0 -9999.0 -9999.0 -9999.0 -9999.0 -9999.0 -9999.0 -9999.0 -9999.0 -9999.0 -9999.0 -9999.0 -9999.0 -9999.0 -9999.0 -9999.0 -9999.0 01009.470 01017.774 01025.435 01032.573 01038.534 01045.987 01054.053 01061.649 01070.120 01078.823 01085.022 01090.419 01096.120 01098.943 01102.066 01104.304 01106.658 01114.920 01123.698 01132.507 01140.889 01147.951 -9999.0 -9999.0 -9999.0 -9999.0 -9999.0 -9999.0 -9999.000 01142.618 01135.669 01127.960 01117.239 01107.276 01104.799 01102.594 01100.432 01097.720 01091.947
-9999.0 -9999.0 -9999.0 -9999.0 -9999.0 -9999.0 -9999.0 -9999.0 -9999.0 -9999.0 -9999.0 -9999.0 -9999.0 -9999.0 -9999.0 -9999.0 -9999.0 -9999.0 -9999.0 -9999.0 -9999.0 -9999.0 -9999.0 -9999.0 01007.308 01015.849 01021.198 01030.563 01037.379 01043.924 01051.513 01059.074 01067.386 01076.607 01083.278 01088.540 01094.185 01098.776 01101.339 01103.553 01105.810 01111.004 01122.312 01133.876 01144.118 -9999.000 -9999.0 -9999.0 -9999.0 -9999.0 -9999.0 -9999.0 -9999.000 01147.270 01136.570 01125.149 01114.195 01106.527 01104.272 01102.057 01098.944 01096.089 01090.351
-9999.0 -9999.0 -9999.0 -9999.0 -9999.0 -9999.0 -9999.0 -9999.0 -9999.0 -9999.0 -9999.0 -9999.0 -9999.0 -9999.0 -9999.0 -9999.0 -9999.0 -9999.0 -9999.0 -9999.0 -9999.0 -9999.0 -9999.0 -9999.0 01004.476 01013.554 01020.005 01028.475 01035.288 01041.489 01048.647 01056.734 01064.278 01072.907 01079.014 01086.533 01092.005 01097.839 01100.497 01102.678 01104.911 01107.741 01117.537 01128.100 01139.352 -9999.000 -9999.0 -9999.0 -9999.0 -9999.0 -9999.0 -9999.0 -9999.0 01143.282 01132.346 01121.492 01110.668 01105.729 01103.478 01101.261 01098.756 01093.977 01088.319
-9999.0 -9999.0 -9999.0 -9999.0 -9999.0 -9999.0 -9999.0 -9999.0 -9999.0 -9999.0 -9999.0 -9999.0 -9999.0 -9999.0 -9999.0 -9999.0 -9999.0 -9999.0 -9999.0 -9999.0 -9999.0 -9999.0 -9999.0 -9999.0 00997.891 01011.138 01018.563 01025.822 01032.763 01038.557 01045.875 01053.745 01061.026 01068.991 01078.103 01083.918 01089.211 01094.821 01098.831 01101.557 01103.775 01106.029 01111.545 01122.144 01132.343 01142.388 -9999.000 -9999.0 -9999.0 -9999.0 -9999.0 -9999.0 -9999.000 01137.358 01126.688 01116.231 01106.939 01104.707 01102.502 01100.334 01097.465 01091.697 01086.307
-9999.0 -9999.0 -9999.0 -9999.0 -9999.0 -9999.0 -9999.0 -9999.0 -9999.0 -9999.0 -9999.0 -9999.0 -9999.0 -9999.0 -9999.0 -9999.0 -9999.0 -9999.0 -9999.0 -9999.0 -9999.0 -9999.0 -9999.0 -9999.0 -9999.0 01007.940 01015.948 01020.802 01030.151 01036.922 01042.993 01049.960 01057.492 01064.969 01073.225 01079.003 01086.414 01091.860 01097.464 01100.266 01102.362 01104.483 01106.642 01114.151 01124.282 01134.514 01144.419 -9999.0 -9999.0 -9999.0 -9999.0 -9999.000 01140.751 01130.227 01120.008 01109.809 01105.555 01103.381 01101.212 01098.753 01094.037 01088.488 01083.324
-9999.0 -9999.0 -9999.0 -9999.0 -9999.0 -9999.0 -9999.0 -9999.0 -9999.0 -9999.0 -9999.0 -9999.0 -9999.0 -9999.0 -9999.0 -9999.0 -9999.0 -9999.0 -9999.0 -9999.0 -9999.0 -9999.0 -9999.0 -9999.0 -9999.0 01004.402 01013.042 01019.643 01027.095 01033.684 01038.952 01046.354 01053.856 01060.845 01068.701 01077.147 01082.985 01087.990 01093.339 01098.672 01100.797 01102.853 01104.957 01107.447 01116.435 01126.359 01136.653 -9999.000 -9999.0 -9999.0 -9999.0 01144.173 01133.904 01123.370 01112.741 01106.306 01104.109 01101.958 01098.939 01096.206 01090.620 01085.345 01078.915
-9999.0 -9999.0 -9999.0 -9999.0 -9999.0 -9999.0 -9999.0 -9999.0 -9999.0 -9999.0 -9999.0 -9999.0 -9999.0 -9999.0 -9999.0 -9999.0 -9999.0 -9999.0 -9999.0 -9999.0 -9999.0 -9999.0 -9999.0 -9999.0 -9999.0 -9999.0 01009.828 01016.956 01022.104 01030.466 01036.880 01042.841 01049.667 01057.082 01063.732 01071.073 01078.772 01084.265 01089.279 01094.584 01098.778 01101.216 01103.284 01105.390 01108.980 01118.581 01128.432 01138.723 -9999.000 -9999.0 -9999.000 01137.475 01126.920 01116.637 01107.330 01104.853 01102.681 01100.556 01098.157 01092.474 01087.116 01082.057 01078.514
-9999.0 -9999.0 -9999.0 -9999.0 -9999.0 -9999.0 -9999.0 -9999.0 -9999.0 -9999.0 -9999.0 -9999.0 -9999.0 -9999.0 -9999.0 -9999.0 -9999.0 -9999.0 -9999.0 -9999.0 -9999.0 -9999.0 -9999.0 -9999.0 -9999.0 -9999.0 01005.742 01013.595 01019.632 01026.927 01033.419 01038.742 01045.410 01052.087 01058.551 01065.601 01073.038 01078.912 01085.266 01090.350 01095.715 01098.879 01101.637 01103.717 01105.820 01110.349 01120.328 01129.454 01137.757 -9999.000 01137.329 01128.621 01119.703 01109.598 01105.511 01103.375 01101.267 01098.774 01094.354 01088.887 01083.746 01078.795 01075.269
-9999.0 -9999.0 -9999.0 -9999.0 -9999.0 -9999.0 -9999.0 -9999.0 -9999.0 -9999.0 -9999.0 -9999.0 -9999.0 -9999.0 -9999.0 -9999.0 -9999.0 -9999.0 -9999.0 -9999.0 -9999.0 -9999.0 -9999.0 -9999.0 -9999.0 -9999.0 -9999.0 01009.827 01016.754 01020.883 01029.761 01035.720 01040.891 01047.215 01054.166 01060.250 01067.159 01074.683 01079.026 01086.302 01091.408 01096.858 01099.117 01101.972 01104.015 01106.116 01110.112 01118.081 01124.993 01132.958 01125.017 01117.812 01109.552 01105.865 01103.912 01101.784 01098.907 01095.971 01090.532 01085.382 01078.924 01076.913 01072.235
