examples/flatland/Outputs/centerIgnit/b_RAWS/singleWinds/flatland_centerIgnit_3mph0deg7hr_RAWS/flatland_centerIgnit_3mph0deg7hr_RAWS_HeatPerUnitArea.asc
NCOLS 100
NROWS 100
XLLCORNER 20000.000000
YLLCORNER 20000.000000
CELLSIZE 30.000000
NODATA_VALUE -9999.0
[rows 28 to 55 of 100, columns 0 to 61 of 100]
-9999.0 -9999.0 -9999.0 -9999.0 -9999.0 -9999.0 -9999.0 -9999.0 -9999.0 -9999.0 -9999.0 -9999.0 -9999.0 -9999.0 -9999.0 -9999.0 -9999.0 -9999.0 -9999.0 -9999.0 -9999.0 -9999.0 -9999.0 -9999.0 -9999.0 -9999.0 -9999.0 -9999.0 -9999.0 -9999.0 -9999.0 -9999.0 -9999.0 -9999.0 -9999.0 -9999.0 -9999.0 -9999.0 -9999.0 -9999.0 01003.494 01007.627 01010.675 01013.457 01015.616 01017.400 01018.844 01019.722 01019.535 01019.136 01018.210 01017.048 01015.374 01013.449 01010.847 01007.900 01004.596 -9999.0 -9999.0 -9999.0 -9999.0 -9999.0
-9999.0 -9999.0 -9999.0 -9999.0 -9999.0 -9999.0 -9999.0 -9999.0 -9999.0 -9999.0 -9999.0 -9999.0 -9999.0 -9999.0 -9999.0 -9999.0 -9999.0 -9999.0 -9999.0 -9999.0 -9999.0 -9999.0 -9999.0 -9999.0 -9999.0 -9999.0 -9999.0 -9999.0 -9999.0 -9999.0 -9999.0 -9999.0 -9999.0 -9999.0 -9999.0 -9999.0 -9999.0 -9999.0 01005.451 01009.732 01013.387 01016.566 01019.230 01020.309 01022.934 01025.665 01027.023 01028.348 01028.028 01027.426 01026.515 01025.315 01022.538 01020.332 01019.372 01017.063 01014.122 01010.482 01006.326 00997.596 -9999.0 -9999.0
-9999.0 -9999.0 -9999.0 -9999.0 -9999.0 -9999.0 -9999.0 -9999.0 -9999.0 -9999.0 -9999.0 -9999.0 -9999.0 -9999.0 -9999.0 -9999.0 -9999.0 -9999.0 -9999.0 -9999.0 -9999.0 -9999.0 -9999.0 -9999.0 -9999.0 -9999.0 -9999.0 -9999.0 -9999.0 -9999.0 -9999.0 -9999.0 -9999.0 -9999.0 -9999.0 -9999.0 01004.727 01009.904 01014.303 01018.152 01020.136 01024.086 01027.093 01029.228 01031.266 01032.864 01034.238 01035.577 01035.365 01034.735 01033.810 01032.598 01031.188 01029.325 01027.274 01025.057 01020.397 01018.695 01015.278 01011.461 01006.635 -9999.0
-9999.0 -9999.0 -9999.0 -9999.0 -9999.0 -9999.0 -9999.0 -9999.0 -9999.0 -9999.0 -9999.0 -9999.0 -9999.0 -9999.0 -9999.0 -9999.0 -9999.0 -9999.0 -9999.0 -9999.0 -9999.0 -9999.0 -9999.0 -9999.0 -9999.0 -9999.0 -9999.0 -9999.0 -9999.0 -9999.0 -9999.0 -9999.0 -9999.0 -9999.0 01002.620 01008.716 01013.531 01017.727 01020.281 01025.381 01028.571 01031.222 01033.771 01036.101 01037.770 01038.768 01040.522 01042.300 01042.194 01041.308 01039.992 01038.648 01037.792 01036.238 01034.197 01031.797 01029.068 01026.105 01020.767 01019.080 01014.892 01010.073
-9999.0 -9999.0 -9999.0 -9999.0 -9999.0 -9999.0 -9999.0 -9999.0 -9999.0 -9999.0 -9999.0 -9999.0 -9999.0 -9999.0 -9999.0 -9999.0 -9999.0 -9999.0 -9999.0 -9999.0 -9999.0 -9999.0 -9999.0 -9999.0 -9999.0 -9999.0 -9999.0 -9999.0 -9999.0 -9999.0 -9999.0 -9999.0 -9999.0 01004.948 01011.073 01016.254 01019.902 01024.753 01028.402 01031.717 01034.961 01037.567 01039.074 01042.501 01044.537 01046.564 01048.240 01049.927 01049.941 01048.990 01047.898 01046.397 01044.614 01042.663 01039.996 01037.863 01035.549 01032.633 01029.647 01025.923 01020.358 01017.553
-9999.0 -9999.0 -9999.0 -9999.0 -9999.0 -9999.0 -9999.0 -9999.0 -9999.0 -9999.0 -9999.0 -9999.0 -9999.0 -9999.0 -9999.0 -9999.0 -9999.0 -9999.0 -9999.0 -9999.0 -9999.0 -9999.0 -9999.0 -9999.0 -9999.0 -9999.0 -9999.0 -9999.0 -9999.0 -9999.0 -9999.0 -9999.0 01006.788 01012.826 01017.839 01020.683 01027.079 01030.977 01034.397 01037.594 01040.104 01043.905 01046.634 01049.492 01052.189 01054.847 01056.678 01058.110 01058.238 01057.422 01056.419 01054.771 01052.338 01050.011 01047.229 01044.355 01041.291 01038.272 01035.517 01031.914 01028.262 01023.631
-9999.0 -9999.0 -9999.0 -9999.0 -9999.0 -9999.0 -9999.0 -9999.0 -9999.0 -9999.0 -9999.0 -9999.0 -9999.0 -9999.0 -9999.0 -9999.0 -9999.0 -9999.0 -9999.0 -9999.0 -9999.0 -9999.0 -9999.0 -9999.0 -9999.0 -9999.0 -9999.0 -9999.0 -9999.0 -9999.0 -9999.0 01007.842 01013.913 01019.037 01023.498 01028.466 01032.555 01036.580 01039.095 01043.382 01046.899 01050.586 01054.416 01057.258 01059.855 01062.345 01064.507 01066.418 01066.804 01065.631 01064.228 01062.428 01060.033 01057.845 01055.023 01051.449 01048.068 01044.488 01040.440 01037.524 01033.872 01030.017
-9999.0 -9999.0 -9999.0 -9999.0 -9999.0 -9999.0 -9999.0 -9999.0 -9999.0 -9999.0 -9999.0 -9999.0 -9999.0 -9999.0 -9999.0 -9999.0 -9999.0 -9999.0 -9999.0 -9999.0 -9999.0 -9999.0 -9999.0 -9999.0 -9999.0 -9999.0 -9999.0 -9999.0 -9999.0 -9999.0 01008.550 01014.595 01019.528 01024.953 01029.458 01033.732 01037.612 01041.297 01045.548 01049.815 01054.002 01057.691 01061.296 01064.706 01067.867 01070.829 01073.518 01075.949 01076.644 01075.126 01073.270 01070.961 01068.413 01065.338 01062.050 01058.628 01055.453 01050.908 01046.812 01042.858 01038.510 01035.507
-9999.0 -9999.0 -9999.0 -9999.0 -9999.0 -9999.0 -9999.0 -9999.0 -9999.0 -9999.0 -9999.0 -9999.0 -9999.0 -9999.0 -9999.0 -9999.0 -9999.0 -9999.0 -9999.0 -9999.0 -9999.0 -9999.0 -9999.0 -9999.0 -9999.0 -9999.0 -9999.0 -9999.0 -9999.0 01007.731 01014.424 01019.677 01025.504 01030.067 01034.425 01038.130 01042.604 01046.926 01051.542 01056.535 01060.531 01064.613 01068.734 01073.109 01076.819 01078.847 01080.344 01083.690 01084.364 01083.187 01080.290 01078.862 01077.725 01073.732 01069.892 01065.962 01061.664 01057.651 01053.322 01048.654 01044.483 01039.448
-9999.0 -9999.0 -9999.0 -9999.0 -9999.0 -9999.0 -9999.0 -9999.0 -9999.0 -9999.0 -9999.0 -9999.0 -9999.0 -9999.0 -9999.0 -9999.0 -9999.0 -9999.0 -9999.0 -9999.0 -9999.0 -9999.0 -9999.0 -9999.0 -9999.0 -9999.0 -9999.0 -9999.0 01006.406 01013.387 01019.229 01024.917 01029.970 01034.802 01038.462 01043.270 01047.794 01052.843 01057.710 01062.270 01067.164 01072.303 01077.053 01078.949 01083.803 01086.388 01088.748 01090.928 01091.948 01090.465 01088.847 01086.826 01084.301 01079.038 01078.712 01073.541 01068.722 01064.001 01059.320 01055.404 01049.820 01044.854
-9999.0 -9999.0 -9999.0 -9999.0 -9999.0 -9999.0 -9999.0 -9999.0 -9999.0 -9999.0 -9999.0 -9999.0 -9999.0 -9999.0 -9999.0 -9999.0 -9999.0 -9999.0 -9999.0 -9999.0 -9999.0 -9999.0 -9999.0 -9999.0 -9999.0 -9999.0 -9999.0 01004.577 01012.041 01018.143 01022.997 01029.101 01033.952 01038.159 01043.217 01048.264 01053.702 01058.373 01063.419 01068.657 01074.143 01078.811 01083.431 01086.793 01090.289 01093.438 01096.320 01098.655 01098.790 01098.446 01096.445 01094.089 01091.004 01088.016 01084.331 01078.950 01076.328 01070.970 01065.649 01060.232 01055.599 01049.958
-9999.0 -9999.0 -9999.0 -9999.0 -9999.0 -9999.0 -9999.0 -9999.0 -9999.0 -9999.0 -9999.0 -9999.0 -9999.0 -9999.0 -9999.0 -9999.0 -9999.0 -9999.0 -9999.0 -9999.0 -9999.0 -9999.0 -9999.0 -9999.0 -9999.0 -9999.0 01002.349 01010.291 01016.730 01020.653 01027.984 01032.954 01037.621 01042.305 01047.301 01052.984 01058.342 01064.047 01069.573 01075.453 01078.933 01084.722 01088.935 01093.285 01097.043 01098.841 01100.536 01101.557 01102.309 01101.511 01100.716 01098.895 01098.249 01094.325 01090.310 01086.310 01082.463 01078.001 01071.611 01065.750 01060.271 01055.556
-9999.0 -9999.0 -9999.0 -9999.0 -9999.0 -9999.0 -9999.0 -9999.0 -9999.0 -9999.0 -9999.0 -9999.0 -9999.0 -9999.0 -9999.0 -9999.0 -9999.0 -9999.0 -9999.0 -9999.0 -9999.0 -9999.0 -9999.0 -9999.0 -9999.0 -9999.0 01007.878 01014.827 01019.936 01026.541 01031.692 01036.677 01040.825 01046.150 01051.720 01057.484 01062.931 01068.876 01075.494 01079.003 01085.588 01090.049 01094.675 01098.711 01100.587 01101.989 01103.359 01104.491 01105.462 01104.525 01103.583 01102.384 01101.002 01098.845 01096.558 01092.092 01087.229 01082.613 01077.997 01071.553 01065.533 01059.876
-9999.0 -9999.0 -9999.0 -9999.0 -9999.0 -9999.0 -9999.0 -9999.0 -9999.0 -9999.0 -9999.0 -9999.0 -9999.0 -9999.0 -9999.0 -9999.0 -9999.0 -9999.0 -9999.0 -9999.0 -9999.0 -9999.0 -9999.0 -9999.0 -9999.0 01005.129 01012.626 01018.785 01024.745 01030.027 01035.062 01038.886 01044.662 01050.204 01056.355 01061.564 01067.514 01073.996 01078.893 01085.023 01090.157 01095.568 01098.813 01101.089 01102.836 01104.607 01106.057 01108.682 01113.859 01109.200 01106.405 01105.043 01103.435 01101.841 01099.296 01097.186 01092.016 01087.159 01082.428 01077.531 01070.911 01064.945
-9999.0 -9999.0 -9999.0 -9999.0 -9999.0 -9999.0 -9999.0 -9999.0 -9999.0 -9999.0 -9999.0 -9999.0 -9999.0 -9999.0 -9999.0 -9999.0 -9999.0 -9999.0 -9999.0 -9999.0 -9999.0 -9999.0 -9999.0 -9999.0 01002.176 01010.183 01016.776 01020.731 01028.266 01033.336 01037.910 01042.988 01048.233 01054.361 01059.665 01065.696 01072.195 01078.756 01083.897 01088.928 01094.277 01098.758 01101.156 01103.266 01105.111 01106.923 01113.913 01121.192 01129.066 01122.482 01116.234 01109.118 01105.915 01103.889 01101.914 01099.136 01096.953 01091.642 01086.665 01081.287 01076.785 01070.206
-9999.0 -9999.0 -9999.0 -9999.0 -9999.0 -9999.0 -9999.0 -9999.0 -9999.0 -9999.0 -9999.0 -9999.0 -9999.0 -9999.0 -9999.0 -9999.0 -9999.0 -9999.0 -9999.0 -9999.0 -9999.0 -9999.0 -9999.0 -9999.0 01007.430 01014.551 01019.855 01026.395 01031.581 01036.643 01040.955 01046.381 01052.112 01057.891 01063.681 01069.885 01076.888 01082.306 01087.373 01092.751 01098.436 01100.648 01102.727 01104.871 01107.302 01116.574 01125.006 01133.578 01143.176 01135.825 01128.118 01119.758 01110.152 01105.826 01103.775 01101.757 01098.923 01096.358 01091.094 01086.138 01079.026 01076.019
-9999.0 -9999.0 -9999.0 -9999.0 -9999.0 -9999.0 -9999.0 -9999.0 -9999.0 -9999.0 -9999.0 -9999.0 -9999.0 -9999.0 -9999.0 -9999.0 -9999.0 -9999.0 -9999.0 -9999.0 -9999.0 -9999.0 -9999.0 01003.948 01011.783 01018.128 01023.660 01029.592 01034.707 01038.736 01044.487 01050.038 01056.257 01061.587 01067.694 01074.370 01078.935 01085.595 01090.871 01096.476 01099.013 01102.068 01104.217 01106.424 01113.363 01123.792 01134.444 01144.929 -9999.0 -9999.000 01138.537 01128.593 01118.977 01109.487 01105.599 01103.551 01101.535 01098.871 01095.761 01090.539 01085.469 01078.943
-9999.0 -9999.0 -9999.0 -9999.0 -9999.0 -9999.0 -9999.0 -9999.0 -9999.0 -9999.0 -9999.0 -9999.0 -9999.0 -9999.0 -9999.0 -9999.0 -9999.0 -9999.0 -9999.0 -9999.0 -9999.0 -9999.0 -9999.0 01008.459 01015.476 01020.239 01027.318 01032.535 01037.498 01042.368 01047.648 01053.741 01059.172 01065.328 01071.879 01078.739 01083.849 01089.013 01094.503 01098.790 01101.330 01103.474 01105.658 01110.161 01120.478 01130.764 01141.256 -9999.000 -9999.0 -9999.0 -9999.000 01137.475 01127.478 01117.938 01108.702 01105.375 01103.330 01101.303 01098.803 01094.859 01089.577 01084.560
-9999.0 -9999.0 -9999.0 -9999.0 -9999.0 -9999.0 -9999.0 -9999.0 -9999.0 -9999.0 -9999.0 -9999.0 -9999.0 -9999.0 -9999.0 -9999.0 -9999.0 -9999.0 -9999.0 -9999.0 -9999.0 -9999.0 01004.706 01012.435 01018.746 01024.823 01030.206 01035.358 01039.240 01045.188 01050.949 01057.069 01062.737 01069.011 01076.020 01080.064 01086.915 01092.341 01098.112 01100.575 01102.730 01104.906 01107.533 01116.949 01127.175 01137.805 -9999.000 -9999.0 -9999.0 -9999.0 -9999.0 -9999.000 01136.411 01126.416 01116.814 01107.842 01105.089 01102.991 01100.942 01098.699 01093.404 01087.852
-9999.0 -9999.0 -9999.0 -9999.0 -9999.0 -9999.0 -9999.0 -9999.0 -9999.0 -9999.0 -9999.0 -9999.0 -9999.0 -9999.0 -9999.0 -9999.0 -9999.0 -9999.0 -9999.0 -9999.0 -9999.0 -9999.0 01008.208 01015.328 01020.212 01027.314 01032.599 01037.570 01042.562 01047.951 01054.219 01059.740 01065.965 01072.746 01078.820 01084.692 01090.030 01095.660 01098.902 01101.839 01104.029 01106.270 01112.715 01123.474 01134.219 01144.434 -9999.0 -9999.0 -9999.0 -9999.0 -9999.0 -9999.0 -9999.000 01135.292 01125.161 01114.990 01106.678 01104.418 01102.214 01099.390 01096.639 01090.908
-9999.0 -9999.0 -9999.0 -9999.0 -9999.0 -9999.0 -9999.0 -9999.0 -9999.0 -9999.0 -9999.0 -9999.0 -9999.0 -9999.0 -9999.0 -9999.0 -9999.0 -9999.0 -9999.0 -9999.0 -9999.0 01003.163 01011.229 01017.771 01022.974 01029.438 01034.632 01038.739 01044.568 01050.287 01056.587 01062.183 01068.506 01075.521 01079.038 01086.725 01092.231 01098.093 01100.603 01102.795 01105.049 01108.289 01118.325 01128.899 01140.163 -9999.000 -9999.0 -9999.0 -9999.0 -9999.0 -9999.0 -9999.0 -9999.000 01142.662 01131.546 01120.881 01110.302 01105.643 01103.402 01101.189 01098.738 01093.775
-9999.0 -9999.0 -9999.0 -9999.0 -9999.0 -9999.0 -9999.0 -9999.0 -9999.0 -9999.0 -9999.0 -9999.0 -9999.0 -9999.0 -9999.0 -9999.0 -9999.0 -9999.0 -9999.0 -9999.0 -9999.0 01006.434 01013.837 01019.634 01026.055 01031.392 01036.586 01041.059 01046.603 01052.569 01058.349 01064.442 01070.951 01078.228 01083.384 01088.651 01094.298 01098.786 01101.382 01103.599 01105.829 01110.915 01121.842 01132.926 01144.640 -9999.000 -9999.0 -9999.0 -9999.0 -9999.0 -9999.0 -9999.0 -9999.0 01146.782 01138.273 01126.309 01114.888 01106.584 01104.295 01102.078 01098.951 01096.154
-9999.0 -9999.0 -9999.0 -9999.0 -9999.0 -9999.0 -9999.0 -9999.0 -9999.0 -9999.0 -9999.0 -9999.0 -9999.0 -9999.0 -9999.0 -9999.0 -9999.0 -9999.0 -9999.0 -9999.0 -9999.0 01009.143 01016.090 01020.510 01027.942 01033.168 01037.895 01043.107 01048.527 01054.884 01060.363 01066.553 01073.255 01078.854 01084.921 01090.265 01095.910 01098.923 01101.927 01104.111 01106.394 01113.516 01125.013 01132.982 01140.538 01147.089 -9999.000 -9999.0 -9999.0 -9999.0 -9999.0 -9999.0 -9999.000 01143.026 01135.196 01126.502 01117.846 01108.989 01105.146 01102.826 01100.629 01098.160
-9999.0 -9999.0 -9999.0 -9999.0 -9999.0 -9999.0 -9999.0 -9999.0 -9999.0 -9999.0 -9999.0 -9999.0 -9999.0 -9999.0 -9999.0 -9999.0 -9999.0 -9999.0 -9999.0 -9999.0 01003.698 01011.678 01018.064 01023.552 01029.572 01034.713 01038.750 01044.529 01050.165 01056.423 01061.888 01068.098 01074.938 01078.987 01086.166 01091.534 01097.203 01100.032 01102.352 01104.561 01106.860 01113.396 01121.626 01128.975 01136.606 01142.428 01148.257 -9999.0 -9999.0 -9999.0 -9999.0 -9999.000 01145.603 01139.367 01132.136 01123.715 01115.372 01107.626 01105.242 01103.329 01101.310 01098.754
-9999.0 -9999.0 -9999.0 -9999.0 -9999.0 -9999.0 -9999.0 -9999.0 -9999.0 -9999.0 -9999.0 -9999.0 -9999.0 -9999.0 -9999.0 -9999.0 -9999.0 -9999.0 -9999.0 -9999.0 01005.907 01013.354 01019.423 01025.539 01030.852 01035.989 01040.101 01045.808 01051.574 01057.548 01063.333 01069.535 01076.485 01081.912 01087.067 01092.403 01098.075 01100.529 01102.709 01104.528 01106.265 01110.503 01118.291 01125.422 01131.908 01137.912 01143.595 -9999.000 -9999.0 -9999.0 -9999.0 01147.778 01141.400 01135.052 01128.377 01121.171 01112.680 01106.694 01104.845 01102.974 01101.101 01098.796
-9999.0 -9999.0 -9999.0 -9999.0 -9999.0 -9999.0 -9999.0 -9999.0 -9999.0 -9999.0 -9999.0 -9999.0 -9999.0 -9999.0 -9999.0 -9999.0 -9999.0 -9999.0 -9999.0 -9999.0 01007.883 01014.942 01020.022 01026.819 01032.041 01037.159 01041.772 01046.977 01052.817 01058.380 01064.296 01070.564 01077.600 01082.713 01087.717 01093.110 01098.661 01100.509 01102.238 01103.947 01105.616 01108.174 01114.494 01121.334 01127.143 01133.131 01139.082 01144.809 -9999.000 -9999.0 -9999.000 01143.512 01137.280 01130.591 01124.129 01117.754 01110.335 01106.200 01104.429 01102.618 01100.808 01098.724
-9999.0 -9999.0 -9999.0 -9999.0 -9999.0 -9999.0 -9999.0 -9999.0 -9999.0 -9999.0 -9999.0 -9999.0 -9999.0 -9999.0 -9999.0 -9999.0 -9999.0 -9999.0 -9999.0 00997.155 01009.595 01016.373 01020.567 01027.907 01032.982 01037.695 01042.604 01047.809 01053.829 01059.114 01065.073 01071.341 01078.273 01083.186 01088.232 01093.059 01097.736 01099.190 01101.695 01103.347 01104.990 01106.537 01110.633 01116.746 01122.518 01128.346 01134.405 01140.323 01146.035 -9999.000 01145.637 01139.472 01132.888 01126.319 01120.025 01113.233 01107.806 01105.596 01103.906 01102.216 01100.434 01098.655
-9999.0 -9999.0 -9999.0 -9999.0 -9999.0 -9999.0 -9999.0 -9999.0 -9999.0 -9999.0 -9999.0 -9999.0 -9999.0 -9999.0 -9999.0 -9999.0 -9999.0 -9999.0 -9999.0 01003.047 01010.903 01017.328 01021.326 01028.712 01033.751 01038.146 01043.314 01048.476 01054.515 01059.698 01065.580 01071.916 01078.721 01083.168 01087.415 01091.809 01096.385 01098.857 01101.115 01102.714 01104.223 01105.742 01107.242 01111.605 01118.016 01123.672 01129.553 01135.590 01140.353 01144.966 01140.104 01135.039 01128.507 01122.114 01115.656 01109.588 01106.321 01104.898 01103.324 01101.655 01099.318 01097.665
