examples/flatland/Outputs/centerIgnit/b_RAWS/singleWinds/flatland_centerIgnit_3mph0deg7hr_RAWS/flatland_centerIgnit_3mph0deg7hr_RAWS_SpreadDirection.asc
NCOLS 100
NROWS 100
XLLCORNER 20000.000000
YLLCORNER 20000.000000
CELLSIZE 30.000000
NODATA_VALUE -9999.0
[rows 38 to 75 of 100, columns 0 to 85 of 100]
-9999 -9999 -9999 -9999 -9999 -9999 -9999 -9999 -9999 -9999 -9999 -9999 -9999 -9999 -9999 -9999 -9999 -9999 -9999 -9999 -9999 -9999 -9999 -9999 -9999 -9999 -9999 307 307 307 309 309 309 310 310 310 319 319 320 320 323 323 332 332 332 339 343 342 012 012 015 023 023 023 032 034 034 034 044 044 044 045 045 045 048 048 047 048 048 048 048 -9999 -9999 -9999 -9999 -9999 -9999 -9999 -9999 -9999 -9999 -9999 -9999 -9999 -9999 -9999
-9999 -9999 -9999 -9999 -9999 -9999 -9999 -9999 -9999 -9999 -9999 -9999 -9999 -9999 -9999 -9999 -9999 -9999 -9999 -9999 -9999 -9999 -9999 -9999 -9999 -9999 304 304 307 307 307 307 307 309 310 309 309 309 320 320 320 323 323 332 332 332 340 341 015 014 015 023 023 032 034 034 034 044 044 045 045 045 048 048 048 048 048 048 048 048 048 -9999 -9999 -9999 -9999 -9999 -9999 -9999 -9999 -9999 -9999 -9999 -9999 -9999 -9999 -9999
-9999 -9999 -9999 -9999 -9999 -9999 -9999 -9999 -9999 -9999 -9999 -9999 -9999 -9999 -9999 -9999 -9999 -9999 -9999 -9999 -9999 -9999 -9999 -9999 -9999 -9999 304 304 304 304 304 307 307 308 308 309 309 309 309 309 320 321 321 322 332 332 339 338 017 017 023 023 033 033 033 045 045 045 045 045 048 048 048 048 048 048 048 048 048 050 050 050 -9999 -9999 -9999 -9999 -9999 -9999 -9999 -9999 -9999 -9999 -9999 -9999 -9999 -9999
-9999 -9999 -9999 -9999 -9999 -9999 -9999 -9999 -9999 -9999 -9999 -9999 -9999 -9999 -9999 -9999 -9999 -9999 -9999 -9999 -9999 -9999 -9999 -9999 -9999 304 304 304 304 304 304 304 304 304 308 308 308 308 309 309 308 308 321 321 322 332 332 335 022 020 023 032 032 032 045 045 045 045 048 048 048 048 048 048 048 048 048 050 050 050 052 052 052 -9999 -9999 -9999 -9999 -9999 -9999 -9999 -9999 -9999 -9999 -9999 -9999 -9999
-9999 -9999 -9999 -9999 -9999 -9999 -9999 -9999 -9999 -9999 -9999 -9999 -9999 -9999 -9999 -9999 -9999 -9999 -9999 -9999 -9999 -9999 -9999 -9999 303 303 303 304 304 304 304 304 304 304 304 304 304 304 308 308 308 308 308 307 322 322 332 331 328 024 032 032 046 046 045 045 048 048 048 048 048 048 048 048 050 050 050 050 052 052 052 052 052 052 -9999 -9999 -9999 -9999 -9999 -9999 -9999 -9999 -9999 -9999 -9999 -9999
-9999 -9999 -9999 -9999 -9999 -9999 -9999 -9999 -9999 -9999 -9999 -9999 -9999 -9999 -9999 -9999 -9999 -9999 -9999 -9999 -9999 -9999 -9999 -9999 301 301 303 303 303 303 303 303 304 304 304 304 304 304 304 304 304 308 307 307 306 306 323 323 315 031 032 047 046 046 048 048 048 048 048 048 048 048 050 050 050 051 052 052 052 052 059 058 058 058 -9999 -9999 -9999 -9999 -9999 -9999 -9999 -9999 -9999 -9999 -9999 -9999
-9999 -9999 -9999 -9999 -9999 -9999 -9999 -9999 -9999 -9999 -9999 -9999 -9999 -9999 -9999 -9999 -9999 -9999 -9999 -9999 -9999 -9999 -9999 301 301 301 301 301 301 301 301 303 303 303 303 303 304 304 304 304 304 304 304 304 304 305 305 315 -9999 -9999 048 047 048 048 048 048 048 048 048 050 050 050 051 051 051 051 059 059 059 059 059 059 059 059 059 -9999 -9999 -9999 -9999 -9999 -9999 -9999 -9999 -9999 -9999 -9999
-9999 -9999 -9999 -9999 -9999 -9999 -9999 -9999 -9999 -9999 -9999 -9999 -9999 -9999 -9999 -9999 -9999 -9999 -9999 -9999 -9999 -9999 -9999 299 299 299 299 299 299 301 301 301 301 301 301 301 304 304 304 304 304 304 304 304 304 304 304 -9999 -9999 -9999 -9999 048 048 048 048 048 048 050 050 050 050 050 051 059 059 059 059 059 059 059 059 059 061 061 061 061 -9999 -9999 -9999 -9999 -9999 -9999 -9999 -9999 -9999 -9999
-9999 -9999 -9999 -9999 -9999 -9999 -9999 -9999 -9999 -9999 -9999 -9999 -9999 -9999 -9999 -9999 -9999 -9999 -9999 -9999 -9999 -9999 299 299 299 299 299 299 299 299 299 300 300 300 300 300 301 301 301 301 301 304 304 304 304 304 -9999 -9999 -9999 -9999 -9999 -9999 048 048 048 049 050 050 050 061 060 060 060 059 059 061 061 061 061 061 061 061 062 062 062 062 -9999 -9999 -9999 -9999 -9999 -9999 -9999 -9999 -9999 -9999
-9999 -9999 -9999 -9999 -9999 -9999 -9999 -9999 -9999 -9999 -9999 -9999 -9999 -9999 -9999 -9999 -9999 -9999 -9999 -9999 -9999 -9999 293 293 292 292 292 292 292 292 292 292 292 291 291 300 301 301 301 301 301 302 302 302 303 304 -9999 -9999 -9999 -9999 -9999 -9999 -9999 048 049 061 061 061 061 061 061 061 061 061 061 061 061 061 061 061 061 067 067 067 067 067 067 -9999 -9999 -9999 -9999 -9999 -9999 -9999 -9999 -9999
-9999 -9999 -9999 -9999 -9999 -9999 -9999 -9999 -9999 -9999 -9999 -9999 -9999 -9999 -9999 -9999 -9999 -9999 -9999 -9999 -9999 292 292 292 292 292 292 292 292 292 292 292 291 291 291 291 291 291 290 290 290 290 290 289 293 -9999 -9999 -9999 -9999 -9999 -9999 -9999 -9999 057 060 061 061 061 068 067 067 067 067 067 067 067 067 067 067 067 067 067 067 067 067 067 067 -9999 -9999 -9999 -9999 -9999 -9999 -9999 -9999 -9999
-9999 -9999 -9999 -9999 -9999 -9999 -9999 -9999 -9999 -9999 -9999 -9999 -9999 -9999 -9999 -9999 -9999 -9999 -9999 -9999 -9999 290 289 289 289 289 289 290 290 290 290 290 290 290 290 290 290 290 290 290 283 284 287 291 237 -9999 -9999 -9999 -9999 -9999 -9999 -9999 -9999 116 057 061 066 068 068 068 067 067 067 067 067 067 067 067 067 067 068 068 068 068 068 068 068 -9999 -9999 -9999 -9999 -9999 -9999 -9999 -9999 -9999
-9999 -9999 -9999 -9999 -9999 -9999 -9999 -9999 -9999 -9999 -9999 -9999 -9999 -9999 -9999 -9999 -9999 -9999 -9999 -9999 -9999 289 289 289 289 289 289 290 290 290 290 284 284 284 284 284 284 284 284 284 283 285 289 243 240 232 -9999 -9999 -9999 -9999 -9999 -9999 -9999 116 110 108 106 067 069 071 072 072 072 072 072 072 072 072 072 072 072 072 072 072 072 072 071 071 -9999 -9999 -9999 -9999 -9999 -9999 -9999 -9999
-9999 -9999 -9999 -9999 -9999 -9999 -9999 -9999 -9999 -9999 -9999 -9999 -9999 -9999 -9999 -9999 -9999 -9999 -9999 -9999 289 284 284 284 284 284 284 284 284 284 284 284 284 284 284 284 279 279 280 282 283 248 246 244 243 232 232 -9999 -9999 -9999 -9999 -9999 123 123 110 108 105 104 102 100 072 074 075 075 076 076 076 076 072 072 072 072 072 072 072 072 072 072 -9999 -9999 -9999 -9999 -9999 -9999 -9999 -9999
-9999 -9999 -9999 -9999 -9999 -9999 -9999 -9999 -9999 -9999 -9999 -9999 -9999 -9999 -9999 -9999 -9999 -9999 -9999 -9999 285 284 284 284 284 283 283 284 284 284 284 279 279 279 279 279 278 280 280 251 250 249 245 244 232 232 232 -9999 -9999 -9999 -9999 123 123 123 122 108 108 103 102 100 099 098 098 075 076 077 078 076 076 076 076 076 076 076 076 076 072 072 -9999 -9999 -9999 -9999 -9999 -9999 -9999 -9999
-9999 -9999 -9999 -9999 -9999 -9999 -9999 -9999 -9999 -9999 -9999 -9999 -9999 -9999 -9999 -9999 -9999 -9999 -9999 -9999 283 283 283 283 283 283 279 279 279 279 279 279 279 276 276 277 279 253 253 252 250 245 245 233 232 232 232 232 -9999 -9999 -9999 123 123 123 123 122 108 108 102 102 099 098 097 096 095 095 078 078 078 079 079 079 076 076 076 076 076 076 076 -9999 -9999 -9999 -9999 -9999 -9999 -9999
-9999 -9999 -9999 -9999 -9999 -9999 -9999 -9999 -9999 -9999 -9999 -9999 -9999 -9999 -9999 -9999 -9999 -9999 -9999 283 283 283 279 279 279 279 279 279 279 276 276 276 276 276 276 255 255 254 253 250 244 244 233 233 232 232 232 231 223 -9999 133 124 123 123 123 122 121 108 109 102 102 102 098 096 095 095 094 094 078 079 079 080 079 079 079 079 079 079 076 -9999 -9999 -9999 -9999 -9999 -9999 -9999
-9999 -9999 -9999 -9999 -9999 -9999 -9999 -9999 -9999 -9999 -9999 -9999 -9999 -9999 -9999 -9999 -9999 -9999 -9999 280 280 279 279 279 279 279 276 276 276 276 274 275 276 257 256 255 254 254 250 244 244 233 233 232 232 232 232 231 218 223 138 125 123 123 123 123 121 121 109 109 109 102 102 098 098 095 095 094 093 093 093 080 080 080 080 081 079 079 079 -9999 -9999 -9999 -9999 -9999 -9999 -9999
-9999 -9999 -9999 -9999 -9999 -9999 -9999 -9999 -9999 -9999 -9999 -9999 -9999 -9999 -9999 -9999 -9999 -9999 -9999 279 279 279 276 276 276 276 276 273 274 274 274 258 257 257 256 254 250 250 244 244 244 233 232 232 232 232 230 215 215 218 142 142 125 123 123 123 123 121 121 109 109 109 102 102 098 098 098 095 095 093 093 093 092 092 080 081 081 081 081 -9999 -9999 -9999 -9999 -9999 -9999 -9999
-9999 -9999 -9999 -9999 -9999 -9999 -9999 -9999 -9999 -9999 -9999 -9999 -9999 -9999 -9999 -9999 -9999 -9999 -9999 276 276 276 276 276 273 273 273 273 274 259 258 258 257 254 254 250 250 244 244 244 234 234 232 232 232 230 230 215 210 215 147 142 126 126 123 123 123 123 121 120 109 109 109 102 102 102 098 098 098 095 095 093 093 092 092 091 091 081 081 -9999 -9999 -9999 -9999 -9999 -9999 -9999
-9999 -9999 -9999 -9999 -9999 -9999 -9999 -9999 -9999 -9999 -9999 -9999 -9999 -9999 -9999 -9999 -9999 -9999 -9999 276 276 273 273 273 272 273 273 259 259 259 257 257 254 254 250 250 244 244 244 234 234 232 232 232 232 230 215 215 207 210 149 141 141 126 126 123 123 123 120 120 120 110 109 109 102 102 102 098 098 098 095 095 095 093 093 091 091 091 091 081 -9999 -9999 -9999 -9999 -9999 -9999
-9999 -9999 -9999 -9999 -9999 -9999 -9999 -9999 -9999 -9999 -9999 -9999 -9999 -9999 -9999 -9999 -9999 -9999 -9999 273 273 273 272 272 272 260 260 259 259 257 257 254 254 250 250 244 244 244 234 234 232 232 232 232 229 229 216 205 205 207 151 151 141 126 127 123 123 123 123 120 120 120 110 110 108 108 102 102 102 098 098 098 095 095 095 093 093 091 091 091 -9999 -9999 -9999 -9999 -9999 -9999
-9999 -9999 -9999 -9999 -9999 -9999 -9999 -9999 -9999 -9999 -9999 -9999 -9999 -9999 -9999 -9999 -9999 -9999 -9999 271 272 272 272 261 260 260 260 259 257 257 254 254 250 250 244 244 243 234 234 234 232 232 232 232 229 216 216 205 203 205 154 151 141 141 127 127 123 123 123 123 120 120 120 110 110 108 108 102 103 102 098 098 098 098 095 095 095 093 093 091 -9999 -9999 -9999 -9999 -9999 -9999
-9999 -9999 -9999 -9999 -9999 -9999 -9999 -9999 -9999 -9999 -9999 -9999 -9999 -9999 -9999 -9999 -9999 -9999 -9999 271 272 261 261 261 260 260 257 257 254 254 254 250 250 244 244 243 243 234 234 232 232 232 232 229 229 216 216 206 201 203 156 151 141 141 141 127 127 123 123 123 123 120 120 120 110 110 108 108 103 103 102 102 098 098 098 095 095 095 093 093 -9999 -9999 -9999 -9999 -9999 -9999
-9999 -9999 -9999 -9999 -9999 -9999 -9999 -9999 -9999 -9999 -9999 -9999 -9999 -9999 -9999 -9999 -9999 -9999 -9999 271 261 261 261 260 260 257 257 254 254 250 250 250 245 244 243 243 234 234 232 232 232 232 229 229 216 216 206 206 200 201 157 151 151 141 141 127 127 123 123 123 123 123 120 120 119 110 110 108 108 103 103 102 102 098 098 098 098 095 095 -9999 -9999 -9999 -9999 -9999 -9999 -9999
-9999 -9999 -9999 -9999 -9999 -9999 -9999 -9999 -9999 -9999 -9999 -9999 -9999 -9999 -9999 -9999 -9999 -9999 -9999 261 261 259 260 257 257 257 254 254 250 250 250 245 245 243 243 234 234 234 232 232 232 232 229 229 216 216 206 206 198 200 158 158 151 141 140 140 127 127 123 123 123 123 120 120 119 119 110 110 108 108 108 103 103 102 102 098 098 098 098 -9999 -9999 -9999 -9999 -9999 -9999 -9999
-9999 -9999 -9999 -9999 -9999 -9999 -9999 -9999 -9999 -9999 -9999 -9999 -9999 -9999 -9999 -9999 -9999 -9999 -9999 261 259 259 257 257 254 254 254 250 250 250 245 245 243 243 235 235 234 232 232 232 232 229 229 216 216 216 206 199 197 198 160 158 151 151 141 140 127 127 127 123 123 123 123 120 120 119 110 110 110 108 108 108 103 103 102 102 098 099 098 -9999 -9999 -9999 -9999 -9999 -9999 -9999
-9999 -9999 -9999 -9999 -9999 -9999 -9999 -9999 -9999 -9999 -9999 -9999 -9999 -9999 -9999 -9999 -9999 -9999 -9999 259 259 257 257 254 254 254 250 250 250 245 245 243 243 235 235 234 232 232 232 232 229 229 228 217 216 206 206 199 196 197 161 158 151 151 141 140 140 128 127 123 123 123 123 123 120 119 119 110 111 110 108 108 108 103 103 102 102 102 099 -9999 -9999 -9999 -9999 -9999 -9999 -9999
-9999 -9999 -9999 -9999 -9999 -9999 -9999 -9999 -9999 -9999 -9999 -9999 -9999 -9999 -9999 -9999 -9999 -9999 -9999 257 257 257 254 254 254 250 250 250 245 245 243 243 243 235 234 234 232 232 232 232 229 228 217 217 216 206 206 199 195 196 162 158 158 151 141 141 140 128 128 127 123 123 123 123 123 120 119 119 111 111 110 108 108 108 103 103 103 102 102 -9999 -9999 -9999 -9999 -9999 -9999 -9999
-9999 -9999 -9999 -9999 -9999 -9999 -9999 -9999 -9999 -9999 -9999 -9999 -9999 -9999 -9999 -9999 -9999 -9999 -9999 -9999 254 254 254 254 250 250 250 245 245 245 243 243 235 235 234 232 232 232 232 229 228 228 217 215 215 206 206 199 195 195 162 163 158 151 151 142 139 139 128 127 127 123 123 123 123 123 120 119 119 111 111 110 110 108 108 108 103 103 102 -9999 -9999 -9999 -9999 -9999 -9999 -9999
-9999 -9999 -9999 -9999 -9999 -9999 -9999 -9999 -9999 -9999 -9999 -9999 -9999 -9999 -9999 -9999 -9999 -9999 -9999 -9999 254 254 250 250 250 250 245 245 245 243 243 235 235 234 232 232 232 232 232 229 228 217 217 215 206 206 199 199 194 194 163 163 158 151 151 142 142 139 128 128 127 127 123 123 123 123 120 120 119 119 111 111 110 110 108 108 108 103 -9999 -9999 -9999 -9999 -9999 -9999 -9999 -9999
-9999 -9999 -9999 -9999 -9999 -9999 -9999 -9999 -9999 -9999 -9999 -9999 -9999 -9999 -9999 -9999 -9999 -9999 -9999 -9999 254 250 250 249 249 245 245 245 243 243 235 235 234 232 232 232 232 232 229 227 228 217 217 215 206 206 199 199 193 193 163 163 158 151 151 142 142 139 139 128 129 127 123 123 123 123 123 120 120 119 119 111 111 110 110 108 108 108 -9999 -9999 -9999 -9999 -9999 -9999 -9999 -9999
-9999 -9999 -9999 -9999 -9999 -9999 -9999 -9999 -9999 -9999 -9999 -9999 -9999 -9999 -9999 -9999 -9999 -9999 -9999 -9999 250 250 249 249 245 245 245 243 242 235 235 234 234 232 232 232 232 229 229 227 217 217 215 215 206 206 199 193 193 192 164 163 158 158 151 151 142 142 139 139 129 127 127 123 124 123 123 123 120 120 119 119 111 111 110 110 108 108 -9999 -9999 -9999 -9999 -9999 -9999 -9999 -9999
-9999 -9999 -9999 -9999 -9999 -9999 -9999 -9999 -9999 -9999 -9999 -9999 -9999 -9999 -9999 -9999 -9999 -9999 -9999 -9999 -9999 249 249 245 245 245 243 242 242 235 235 234 232 232 232 232 232 229 227 227 217 217 215 206 206 206 199 193 192 192 165 163 158 158 151 150 142 142 139 139 129 129 127 127 124 123 123 123 123 120 119 119 118 111 111 110 110 108 -9999 -9999 -9999 -9999 -9999 -9999 -9999 -9999
-9999 -9999 -9999 -9999 -9999 -9999 -9999 -9999 -9999 -9999 -9999 -9999 -9999 -9999 -9999 -9999 -9999 -9999 -9999 -9999 -9999 249 245 245 245 243 242 242 235 235 234 232 232 232 232 232 229 229 227 217 217 215 215 206 206 199 199 193 191 191 166 163 163 158 151 150 150 142 139 139 139 129 129 127 124 124 123 123 123 120 120 119 118 118 111 111 110 -9999 -9999 -9999 -9999 -9999 -9999 -9999 -9999 -9999
-9999 -9999 -9999 -9999 -9999 -9999 -9999 -9999 -9999 -9999 -9999 -9999 -9999 -9999 -9999 -9999 -9999 -9999 -9999 -9999 -9999 -9999 245 245 243 243 242 235 235 234 234 232 232 232 232 229 229 227 227 217 217 215 215 207 206 199 199 193 190 190 166 166 163 158 158 151 150 142 142 139 139 129 129 127 127 124 124 123 123 123 120 120 119 118 118 111 112 -9999 -9999 -9999 -9999 -9999 -9999 -9999 -9999 -9999
-9999 -9999 -9999 -9999 -9999 -9999 -9999 -9999 -9999 -9999 -9999 -9999 -9999 -9999 -9999 -9999 -9999 -9999 -9999 -9999 -9999 -9999 245 243 243 242 236 235 235 234 232 232 232 232 232 229 227 227 218 217 217 215 207 207 206 199 199 193 190 190 167 167 163 158 158 151 150 142 142 139 139 138 129 129 127 127 124 124 123 123 123 120 120 119 118 118 -9999 -9999 -9999 -9999 -9999 -9999 -9999 -9999 -9999 -9999
-9999 -9999 -9999 -9999 -9999 -9999 -9999 -9999 -9999 -9999 -9999 -9999 -9999 -9999 -9999 -9999 -9999 -9999 -9999 -9999 -9999 -9999 -9999 243 242 242 236 236 234 232 232 232 232 232 229 229 227 227 218 218 215 215 207 206 206 199 199 194 190 190 167 167 163 158 158 151 150 150 142 142 139 138 129 129 129 127 127 124 123 123 123 123 120 120 119 118 -9999 -9999 -9999 -9999 -9999 -9999 -9999 -9999 -9999 -9999
