examples/flatland/Outputs/centerIgnit/b_RAWS/singleWinds/flatland_centerIgnit_3mph0deg7hr_RAWS/flatland_centerIgnit_3mph0deg7hr_RAWS_ReactionIntensity.asc
NCOLS 100
NROWS 100
XLLCORNER 20000.000000
YLLCORNER 20000.000000
CELLSIZE 30.000000
NODATA_VALUE -9999.0
[rows 28 to 55 of 100, columns 0 to 61 of 100]
-9999.0 -9999.0 -9999.0 -9999.0 -9999.0 -9999.0 -9999.0 -9999.0 -9999.0 -9999.0 -9999.0 -9999.0 -9999.0 -9999.0 -9999.0 -9999.0 -9999.0 -9999.0 -9999.0 -9999.0 -9999.0 -9999.0 -9999.0 -9999.0 -9999.0 -9999.0 -9999.0 -9999.0 -9999.0 -9999.0 -9999.0 -9999.0 -9999.0 -9999.0 -9999.0 -9999.0 -9999.0 -9999.0 -9999.0 -9999.0 00152.446 00153.075 00153.538 00153.960 00154.289 00154.559 00154.779 00154.913 00154.885 00154.824 00154.683 00154.506 00154.252 00153.959 00153.564 00153.116 00152.613 -9999.0 -9999.0 -9999.0 -9999.0 -9999.0
-9999.0 -9999.0 -9999.0 -9999.0 -9999.0 -9999.0 -9999.0 -9999.0 -9999.0 -9999.0 -9999.0 -9999.0 -9999.0 -9999.0 -9999.0 -9999.0 -9999.0 -9999.0 -9999.0 -9999.0 -9999.0 -9999.0 -9999.0 -9999.0 -9999.0 -9999.0 -9999.0 -9999.0 -9999.0 -9999.0 -9999.0 -9999.0 -9999.0 -9999.0 -9999.0 -9999.0 -9999.0 -9999.0 00152.743 00153.394 00153.949 00154.433 00154.838 00155.002 00155.400 00155.815 00156.022 00156.223 00156.175 00156.083 00155.944 00155.762 00155.340 00155.006 00154.860 00154.508 00154.061 00153.508 00152.877 00151.550 -9999.0 -9999.0
-9999.0 -9999.0 -9999.0 -9999.0 -9999.0 -9999.0 -9999.0 -9999.0 -9999.0 -9999.0 -9999.0 -9999.0 -9999.0 -9999.0 -9999.0 -9999.0 -9999.0 -9999.0 -9999.0 -9999.0 -9999.0 -9999.0 -9999.0 -9999.0 -9999.0 -9999.0 -9999.0 -9999.0 -9999.0 -9999.0 -9999.0 -9999.0 -9999.0 -9999.0 -9999.0 -9999.0 00152.633 00153.420 00154.089 00154.674 00154.976 00155.576 00156.032 00156.356 00156.667 00156.909 00157.118 00157.321 00157.289 00157.193 00157.053 00156.868 00156.655 00156.371 00156.060 00155.723 00155.016 00154.756 00154.237 00153.658 00152.924 -9999.0
-9999.0 -9999.0 -9999.0 -9999.0 -9999.0 -9999.0 -9999.0 -9999.0 -9999.0 -9999.0 -9999.0 -9999.0 -9999.0 -9999.0 -9999.0 -9999.0 -9999.0 -9999.0 -9999.0 -9999.0 -9999.0 -9999.0 -9999.0 -9999.0 -9999.0 -9999.0 -9999.0 -9999.0 -9999.0 -9999.0 -9999.0 -9999.0 -9999.0 -9999.0 00152.314 00153.240 00153.971 00154.609 00154.998 00155.772 00156.257 00156.660 00157.047 00157.400 00157.655 00157.806 00158.072 00158.343 00158.327 00158.192 00157.992 00157.788 00157.658 00157.421 00157.112 00156.747 00156.332 00155.882 00155.072 00154.815 00154.179 00153.446
-9999.0 -9999.0 -9999.0 -9999.0 -9999.0 -9999.0 -9999.0 -9999.0 -9999.0 -9999.0 -9999.0 -9999.0 -9999.0 -9999.0 -9999.0 -9999.0 -9999.0 -9999.0 -9999.0 -9999.0 -9999.0 -9999.0 -9999.0 -9999.0 -9999.0 -9999.0 -9999.0 -9999.0 -9999.0 -9999.0 -9999.0 -9999.0 -9999.0 00152.667 00153.599 00154.386 00154.940 00155.677 00156.231 00156.735 00157.227 00157.624 00157.853 00158.373 00158.682 00158.990 00159.245 00159.501 00159.503 00159.359 00159.193 00158.965 00158.694 00158.398 00157.992 00157.669 00157.316 00156.874 00156.420 00155.854 00155.010 00154.583
-9999.0 -9999.0 -9999.0 -9999.0 -9999.0 -9999.0 -9999.0 -9999.0 -9999.0 -9999.0 -9999.0 -9999.0 -9999.0 -9999.0 -9999.0 -9999.0 -9999.0 -9999.0 -9999.0 -9999.0 -9999.0 -9999.0 -9999.0 -9999.0 -9999.0 -9999.0 -9999.0 -9999.0 -9999.0 -9999.0 -9999.0 -9999.0 00152.948 00153.865 00154.626 00155.059 00156.030 00156.623 00157.142 00157.628 00158.009 00158.586 00159.001 00159.435 00159.845 00160.248 00160.527 00160.744 00160.764 00160.640 00160.488 00160.237 00159.868 00159.514 00159.091 00158.655 00158.189 00157.731 00157.312 00156.764 00156.210 00155.506
-9999.0 -9999.0 -9999.0 -9999.0 -9999.0 -9999.0 -9999.0 -9999.0 -9999.0 -9999.0 -9999.0 -9999.0 -9999.0 -9999.0 -9999.0 -9999.0 -9999.0 -9999.0 -9999.0 -9999.0 -9999.0 -9999.0 -9999.0 -9999.0 -9999.0 -9999.0 -9999.0 -9999.0 -9999.0 -9999.0 -9999.0 00153.108 00154.029 00154.809 00155.486 00156.241 00156.862 00157.474 00157.856 00158.507 00159.041 00159.601 00160.183 00160.615 00161.009 00161.388 00161.716 00162.007 00162.065 00161.887 00161.673 00161.401 00161.036 00160.704 00160.275 00159.732 00159.219 00158.675 00158.060 00157.617 00157.063 00156.476
-9999.0 -9999.0 -9999.0 -9999.0 -9999.0 -9999.0 -9999.0 -9999.0 -9999.0 -9999.0 -9999.0 -9999.0 -9999.0 -9999.0 -9999.0 -9999.0 -9999.0 -9999.0 -9999.0 -9999.0 -9999.0 -9999.0 -9999.0 -9999.0 -9999.0 -9999.0 -9999.0 -9999.0 -9999.0 -9999.0 00153.215 00154.133 00154.884 00155.707 00156.391 00157.041 00157.631 00158.190 00158.836 00159.483 00160.120 00160.681 00161.228 00161.746 00162.226 00162.676 00163.085 00163.454 00163.559 00163.329 00163.047 00162.696 00162.309 00161.842 00161.343 00160.824 00160.341 00159.650 00159.028 00158.427 00157.767 00157.310
-9999.0 -9999.0 -9999.0 -9999.0 -9999.0 -9999.0 -9999.0 -9999.0 -9999.0 -9999.0 -9999.0 -9999.0 -9999.0 -9999.0 -9999.0 -9999.0 -9999.0 -9999.0 -9999.0 -9999.0 -9999.0 -9999.0 -9999.0 -9999.0 -9999.0 -9999.0 -9999.0 -9999.0 -9999.0 00153.091 00154.107 00154.906 00155.791 00156.484 00157.146 00157.709 00158.389 00159.045 00159.747 00160.505 00161.112 00161.732 00162.358 00163.023 00163.586 00163.895 00164.122 00164.630 00164.733 00164.554 00164.114 00163.898 00163.724 00163.118 00162.535 00161.938 00161.284 00160.675 00160.016 00159.308 00158.674 00157.909
-9999.0 -9999.0 -9999.0 -9999.0 -9999.0 -9999.0 -9999.0 -9999.0 -9999.0 -9999.0 -9999.0 -9999.0 -9999.0 -9999.0 -9999.0 -9999.0 -9999.0 -9999.0 -9999.0 -9999.0 -9999.0 -9999.0 -9999.0 -9999.0 -9999.0 -9999.0 -9999.0 -9999.0 00152.889 00153.949 00154.838 00155.702 00156.469 00157.203 00157.760 00158.490 00159.177 00159.944 00160.684 00161.377 00162.120 00162.900 00163.621 00163.911 00164.647 00165.040 00165.399 00165.730 00165.885 00165.660 00165.414 00165.107 00164.723 00163.924 00163.875 00163.089 00162.356 00161.639 00160.928 00160.334 00159.484 00158.731
-9999.0 -9999.0 -9999.0 -9999.0 -9999.0 -9999.0 -9999.0 -9999.0 -9999.0 -9999.0 -9999.0 -9999.0 -9999.0 -9999.0 -9999.0 -9999.0 -9999.0 -9999.0 -9999.0 -9999.0 -9999.0 -9999.0 -9999.0 -9999.0 -9999.0 -9999.0 -9999.0 00152.610 00153.746 00154.672 00155.409 00156.337 00157.075 00157.714 00158.482 00159.249 00160.074 00160.785 00161.550 00162.346 00163.181 00163.890 00164.592 00165.102 00165.633 00166.111 00166.549 00166.904 00166.925 00166.872 00166.568 00166.210 00165.742 00165.288 00164.728 00163.911 00163.511 00162.698 00161.890 00161.067 00160.363 00159.505
-9999.0 -9999.0 -9999.0 -9999.0 -9999.0 -9999.0 -9999.0 -9999.0 -9999.0 -9999.0 -9999.0 -9999.0 -9999.0 -9999.0 -9999.0 -9999.0 -9999.0 -9999.0 -9999.0 -9999.0 -9999.0 -9999.0 -9999.0 -9999.0 -9999.0 -9999.0 00152.273 00153.479 00154.458 00155.054 00156.168 00156.922 00157.632 00158.344 00159.102 00159.965 00160.780 00161.647 00162.486 00163.379 00163.908 00164.788 00165.427 00166.088 00166.659 00166.933 00167.190 00167.345 00167.460 00167.338 00167.218 00166.941 00166.842 00166.246 00165.636 00165.028 00164.444 00163.766 00162.795 00161.905 00161.072 00160.356
-9999.0 -9999.0 -9999.0 -9999.0 -9999.0 -9999.0 -9999.0 -9999.0 -9999.0 -9999.0 -9999.0 -9999.0 -9999.0 -9999.0 -9999.0 -9999.0 -9999.0 -9999.0 -9999.0 -9999.0 -9999.0 -9999.0 -9999.0 -9999.0 -9999.0 -9999.0 00153.113 00154.169 00154.945 00155.948 00156.731 00157.488 00158.118 00158.927 00159.774 00160.649 00161.477 00162.380 00163.385 00163.919 00164.919 00165.596 00166.300 00166.913 00167.198 00167.411 00167.619 00167.791 00167.939 00167.796 00167.653 00167.471 00167.261 00166.933 00166.585 00165.907 00165.168 00164.467 00163.766 00162.786 00161.872 00161.013
-9999.0 -9999.0 -9999.0 -9999.0 -9999.0 -9999.0 -9999.0 -9999.0 -9999.0 -9999.0 -9999.0 -9999.0 -9999.0 -9999.0 -9999.0 -9999.0 -9999.0 -9999.0 -9999.0 -9999.0 -9999.0 -9999.0 -9999.0 -9999.0 -9999.0 00152.694 00153.834 00154.770 00155.676 00156.478 00157.243 00157.824 00158.702 00159.543 00160.478 00161.269 00162.173 00163.158 00163.902 00164.834 00165.613 00166.435 00166.928 00167.274 00167.540 00167.809 00168.029 00168.426 00169.213 00168.505 00168.082 00167.875 00167.631 00167.388 00167.002 00166.681 00165.896 00165.157 00164.439 00163.694 00162.689 00161.782
-9999.0 -9999.0 -9999.0 -9999.0 -9999.0 -9999.0 -9999.0 -9999.0 -9999.0 -9999.0 -9999.0 -9999.0 -9999.0 -9999.0 -9999.0 -9999.0 -9999.0 -9999.0 -9999.0 -9999.0 -9999.0 -9999.0 -9999.0 -9999.0 00152.247 00153.463 00154.465 00155.066 00156.211 00156.981 00157.676 00158.447 00159.244 00160.174 00160.981 00161.897 00162.884 00163.881 00164.662 00165.426 00166.239 00166.920 00167.284 00167.605 00167.885 00168.161 00169.221 00170.325 00171.523 00170.522 00169.574 00168.493 00168.007 00167.700 00167.399 00166.977 00166.645 00165.839 00165.082 00164.266 00163.581 00162.582
-9999.0 -9999.0 -9999.0 -9999.0 -9999.0 -9999.0 -9999.0 -9999.0 -9999.0 -9999.0 -9999.0 -9999.0 -9999.0 -9999.0 -9999.0 -9999.0 -9999.0 -9999.0 -9999.0 -9999.0 -9999.0 -9999.0 -9999.0 -9999.0 00153.045 00154.127 00154.933 00155.926 00156.714 00157.483 00158.138 00158.962 00159.834 00160.711 00161.590 00162.534 00163.596 00164.421 00165.190 00166.007 00166.871 00167.207 00167.523 00167.849 00168.218 00169.626 00170.906 00172.212 00173.668 00172.552 00171.378 00170.108 00168.650 00167.994 00167.682 00167.376 00166.945 00166.555 00165.755 00165.002 00163.922 00163.464
-9999.0 -9999.0 -9999.0 -9999.0 -9999.0 -9999.0 -9999.0 -9999.0 -9999.0 -9999.0 -9999.0 -9999.0 -9999.0 -9999.0 -9999.0 -9999.0 -9999.0 -9999.0 -9999.0 -9999.0 -9999.0 -9999.0 -9999.0 00152.515 00153.707 00154.670 00155.510 00156.412 00157.189 00157.802 00158.675 00159.518 00160.463 00161.273 00162.200 00163.215 00163.909 00164.920 00165.721 00166.573 00166.959 00167.423 00167.749 00168.085 00169.137 00170.723 00172.339 00173.925 -9999.0 -9999.000 00172.960 00171.451 00169.990 00168.549 00167.959 00167.648 00167.342 00166.937 00166.464 00165.671 00164.901 00163.910
-9999.0 -9999.0 -9999.0 -9999.0 -9999.0 -9999.0 -9999.0 -9999.0 -9999.0 -9999.0 -9999.0 -9999.0 -9999.0 -9999.0 -9999.0 -9999.0 -9999.0 -9999.0 -9999.0 -9999.0 -9999.0 -9999.0 -9999.0 00153.201 00154.268 00154.992 00156.066 00156.859 00157.613 00158.353 00159.155 00160.080 00160.906 00161.841 00162.836 00163.879 00164.655 00165.439 00166.273 00166.925 00167.311 00167.637 00167.968 00168.651 00170.218 00171.782 00173.375 -9999.000 -9999.0 -9999.0 -9999.000 00172.801 00171.281 00169.833 00168.430 00167.925 00167.615 00167.307 00166.927 00166.328 00165.525 00164.763
-9999.0 -9999.0 -9999.0 -9999.0 -9999.0 -9999.0 -9999.0 -9999.0 -9999.0 -9999.0 -9999.0 -9999.0 -9999.0 -9999.0 -9999.0 -9999.0 -9999.0 -9999.0 -9999.0 -9999.0 -9999.0 -9999.0 00152.630 00153.805 00154.764 00155.688 00156.505 00157.288 00157.878 00158.782 00159.656 00160.586 00161.448 00162.400 00163.465 00164.080 00165.119 00165.945 00166.822 00167.196 00167.523 00167.854 00168.253 00169.683 00171.235 00172.851 -9999.000 -9999.0 -9999.0 -9999.0 -9999.0 -9999.000 00172.640 00171.120 00169.662 00168.299 00167.882 00167.563 00167.252 00166.911 00166.106 00165.263
-9999.0 -9999.0 -9999.0 -9999.0 -9999.0 -9999.0 -9999.0 -9999.0 -9999.0 -9999.0 -9999.0 -9999.0 -9999.0 -9999.0 -9999.0 -9999.0 -9999.0 -9999.0 -9999.0 -9999.0 -9999.0 -9999.0 00153.163 00154.245 00154.987 00156.066 00156.868 00157.624 00158.382 00159.201 00160.153 00160.992 00161.938 00162.967 00163.891 00164.783 00165.594 00166.449 00166.942 00167.388 00167.721 00168.061 00169.039 00170.675 00172.306 00173.858 -9999.0 -9999.0 -9999.0 -9999.0 -9999.0 -9999.0 -9999.000 00172.470 00170.929 00169.384 00168.123 00167.780 00167.445 00167.016 00166.598 00165.727
-9999.0 -9999.0 -9999.0 -9999.0 -9999.0 -9999.0 -9999.0 -9999.0 -9999.0 -9999.0 -9999.0 -9999.0 -9999.0 -9999.0 -9999.0 -9999.0 -9999.0 -9999.0 -9999.0 -9999.0 -9999.0 00152.396 00153.622 00154.616 00155.406 00156.388 00157.178 00157.802 00158.687 00159.555 00160.513 00161.364 00162.323 00163.389 00163.924 00165.092 00165.928 00166.819 00167.200 00167.533 00167.876 00168.367 00169.892 00171.493 00173.212 -9999.000 -9999.0 -9999.0 -9999.0 -9999.0 -9999.0 -9999.0 -9999.000 00173.590 00171.901 00170.281 00168.673 00167.966 00167.625 00167.289 00166.917 00166.162
-9999.0 -9999.0 -9999.0 -9999.0 -9999.0 -9999.0 -9999.0 -9999.0 -9999.0 -9999.0 -9999.0 -9999.0 -9999.0 -9999.0 -9999.0 -9999.0 -9999.0 -9999.0 -9999.0 -9999.0 -9999.0 00152.894 00154.018 00154.900 00155.874 00156.686 00157.474 00158.154 00158.996 00159.903 00160.781 00161.706 00162.695 00163.801 00164.584 00165.385 00166.242 00166.924 00167.319 00167.655 00167.994 00168.767 00170.427 00172.109 00173.888 -9999.000 -9999.0 -9999.0 -9999.0 -9999.0 -9999.0 -9999.0 -9999.0 00174.213 00172.922 00171.098 00169.369 00168.107 00167.761 00167.425 00166.949 00166.524
-9999.0 -9999.0 -9999.0 -9999.0 -9999.0 -9999.0 -9999.0 -9999.0 -9999.0 -9999.0 -9999.0 -9999.0 -9999.0 -9999.0 -9999.0 -9999.0 -9999.0 -9999.0 -9999.0 -9999.0 -9999.0 00153.304 00154.361 00155.033 00156.162 00156.955 00157.674 00158.465 00159.289 00160.254 00161.086 00162.027 00163.045 00163.896 00164.818 00165.629 00166.487 00166.945 00167.402 00167.733 00168.077 00169.161 00170.907 00172.116 00173.263 00174.259 -9999.000 -9999.0 -9999.0 -9999.0 -9999.0 -9999.0 -9999.000 00173.645 00172.452 00171.139 00169.820 00168.473 00167.891 00167.538 00167.203 00166.829
-9999.0 -9999.0 -9999.0 -9999.0 -9999.0 -9999.0 -9999.0 -9999.0 -9999.0 -9999.0 -9999.0 -9999.0 -9999.0 -9999.0 -9999.0 -9999.0 -9999.0 -9999.0 -9999.0 -9999.0 00152.477 00153.691 00154.660 00155.494 00156.409 00157.190 00157.804 00158.681 00159.537 00160.488 00161.319 00162.262 00163.301 00163.917 00165.007 00165.823 00166.683 00167.113 00167.466 00167.802 00168.151 00169.142 00170.392 00171.516 00172.669 00173.554 00174.440 -9999.0 -9999.0 -9999.0 -9999.0 -9999.000 00174.035 00173.085 00171.986 00170.711 00169.441 00168.267 00167.905 00167.614 00167.308 00166.920
-9999.0 -9999.0 -9999.0 -9999.0 -9999.0 -9999.0 -9999.0 -9999.0 -9999.0 -9999.0 -9999.0 -9999.0 -9999.0 -9999.0 -9999.0 -9999.0 -9999.0 -9999.0 -9999.0 -9999.0 00152.813 00153.944 00154.868 00155.796 00156.604 00157.383 00158.008 00158.875 00159.752 00160.659 00161.538 00162.481 00163.535 00164.361 00165.144 00165.954 00166.816 00167.189 00167.520 00167.797 00168.062 00168.703 00169.886 00170.972 00171.953 00172.867 00173.731 -9999.000 -9999.0 -9999.0 -9999.0 00174.366 00173.397 00172.432 00171.418 00170.322 00169.033 00168.126 00167.845 00167.561 00167.277 00166.926
-9999.0 -9999.0 -9999.0 -9999.0 -9999.0 -9999.0 -9999.0 -9999.0 -9999.0 -9999.0 -9999.0 -9999.0 -9999.0 -9999.0 -9999.0 -9999.0 -9999.0 -9999.0 -9999.0 -9999.0 00153.114 00154.186 00154.959 00155.990 00156.784 00157.562 00158.263 00159.053 00159.940 00160.786 00161.684 00162.636 00163.705 00164.482 00165.243 00166.061 00166.905 00167.186 00167.449 00167.708 00167.962 00168.349 00169.308 00170.348 00171.230 00172.140 00173.044 00173.915 -9999.000 -9999.0 -9999.000 00173.718 00172.772 00171.756 00170.774 00169.806 00168.678 00168.051 00167.782 00167.506 00167.232 00166.915
-9999.0 -9999.0 -9999.0 -9999.0 -9999.0 -9999.0 -9999.0 -9999.0 -9999.0 -9999.0 -9999.0 -9999.0 -9999.0 -9999.0 -9999.0 -9999.0 -9999.0 -9999.0 -9999.0 00151.483 00153.373 00154.404 00155.041 00156.157 00156.927 00157.643 00158.389 00159.180 00160.093 00160.897 00161.802 00162.754 00163.808 00164.554 00165.321 00166.054 00166.764 00166.986 00167.366 00167.617 00167.867 00168.102 00168.723 00169.652 00170.528 00171.413 00172.334 00173.233 00174.106 -9999.000 00174.047 00173.105 00172.103 00171.105 00170.149 00169.118 00168.294 00167.959 00167.702 00167.445 00167.175 00166.905
-9999.0 -9999.0 -9999.0 -9999.0 -9999.0 -9999.0 -9999.0 -9999.0 -9999.0 -9999.0 -9999.0 -9999.0 -9999.0 -9999.0 -9999.0 -9999.0 -9999.0 -9999.0 -9999.0 00152.379 00153.572 00154.548 00155.156 00156.278 00157.044 00157.712 00158.496 00159.281 00160.198 00160.986 00161.879 00162.841 00163.876 00164.551 00165.196 00165.864 00166.559 00166.935 00167.278 00167.521 00167.750 00167.981 00168.209 00168.872 00169.845 00170.705 00171.598 00172.515 00173.240 00173.938 00173.203 00172.431 00171.438 00170.467 00169.486 00168.564 00168.069 00167.853 00167.614 00167.360 00167.005 00166.754
