examples/flatland/Outputs/centerIgnit/b_RAWS/singleWinds/flatland_centerIgnit_3mph0deg7hr_RAWS/flatland_centerIgnit_3mph0deg7hr_RAWS_ArrivalTime.asc
NCOLS 100
NROWS 100
XLLCORNER 20000.000000
YLLCORNER 20000.000000
CELLSIZE 30.000000
NODATA_VALUE -9999.0
[rows 28 to 55 of 100, columns 0 to 61 of 100]
-9999.0 -9999.0 -9999.0 -9999.0 -9999.0 -9999.0 -9999.0 -9999.0 -9999.0 -9999.0 -9999.0 -9999.0 -9999.0 -9999.0 -9999.0 -9999.0 -9999.0 -9999.0 -9999.0 -9999.0 -9999.0 -9999.0 -9999.0 -9999.0 -9999.0 -9999.0 -9999.0 -9999.0 -9999.0 -9999.0 -9999.0 -9999.0 -9999.0 -9999.0 -9999.0 -9999.0 -9999.0 -9999.0 -9999.0 -9999.0 00414.941 00405.278 00397.415 00389.702 00383.409 00377.767 00373.131 00368.722 00370.099 00372.153 00375.164 00378.894 00384.122 00389.730 00396.972 00404.585 00412.423 -9999.0 -9999.0 -9999.0 -9999.0 -9999.0
-9999.0 -9999.0 -9999.0 -9999.0 -9999.0 -9999.0 -9999.0 -9999.0 -9999.0 -9999.0 -9999.0 -9999.0 -9999.0 -9999.0 -9999.0 -9999.0 -9999.0 -9999.0 -9999.0 -9999.0 -9999.0 -9999.0 -9999.0 -9999.0 -9999.0 -9999.0 -9999.0 -9999.0 -9999.0 -9999.0 -9999.0 -9999.0 -9999.0 -9999.0 -9999.0 -9999.0 -9999.0 -9999.0 00410.442 00399.881 00389.915 00380.436 00371.846 00364.292 00357.491 00351.674 00347.049 00342.492 00343.599 00345.672 00348.798 00352.849 00357.976 00364.124 00371.280 00378.859 00387.778 00397.922 00408.408 00419.585 -9999.0 -9999.0
-9999.0 -9999.0 -9999.0 -9999.0 -9999.0 -9999.0 -9999.0 -9999.0 -9999.0 -9999.0 -9999.0 -9999.0 -9999.0 -9999.0 -9999.0 -9999.0 -9999.0 -9999.0 -9999.0 -9999.0 -9999.0 -9999.0 -9999.0 -9999.0 -9999.0 -9999.0 -9999.0 -9999.0 -9999.0 -9999.0 -9999.0 -9999.0 -9999.0 -9999.0 -9999.0 -9999.0 00412.107 00399.422 00387.252 00375.357 00365.606 00356.068 00346.821 00339.379 00332.106 00326.421 00321.459 00316.850 00317.588 00319.763 00322.990 00327.368 00332.378 00339.042 00346.205 00353.714 00363.628 00373.591 00384.405 00395.362 00407.692 -9999.0
-9999.0 -9999.0 -9999.0 -9999.0 -9999.0 -9999.0 -9999.0 -9999.0 -9999.0 -9999.0 -9999.0 -9999.0 -9999.0 -9999.0 -9999.0 -9999.0 -9999.0 -9999.0 -9999.0 -9999.0 -9999.0 -9999.0 -9999.0 -9999.0 -9999.0 -9999.0 -9999.0 -9999.0 -9999.0 -9999.0 -9999.0 -9999.0 -9999.0 -9999.0 00416.923 00402.520 00389.531 00376.720 00364.501 00352.627 00341.702 00332.264 00323.130 00314.974 00307.754 00301.663 00296.441 00291.730 00292.087 00294.508 00297.708 00302.394 00307.630 00314.495 00321.598 00330.226 00339.945 00350.184 00360.830 00372.339 00385.546 00398.984
-9999.0 -9999.0 -9999.0 -9999.0 -9999.0 -9999.0 -9999.0 -9999.0 -9999.0 -9999.0 -9999.0 -9999.0 -9999.0 -9999.0 -9999.0 -9999.0 -9999.0 -9999.0 -9999.0 -9999.0 -9999.0 -9999.0 -9999.0 -9999.0 -9999.0 -9999.0 -9999.0 -9999.0 -9999.0 -9999.0 -9999.0 -9999.0 -9999.0 00411.603 00396.376 00381.429 00367.342 00354.729 00342.288 00330.511 00318.958 00308.996 00299.910 00291.018 00283.927 00277.350 00271.963 00267.132 00267.092 00269.765 00273.061 00277.877 00283.656 00290.475 00297.694 00307.194 00316.913 00327.245 00337.917 00350.821 00363.919 00377.273
-9999.0 -9999.0 -9999.0 -9999.0 -9999.0 -9999.0 -9999.0 -9999.0 -9999.0 -9999.0 -9999.0 -9999.0 -9999.0 -9999.0 -9999.0 -9999.0 -9999.0 -9999.0 -9999.0 -9999.0 -9999.0 -9999.0 -9999.0 -9999.0 -9999.0 -9999.0 -9999.0 -9999.0 -9999.0 -9999.0 -9999.0 -9999.0 00407.332 00391.515 00376.358 00361.477 00346.880 00333.124 00320.906 00308.824 00297.435 00286.148 00277.141 00268.333 00260.518 00253.602 00248.158 00243.060 00242.590 00245.487 00249.084 00253.803 00260.135 00266.847 00275.221 00284.568 00294.547 00304.701 00317.048 00329.806 00342.774 00356.630
-9999.0 -9999.0 -9999.0 -9999.0 -9999.0 -9999.0 -9999.0 -9999.0 -9999.0 -9999.0 -9999.0 -9999.0 -9999.0 -9999.0 -9999.0 -9999.0 -9999.0 -9999.0 -9999.0 -9999.0 -9999.0 -9999.0 -9999.0 -9999.0 -9999.0 -9999.0 -9999.0 -9999.0 -9999.0 -9999.0 -9999.0 00404.732 00388.383 00372.475 00356.794 00342.059 00327.543 00313.296 00299.860 00287.974 00276.278 00265.157 00254.732 00246.079 00237.524 00230.721 00224.773 00219.448 00218.476 00221.577 00225.529 00230.496 00237.041 00243.971 00253.142 00262.648 00272.516 00284.120 00296.616 00309.241 00322.758 00336.584
-9999.0 -9999.0 -9999.0 -9999.0 -9999.0 -9999.0 -9999.0 -9999.0 -9999.0 -9999.0 -9999.0 -9999.0 -9999.0 -9999.0 -9999.0 -9999.0 -9999.0 -9999.0 -9999.0 -9999.0 -9999.0 -9999.0 -9999.0 -9999.0 -9999.0 -9999.0 -9999.0 -9999.0 -9999.0 -9999.0 00402.926 00386.408 00370.126 00354.067 00338.560 00323.271 00308.707 00294.530 00280.574 00267.411 00255.834 00244.529 00233.618 00224.173 00215.716 00208.191 00201.747 00196.256 00194.711 00198.057 00202.330 00207.870 00214.299 00222.398 00231.542 00241.109 00251.991 00264.224 00276.554 00289.780 00303.274 00317.086
-9999.0 -9999.0 -9999.0 -9999.0 -9999.0 -9999.0 -9999.0 -9999.0 -9999.0 -9999.0 -9999.0 -9999.0 -9999.0 -9999.0 -9999.0 -9999.0 -9999.0 -9999.0 -9999.0 -9999.0 -9999.0 -9999.0 -9999.0 -9999.0 -9999.0 -9999.0 -9999.0 -9999.0 -9999.0 00405.018 00386.917 00369.031 00352.225 00336.407 00320.815 00305.568 00290.659 00276.184 00262.356 00248.670 00235.709 00224.454 00213.476 00202.724 00194.261 00186.009 00179.486 00173.552 00171.343 00175.091 00179.508 00185.596 00192.232 00201.201 00210.423 00220.616 00232.602 00244.665 00257.595 00270.735 00284.138 00299.014
-9999.0 -9999.0 -9999.0 -9999.0 -9999.0 -9999.0 -9999.0 -9999.0 -9999.0 -9999.0 -9999.0 -9999.0 -9999.0 -9999.0 -9999.0 -9999.0 -9999.0 -9999.0 -9999.0 -9999.0 -9999.0 -9999.0 -9999.0 -9999.0 -9999.0 -9999.0 -9999.0 -9999.0 00408.224 00389.903 00371.852 00354.190 00336.764 00319.528 00303.555 00288.379 00273.411 00258.832 00244.448 00230.930 00217.530 00204.685 00193.759 00183.065 00173.113 00164.959 00157.691 00151.340 00148.287 00152.636 00157.416 00163.610 00171.506 00180.450 00189.908 00201.664 00213.497 00226.154 00238.958 00252.111 00267.383 00282.805
-9999.0 -9999.0 -9999.0 -9999.0 -9999.0 -9999.0 -9999.0 -9999.0 -9999.0 -9999.0 -9999.0 -9999.0 -9999.0 -9999.0 -9999.0 -9999.0 -9999.0 -9999.0 -9999.0 -9999.0 -9999.0 -9999.0 -9999.0 -9999.0 -9999.0 -9999.0 -9999.0 00412.452 00393.759 00375.372 00357.412 00339.822 00322.469 00305.427 00288.582 00271.879 00256.645 00242.069 00227.774 00213.674 00200.187 00187.058 00174.322 00163.708 00153.174 00144.102 00136.122 00129.407 00125.393 00130.248 00135.734 00142.231 00151.038 00159.891 00171.389 00183.027 00195.365 00207.856 00221.515 00236.515 00251.602 00266.977
-9999.0 -9999.0 -9999.0 -9999.0 -9999.0 -9999.0 -9999.0 -9999.0 -9999.0 -9999.0 -9999.0 -9999.0 -9999.0 -9999.0 -9999.0 -9999.0 -9999.0 -9999.0 -9999.0 -9999.0 -9999.0 -9999.0 -9999.0 -9999.0 -9999.0 -9999.0 00417.533 00398.412 00379.904 00361.697 00343.744 00326.082 00308.656 00291.685 00274.976 00258.470 00242.152 00225.999 00211.267 00197.309 00183.538 00170.113 00157.162 00144.524 00134.101 00123.746 00115.558 00107.975 00102.690 00108.338 00114.245 00122.076 00130.781 00141.564 00153.118 00165.199 00177.402 00191.610 00206.343 00221.218 00236.390 00251.712
-9999.0 -9999.0 -9999.0 -9999.0 -9999.0 -9999.0 -9999.0 -9999.0 -9999.0 -9999.0 -9999.0 -9999.0 -9999.0 -9999.0 -9999.0 -9999.0 -9999.0 -9999.0 -9999.0 -9999.0 -9999.0 -9999.0 -9999.0 -9999.0 -9999.0 -9999.0 00404.632 00385.718 00367.081 00348.696 00330.593 00312.935 00295.682 00278.655 00261.837 00245.266 00229.110 00213.106 00197.225 00181.470 00167.401 00153.900 00140.552 00127.726 00115.191 00104.895 00095.028 00086.896 00079.967 00086.663 00093.389 00102.028 00112.162 00123.662 00135.448 00147.864 00162.383 00176.910 00191.596 00206.447 00221.827 00237.453
-9999.0 -9999.0 -9999.0 -9999.0 -9999.0 -9999.0 -9999.0 -9999.0 -9999.0 -9999.0 -9999.0 -9999.0 -9999.0 -9999.0 -9999.0 -9999.0 -9999.0 -9999.0 -9999.0 -9999.0 -9999.0 -9999.0 -9999.0 -9999.0 -9999.0 00411.166 00392.077 00373.285 00354.750 00336.519 00318.600 00300.929 00283.479 00266.262 00249.307 00232.874 00216.623 00200.548 00184.722 00169.125 00153.596 00138.093 00124.644 00111.537 00098.674 00086.055 00075.844 00066.267 00057.260 00065.247 00073.414 00082.964 00094.426 00105.953 00119.386 00133.695 00148.076 00162.548 00177.501 00192.645 00207.964 00223.473
-9999.0 -9999.0 -9999.0 -9999.0 -9999.0 -9999.0 -9999.0 -9999.0 -9999.0 -9999.0 -9999.0 -9999.0 -9999.0 -9999.0 -9999.0 -9999.0 -9999.0 -9999.0 -9999.0 -9999.0 -9999.0 -9999.0 -9999.0 -9999.0 00417.922 00398.690 00379.753 00361.097 00342.750 00324.690 00306.889 00289.318 00271.970 00254.868 00238.025 00221.370 00204.909 00188.628 00172.791 00157.166 00141.676 00126.314 00110.986 00095.632 00082.487 00069.704 00057.062 00046.847 00035.161 00044.816 00053.969 00065.269 00076.803 00091.142 00105.430 00119.680 00134.318 00149.117 00164.057 00179.108 00194.299 00209.647
-9999.0 -9999.0 -9999.0 -9999.0 -9999.0 -9999.0 -9999.0 -9999.0 -9999.0 -9999.0 -9999.0 -9999.0 -9999.0 -9999.0 -9999.0 -9999.0 -9999.0 -9999.0 -9999.0 -9999.0 -9999.0 -9999.0 -9999.0 -9999.0 00405.775 00386.523 00367.684 00349.190 00330.984 00313.051 00295.363 00277.914 00260.712 00243.763 00227.008 00210.436 00194.073 00177.891 00161.888 00146.010 00130.255 00114.733 00099.472 00084.188 00068.861 00053.502 00040.991 00028.788 00014.854 00025.639 00036.505 00048.898 00063.153 00077.412 00091.935 00106.537 00121.190 00135.908 00150.741 00165.699 00180.792 00196.024
-9999.0 -9999.0 -9999.0 -9999.0 -9999.0 -9999.0 -9999.0 -9999.0 -9999.0 -9999.0 -9999.0 -9999.0 -9999.0 -9999.0 -9999.0 -9999.0 -9999.0 -9999.0 -9999.0 -9999.0 -9999.0 -9999.0 -9999.0 00413.895 00394.493 00375.421 00356.594 00338.084 00319.834 00301.852 00284.098 00266.739 00249.653 00232.805 00216.147 00199.674 00183.438 00167.353 00151.404 00135.591 00119.906 00104.294 00088.737 00073.227 00057.770 00042.662 00027.651 00012.742 0.0 00000.000 00021.801 00035.784 00050.008 00064.427 00078.951 00093.524 00108.135 00122.800 00137.542 00152.417 00167.751 00183.214
-9999.0 -9999.0 -9999.0 -9999.0 -9999.0 -9999.0 -9999.0 -9999.0 -9999.0 -9999.0 -9999.0 -9999.0 -9999.0 -9999.0 -9999.0 -9999.0 -9999.0 -9999.0 -9999.0 -9999.0 -9999.0 -9999.0 -9999.0 00403.142 00383.820 00364.804 00346.046 00327.593 00309.403 00291.474 00273.867 00256.494 00239.349 00222.411 00205.668 00189.115 00172.939 00156.916 00141.030 00125.290 00109.654 00094.074 00078.541 00063.062 00047.720 00032.584 00017.672 00000.000 0.0 0.0 00000.000 00023.258 00037.328 00051.570 00066.013 00080.546 00095.129 00109.894 00124.903 00140.007 00155.264 00170.659
-9999.0 -9999.0 -9999.0 -9999.0 -9999.0 -9999.0 -9999.0 -9999.0 -9999.0 -9999.0 -9999.0 -9999.0 -9999.0 -9999.0 -9999.0 -9999.0 -9999.0 -9999.0 -9999.0 -9999.0 -9999.0 -9999.0 00412.187 00392.654 00373.442 00354.505 00335.898 00317.576 00299.512 00281.692 00264.116 00246.773 00229.655 00212.755 00196.069 00179.598 00163.325 00147.168 00131.154 00115.274 00099.462 00083.888 00068.381 00052.963 00037.768 00022.772 00000.000 0.0 0.0 0.0 0.0 00000.000 00024.786 00038.878 00053.143 00067.794 00082.628 00097.560 00112.583 00128.094 00144.212 00160.416
-9999.0 -9999.0 -9999.0 -9999.0 -9999.0 -9999.0 -9999.0 -9999.0 -9999.0 -9999.0 -9999.0 -9999.0 -9999.0 -9999.0 -9999.0 -9999.0 -9999.0 -9999.0 -9999.0 -9999.0 -9999.0 -9999.0 00403.799 00384.259 00365.027 00346.060 00327.394 00308.988 00290.834 00272.914 00255.255 00237.832 00220.609 00203.599 00186.790 00170.229 00153.930 00137.824 00121.869 00105.967 00090.119 00074.343 00058.647 00043.166 00027.956 00013.051 0.0 0.0 0.0 0.0 0.0 0.0 00000.000 00026.416 00040.754 00055.643 00071.470 00087.347 00103.261 00119.212 00135.202 00151.331
-9999.0 -9999.0 -9999.0 -9999.0 -9999.0 -9999.0 -9999.0 -9999.0 -9999.0 -9999.0 -9999.0 -9999.0 -9999.0 -9999.0 -9999.0 -9999.0 -9999.0 -9999.0 -9999.0 -9999.0 -9999.0 00415.687 00395.963 00376.571 00357.440 00338.631 00320.094 00301.836 00283.813 00266.037 00248.488 00231.171 00214.064 00197.155 00180.453 00163.914 00147.500 00131.230 00115.077 00098.972 00082.922 00066.919 00051.018 00035.356 00019.567 00000.000 0.0 0.0 0.0 0.0 0.0 0.0 00000.000 00015.643 00031.637 00047.175 00062.844 00078.658 00094.661 00110.751 00126.893 00143.124
-9999.0 -9999.0 -9999.0 -9999.0 -9999.0 -9999.0 -9999.0 -9999.0 -9999.0 -9999.0 -9999.0 -9999.0 -9999.0 -9999.0 -9999.0 -9999.0 -9999.0 -9999.0 -9999.0 -9999.0 -9999.0 00408.157 00388.597 00369.329 00350.347 00331.660 00313.260 00295.112 00277.213 00259.541 00242.123 00224.915 00207.901 00191.084 00174.468 00157.982 00141.638 00125.427 00109.300 00093.250 00077.387 00061.621 00045.844 00029.815 00012.960 00000.000 0.0 0.0 0.0 0.0 0.0 0.0 0.0 00009.983 00022.259 00039.354 00055.847 00072.211 00088.193 00104.242 00120.335 00136.500
-9999.0 -9999.0 -9999.0 -9999.0 -9999.0 -9999.0 -9999.0 -9999.0 -9999.0 -9999.0 -9999.0 -9999.0 -9999.0 -9999.0 -9999.0 -9999.0 -9999.0 -9999.0 -9999.0 -9999.0 -9999.0 00401.408 00381.948 00362.790 00343.895 00325.313 00306.996 00288.923 00271.083 00253.499 00236.148 00219.106 00202.358 00185.826 00169.459 00153.241 00137.157 00121.211 00105.334 00089.516 00073.769 00057.654 00041.068 00029.723 00018.997 00009.342 00000.000 0.0 0.0 0.0 0.0 0.0 00000.000 00015.038 00026.642 00038.931 00051.738 00065.591 00082.328 00098.752 00114.941 00131.026
-9999.0 -9999.0 -9999.0 -9999.0 -9999.0 -9999.0 -9999.0 -9999.0 -9999.0 -9999.0 -9999.0 -9999.0 -9999.0 -9999.0 -9999.0 -9999.0 -9999.0 -9999.0 -9999.0 -9999.0 00414.485 00394.787 00375.632 00356.728 00338.146 00319.823 00301.773 00283.960 00266.399 00249.074 00231.992 00215.122 00198.433 00181.953 00165.630 00149.440 00133.653 00118.030 00102.319 00086.438 00070.204 00057.803 00046.169 00035.123 00024.552 00015.956 00007.627 0.0 0.0 0.0 0.0 00000.000 00011.397 00020.593 00030.884 00042.781 00055.194 00068.254 00081.616 00095.244 00109.947 00126.487
-9999.0 -9999.0 -9999.0 -9999.0 -9999.0 -9999.0 -9999.0 -9999.0 -9999.0 -9999.0 -9999.0 -9999.0 -9999.0 -9999.0 -9999.0 -9999.0 -9999.0 -9999.0 -9999.0 -9999.0 00409.385 00389.999 00370.902 00352.094 00333.575 00315.375 00297.445 00279.748 00262.276 00245.044 00228.010 00211.355 00195.014 00178.858 00162.862 00146.998 00131.316 00115.652 00099.650 00086.653 00074.435 00062.489 00051.072 00040.338 00031.099 00022.615 00014.235 00000.000 0.0 0.0 0.0 00008.311 00017.457 00026.678 00036.103 00046.762 00058.700 00071.299 00084.350 00097.703 00111.380 00125.245
-9999.0 -9999.0 -9999.0 -9999.0 -9999.0 -9999.0 -9999.0 -9999.0 -9999.0 -9999.0 -9999.0 -9999.0 -9999.0 -9999.0 -9999.0 -9999.0 -9999.0 -9999.0 -9999.0 -9999.0 00404.623 00385.387 00366.441 00347.756 00329.365 00311.225 00293.365 00276.025 00258.898 00242.009 00225.321 00208.814 00192.510 00176.639 00160.865 00145.095 00129.249 00115.790 00103.152 00090.781 00078.830 00067.153 00056.308 00046.503 00037.821 00029.321 00020.888 00012.522 00000.000 0.0 00000.000 00014.350 00023.544 00032.820 00042.178 00051.858 00062.789 00074.831 00087.266 00100.296 00113.588 00127.284
-9999.0 -9999.0 -9999.0 -9999.0 -9999.0 -9999.0 -9999.0 -9999.0 -9999.0 -9999.0 -9999.0 -9999.0 -9999.0 -9999.0 -9999.0 -9999.0 -9999.0 -9999.0 -9999.0 00419.705 00400.223 00381.042 00362.354 00344.015 00325.987 00308.207 00290.663 00273.349 00256.268 00239.507 00223.144 00206.965 00190.976 00175.142 00159.216 00145.232 00132.270 00119.575 00107.020 00095.043 00083.339 00072.468 00062.155 00053.259 00044.616 00036.064 00027.579 00019.177 00011.105 00000.000 00011.661 00020.457 00029.681 00039.011 00048.422 00057.973 00067.870 00078.974 00091.027 00103.248 00116.310 00129.389
-9999.0 -9999.0 -9999.0 -9999.0 -9999.0 -9999.0 -9999.0 -9999.0 -9999.0 -9999.0 -9999.0 -9999.0 -9999.0 -9999.0 -9999.0 -9999.0 -9999.0 -9999.0 -9999.0 00415.959 00396.827 00378.009 00359.456 00341.199 00323.201 00305.472 00288.216 00271.229 00254.481 00237.945 00221.730 00205.668 00189.644 00175.196 00161.819 00148.670 00135.872 00123.249 00111.310 00099.576 00088.691 00077.985 00068.973 00060.128 00051.452 00042.843 00034.307 00026.000 00019.286 00012.570 00019.656 00026.800 00035.846 00045.228 00054.692 00064.243 00073.989 00083.990 00095.215 00107.281 00119.349 00132.389
