examples/flatland/Outputs/centerIgnit/b_RAWS/singleWinds/flatland_centerIgnit_3mph0deg7hr_RAWS/flatland_centerIgnit_3mph0deg7hr_RAWS_Intensity.asc
NCOLS 100
NROWS 100
XLLCORNER 20000.000000
YLLCORNER 20000.000000
CELLSIZE 30.000000
NODATA_VALUE -9999.0
[rows 56 to 83 of 100, columns 0 to 61 of 100]
-9999.0 -9999.0 -9999.0 -9999.0 -9999.0 -9999.0 -9999.0 -9999.0 -9999.0 -9999.0 -9999.0 -9999.0 -9999.0 -9999.0 -9999.0 -9999.0 -9999.0 -9999.0 -9999.0 00026.072 00026.793 00027.460 00028.097 00028.770 00029.409 00030.021 00030.782 00031.695 00032.683 00033.676 00034.894 00036.331 00038.056 00038.661 00040.192 00041.380 00042.391 00043.593 00044.645 00045.731 00046.977 00048.183 00049.317 00049.736 00050.290 00051.133 00052.645 00055.249 00058.012 00062.101 00057.669 00054.411 00051.609 00049.649 00048.629 00048.129 00047.735 00046.637 00045.408 00044.248 00042.753 00041.797
-9999.0 -9999.0 -9999.0 -9999.0 -9999.0 -9999.0 -9999.0 -9999.0 -9999.0 -9999.0 -9999.0 -9999.0 -9999.0 -9999.0 -9999.0 -9999.0 -9999.0 -9999.0 -9999.0 00026.508 00027.201 00027.845 00028.535 00029.203 00029.904 00030.483 00031.195 00032.711 00033.842 00034.956 00036.259 00037.834 00039.070 00039.691 00040.873 00041.891 00042.916 00044.272 00045.312 00046.517 00047.637 00048.819 00049.342 00049.518 00049.849 00050.841 00053.146 00055.437 00057.704 00061.171 00057.453 00054.822 00052.391 00049.845 00048.436 00048.030 00047.869 00047.340 00046.184 00045.083 00044.091 00042.496
-9999.0 -9999.0 -9999.0 -9999.0 -9999.0 -9999.0 -9999.0 -9999.0 -9999.0 -9999.0 -9999.0 -9999.0 -9999.0 -9999.0 -9999.0 -9999.0 -9999.0 -9999.0 -9999.0 00026.848 00027.550 00028.216 00028.948 00029.652 00030.363 00031.249 00032.465 00033.698 00034.848 00036.028 00037.440 00038.388 00039.382 00040.335 00041.402 00042.359 00043.413 00044.645 00046.070 00047.148 00048.214 00048.981 00049.257 00049.406 00049.830 00051.252 00053.411 00055.698 00057.789 00060.274 00057.659 00055.276 00052.784 00050.499 00048.683 00047.964 00047.771 00047.553 00046.895 00045.875 00045.182 00043.571
-9999.0 -9999.0 -9999.0 -9999.0 -9999.0 -9999.0 -9999.0 -9999.0 -9999.0 -9999.0 -9999.0 -9999.0 -9999.0 -9999.0 -9999.0 -9999.0 -9999.0 -9999.0 -9999.0 00027.228 00027.968 00028.646 00029.499 00030.432 00031.468 00032.491 00033.829 00034.527 00035.750 00036.863 00037.807 00038.771 00039.835 00040.919 00041.829 00042.818 00043.942 00045.436 00046.749 00047.597 00048.603 00048.999 00049.147 00049.445 00050.242 00051.691 00053.502 00055.567 00057.319 00059.431 00057.263 00055.066 00053.008 00051.132 00049.540 00048.324 00047.689 00047.517 00047.127 00046.463 00045.451 00044.460
-9999.0 -9999.0 -9999.0 -9999.0 -9999.0 -9999.0 -9999.0 -9999.0 -9999.0 -9999.0 -9999.0 -9999.0 -9999.0 -9999.0 -9999.0 -9999.0 -9999.0 -9999.0 -9999.0 00027.670 00028.521 00029.355 00030.358 00031.388 00032.469 00033.601 00034.651 00035.334 00036.305 00037.285 00038.176 00039.186 00040.188 00041.247 00042.027 00043.317 00044.634 00046.233 00047.165 00048.147 00048.595 00048.890 00049.044 00049.654 00050.864 00052.265 00053.719 00055.240 00056.558 00058.450 00056.484 00054.841 00053.336 00051.762 00050.286 00048.914 00047.943 00047.438 00047.212 00046.666 00045.701 00044.865
-9999.0 -9999.0 -9999.0 -9999.0 -9999.0 -9999.0 -9999.0 -9999.0 -9999.0 -9999.0 -9999.0 -9999.0 -9999.0 -9999.0 -9999.0 -9999.0 -9999.0 -9999.0 -9999.0 00028.296 00029.212 00030.111 00031.134 00032.194 00033.329 00034.079 00034.874 00035.740 00036.662 00037.575 00038.448 00039.500 00040.474 00041.549 00042.652 00043.820 00045.363 00046.354 00047.280 00048.112 00048.623 00048.700 00049.257 00050.162 00051.407 00052.703 00054.081 00055.345 00056.490 00057.803 00056.458 00055.063 00053.772 00052.274 00050.930 00049.424 00048.334 00047.460 00047.136 00046.701 00045.904 00045.245
-9999.0 -9999.0 -9999.0 -9999.0 -9999.0 -9999.0 -9999.0 -9999.0 -9999.0 -9999.0 -9999.0 -9999.0 -9999.0 -9999.0 -9999.0 -9999.0 -9999.0 -9999.0 -9999.0 00028.923 00029.837 00030.769 00031.766 00032.761 00033.566 00034.392 00035.157 00036.033 00036.883 00037.808 00038.727 00039.771 00040.764 00041.884 00043.092 00043.999 00045.586 00046.461 00047.318 00047.985 00048.377 00048.805 00049.506 00050.611 00051.864 00053.065 00054.366 00055.569 00056.584 00057.603 00056.586 00055.389 00054.066 00052.704 00051.348 00049.694 00048.700 00047.894 00046.927 00046.455 00046.002 00045.268
-9999.0 -9999.0 -9999.0 -9999.0 -9999.0 -9999.0 -9999.0 -9999.0 -9999.0 -9999.0 -9999.0 -9999.0 -9999.0 -9999.0 -9999.0 -9999.0 -9999.0 -9999.0 -9999.0 00029.473 00030.385 00031.353 00031.955 00033.012 00033.834 00034.692 00035.330 00036.248 00037.109 00038.097 00039.184 00040.100 00041.075 00042.184 00043.377 00044.682 00045.977 00046.562 00047.266 00047.698 00048.096 00048.907 00049.783 00050.701 00052.184 00053.364 00054.534 00055.686 00056.513 00057.430 00056.537 00055.454 00054.285 00053.261 00052.035 00050.236 00049.126 00047.975 00046.998 00046.243 00045.814 00045.302
-9999.0 -9999.0 -9999.0 -9999.0 -9999.0 -9999.0 -9999.0 -9999.0 -9999.0 -9999.0 -9999.0 -9999.0 -9999.0 -9999.0 -9999.0 -9999.0 -9999.0 -9999.0 -9999.0 00029.938 00030.800 00031.615 00032.226 00033.259 00034.088 00034.877 00035.578 00036.480 00037.395 00038.456 00039.584 00040.394 00041.367 00042.460 00043.676 00045.119 00045.845 00046.562 00047.057 00047.431 00048.025 00048.771 00049.964 00050.998 00052.608 00053.745 00054.660 00055.662 00056.275 00057.215 00056.281 00055.389 00054.550 00053.646 00052.376 00050.885 00049.554 00047.865 00047.054 00046.235 00045.609 00044.919
-9999.0 -9999.0 -9999.0 -9999.0 -9999.0 -9999.0 -9999.0 -9999.0 -9999.0 -9999.0 -9999.0 -9999.0 -9999.0 -9999.0 -9999.0 -9999.0 -9999.0 -9999.0 -9999.0 00030.186 00031.045 00031.799 00032.478 00033.464 00034.245 00035.041 00035.864 00036.709 00037.732 00038.766 00039.690 00040.600 00041.608 00042.712 00043.991 00045.059 00045.833 00046.260 00046.801 00047.259 00047.971 00048.717 00050.282 00051.582 00052.955 00053.988 00054.859 00055.634 00056.310 00057.053 00056.335 00055.437 00054.634 00053.667 00052.726 00051.419 00050.135 00048.490 00047.111 00046.292 00045.521 00044.927
-9999.0 -9999.0 -9999.0 -9999.0 -9999.0 -9999.0 -9999.0 -9999.0 -9999.0 -9999.0 -9999.0 -9999.0 -9999.0 -9999.0 -9999.0 -9999.0 -9999.0 -9999.0 -9999.0 00030.358 00031.168 00031.941 00032.707 00033.587 00034.393 00035.242 00036.135 00036.935 00038.026 00038.878 00039.790 00040.850 00041.816 00042.995 00044.131 00044.881 00045.608 00046.177 00046.316 00047.210 00047.938 00049.016 00050.592 00051.789 00053.029 00054.133 00054.843 00055.540 00056.199 00056.890 00056.256 00055.427 00054.640 00053.838 00052.845 00051.532 00050.262 00049.005 00047.394 00046.368 00045.395 00044.772
-9999.0 -9999.0 -9999.0 -9999.0 -9999.0 -9999.0 -9999.0 -9999.0 -9999.0 -9999.0 -9999.0 -9999.0 -9999.0 -9999.0 -9999.0 -9999.0 -9999.0 -9999.0 -9999.0 -9999.0 00031.284 00032.114 00032.946 00033.455 00034.578 00035.451 00036.403 00037.264 00038.136 00038.985 00039.949 00041.001 00042.093 00043.213 00043.994 00044.690 00045.290 00045.802 00046.474 00046.874 00047.929 00049.362 00050.630 00051.783 00052.962 00053.885 00054.736 00055.552 00056.201 00056.687 00056.244 00055.493 00054.572 00053.633 00052.731 00051.560 00050.355 00049.192 00047.839 00046.206 00045.629 00044.692
-9999.0 -9999.0 -9999.0 -9999.0 -9999.0 -9999.0 -9999.0 -9999.0 -9999.0 -9999.0 -9999.0 -9999.0 -9999.0 -9999.0 -9999.0 -9999.0 -9999.0 -9999.0 -9999.0 -9999.0 00031.428 00032.318 00033.186 00033.764 00034.765 00035.689 00036.609 00037.407 00038.060 00039.136 00040.095 00041.140 00042.289 00043.140 00043.829 00044.477 00044.943 00045.507 00046.312 00047.111 00048.010 00049.577 00050.645 00051.739 00052.854 00053.634 00054.442 00055.227 00055.819 00056.339 00055.898 00055.163 00054.303 00053.422 00052.551 00051.563 00050.413 00049.286 00047.911 00046.801 00045.578 00044.623
-9999.0 -9999.0 -9999.0 -9999.0 -9999.0 -9999.0 -9999.0 -9999.0 -9999.0 -9999.0 -9999.0 -9999.0 -9999.0 -9999.0 -9999.0 -9999.0 -9999.0 -9999.0 -9999.0 -9999.0 00031.595 00032.489 00033.262 00034.012 00034.904 00035.867 00036.643 00037.443 00038.112 00039.263 00040.226 00041.260 00042.257 00043.058 00043.642 00044.147 00044.620 00045.335 00046.161 00047.137 00048.399 00049.268 00050.640 00051.676 00052.627 00053.378 00054.129 00054.841 00055.282 00055.845 00055.343 00054.680 00054.007 00053.204 00052.362 00051.545 00050.372 00049.051 00048.247 00047.033 00045.644 00044.599
-9999.0 -9999.0 -9999.0 -9999.0 -9999.0 -9999.0 -9999.0 -9999.0 -9999.0 -9999.0 -9999.0 -9999.0 -9999.0 -9999.0 -9999.0 -9999.0 -9999.0 -9999.0 -9999.0 -9999.0 00031.469 00032.531 00033.325 00034.172 00034.872 00035.883 00036.667 00037.434 00038.384 00039.543 00040.349 00041.351 00042.102 00042.816 00043.428 00043.815 00044.439 00045.179 00046.029 00047.202 00048.530 00049.564 00050.287 00051.426 00052.385 00053.120 00053.816 00054.474 00054.894 00055.382 00054.964 00054.329 00053.722 00052.963 00052.201 00051.250 00050.001 00049.365 00048.235 00047.129 00045.801 00044.578
-9999.0 -9999.0 -9999.0 -9999.0 -9999.0 -9999.0 -9999.0 -9999.0 -9999.0 -9999.0 -9999.0 -9999.0 -9999.0 -9999.0 -9999.0 -9999.0 -9999.0 -9999.0 -9999.0 -9999.0 -9999.0 00032.557 00033.381 00034.233 00035.014 00035.888 00036.664 00037.526 00038.803 00039.642 00040.388 00041.223 00041.919 00042.568 00043.074 00043.608 00044.266 00045.080 00046.018 00047.230 00048.358 00049.419 00050.388 00051.077 00051.892 00052.977 00053.537 00054.097 00054.530 00054.945 00054.603 00053.997 00053.441 00052.810 00051.785 00051.021 00050.130 00049.142 00048.110 00047.037 00045.913 00044.606
-9999.0 -9999.0 -9999.0 -9999.0 -9999.0 -9999.0 -9999.0 -9999.0 -9999.0 -9999.0 -9999.0 -9999.0 -9999.0 -9999.0 -9999.0 -9999.0 -9999.0 -9999.0 -9999.0 -9999.0 -9999.0 00032.570 00033.452 00034.441 00035.113 00035.627 00036.691 00037.868 00038.837 00039.655 00040.315 00041.078 00041.716 00042.222 00042.725 00043.443 00044.181 00044.960 00046.058 00047.206 00048.180 00049.183 00050.061 00051.018 00052.011 00052.604 00052.988 00053.438 00054.159 00054.519 00054.235 00053.518 00052.860 00052.416 00051.917 00050.972 00049.862 00048.896 00047.977 00046.957 00045.749 00044.572
-9999.0 -9999.0 -9999.0 -9999.0 -9999.0 -9999.0 -9999.0 -9999.0 -9999.0 -9999.0 -9999.0 -9999.0 -9999.0 -9999.0 -9999.0 -9999.0 -9999.0 -9999.0 -9999.0 -9999.0 -9999.0 -9999.0 00033.611 00034.425 00035.127 00035.763 00036.934 00037.982 00038.774 00039.568 00040.301 00040.788 00041.448 00041.902 00042.493 00043.225 00044.089 00044.953 00046.045 00047.061 00047.999 00048.899 00049.749 00050.685 00051.574 00052.320 00052.877 00053.380 00053.703 00053.952 00053.753 00053.341 00052.788 00052.152 00051.515 00050.631 00049.617 00048.655 00047.783 00047.048 00045.913 00044.583
-9999.0 -9999.0 -9999.0 -9999.0 -9999.0 -9999.0 -9999.0 -9999.0 -9999.0 -9999.0 -9999.0 -9999.0 -9999.0 -9999.0 -9999.0 -9999.0 -9999.0 -9999.0 -9999.0 -9999.0 -9999.0 -9999.0 00033.565 00034.337 00035.072 00036.054 00036.887 00037.904 00038.703 00039.426 00040.108 00040.710 00041.004 00041.634 00042.310 00043.073 00043.911 00044.824 00045.900 00046.876 00047.815 00048.624 00049.452 00050.355 00051.155 00051.806 00052.338 00052.834 00053.245 00053.564 00053.343 00052.843 00052.267 00051.663 00051.055 00050.277 00049.369 00048.422 00047.613 00046.815 00046.099 00044.703
-9999.0 -9999.0 -9999.0 -9999.0 -9999.0 -9999.0 -9999.0 -9999.0 -9999.0 -9999.0 -9999.0 -9999.0 -9999.0 -9999.0 -9999.0 -9999.0 -9999.0 -9999.0 -9999.0 -9999.0 -9999.0 -9999.0 -9999.0 00034.240 00035.105 00036.247 00036.985 00037.534 00038.560 00039.266 00039.889 00040.401 00040.828 00041.370 00042.149 00042.931 00043.759 00044.640 00045.867 00046.893 00047.537 00048.341 00049.168 00050.022 00050.752 00051.315 00051.824 00052.296 00052.661 00052.947 00052.759 00052.307 00051.773 00051.196 00050.614 00049.935 00049.119 00048.189 00047.349 00046.641 00045.876 00044.755
-9999.0 -9999.0 -9999.0 -9999.0 -9999.0 -9999.0 -9999.0 -9999.0 -9999.0 -9999.0 -9999.0 -9999.0 -9999.0 -9999.0 -9999.0 -9999.0 -9999.0 -9999.0 -9999.0 -9999.0 -9999.0 -9999.0 -9999.0 00034.197 00035.123 00036.187 00036.918 00037.559 00038.327 00039.043 00039.606 00040.082 00040.657 00041.238 00041.920 00042.742 00043.612 00044.512 00045.845 00046.675 00047.398 00048.069 00048.849 00049.649 00050.364 00050.847 00051.330 00051.784 00052.104 00052.361 00052.202 00051.790 00051.299 00050.750 00050.192 00049.593 00048.803 00047.960 00047.174 00046.381 00045.568 00044.766
-9999.0 -9999.0 -9999.0 -9999.0 -9999.0 -9999.0 -9999.0 -9999.0 -9999.0 -9999.0 -9999.0 -9999.0 -9999.0 -9999.0 -9999.0 -9999.0 -9999.0 -9999.0 -9999.0 -9999.0 -9999.0 -9999.0 -9999.0 -9999.0 00035.207 00036.236 00036.828 00037.499 00037.992 00038.804 00039.280 00039.789 00040.454 00041.150 00041.749 00042.390 00043.509 00044.514 00045.614 00046.323 00047.054 00047.825 00048.597 00049.280 00049.897 00050.376 00050.841 00051.260 00051.532 00051.797 00051.625 00051.201 00050.805 00050.297 00049.745 00049.231 00048.539 00047.742 00046.860 00046.009 00045.187 00044.503
-9999.0 -9999.0 -9999.0 -9999.0 -9999.0 -9999.0 -9999.0 -9999.0 -9999.0 -9999.0 -9999.0 -9999.0 -9999.0 -9999.0 -9999.0 -9999.0 -9999.0 -9999.0 -9999.0 -9999.0 -9999.0 -9999.0 -9999.0 -9999.0 00035.275 00035.984 00036.666 00037.329 00037.924 00038.219 00038.965 00039.585 00040.252 00040.951 00041.639 00042.319 00043.577 00044.513 00045.260 00045.954 00046.698 00047.442 00048.239 00048.948 00049.523 00049.949 00050.353 00050.728 00050.978 00051.230 00051.069 00050.662 00050.327 00049.873 00049.391 00048.869 00048.170 00047.394 00046.664 00045.785 00044.880 00044.243
-9999.0 -9999.0 -9999.0 -9999.0 -9999.0 -9999.0 -9999.0 -9999.0 -9999.0 -9999.0 -9999.0 -9999.0 -9999.0 -9999.0 -9999.0 -9999.0 -9999.0 -9999.0 -9999.0 -9999.0 -9999.0 -9999.0 -9999.0 -9999.0 -9999.0 00035.727 00036.444 00037.088 00037.651 00038.102 00038.406 00039.371 00040.053 00040.749 00041.392 00042.504 00043.409 00044.237 00044.938 00045.487 00046.432 00047.082 00047.809 00048.465 00049.017 00049.493 00049.924 00050.317 00050.539 00050.751 00050.623 00050.256 00049.921 00049.428 00048.909 00048.363 00047.697 00047.021 00046.363 00045.634 00044.599 00043.868
-9999.0 -9999.0 -9999.0 -9999.0 -9999.0 -9999.0 -9999.0 -9999.0 -9999.0 -9999.0 -9999.0 -9999.0 -9999.0 -9999.0 -9999.0 -9999.0 -9999.0 -9999.0 -9999.0 -9999.0 -9999.0 -9999.0 -9999.0 -9999.0 -9999.0 -9999.0 00036.169 00036.823 00037.320 00037.826 00038.391 00038.932 00039.842 00040.511 00041.348 00042.468 00043.340 00043.995 00044.454 00045.262 00046.217 00046.791 00047.365 00047.912 00048.510 00048.989 00049.360 00049.714 00049.969 00050.184 00050.068 00049.687 00049.351 00048.917 00048.475 00047.898 00047.237 00046.633 00046.021 00045.378 00044.315 00043.675
-9999.0 -9999.0 -9999.0 -9999.0 -9999.0 -9999.0 -9999.0 -9999.0 -9999.0 -9999.0 -9999.0 -9999.0 -9999.0 -9999.0 -9999.0 -9999.0 -9999.0 -9999.0 -9999.0 -9999.0 -9999.0 -9999.0 -9999.0 -9999.0 -9999.0 -9999.0 -9999.0 00036.454 00036.993 00037.606 00038.243 00038.798 00039.460 00040.272 00041.329 00042.272 00043.123 00043.739 00044.293 00044.978 00045.753 00046.415 00046.950 00047.481 00048.052 00048.530 00048.850 00049.146 00049.394 00049.583 00049.487 00049.140 00048.808 00048.435 00048.039 00047.486 00046.854 00046.264 00045.576 00044.964 00044.316 00043.433
-9999.0 -9999.0 -9999.0 -9999.0 -9999.0 -9999.0 -9999.0 -9999.0 -9999.0 -9999.0 -9999.0 -9999.0 -9999.0 -9999.0 -9999.0 -9999.0 -9999.0 -9999.0 -9999.0 -9999.0 -9999.0 -9999.0 -9999.0 -9999.0 -9999.0 -9999.0 -9999.0 00036.076 00036.695 00037.367 00038.028 00038.683 00039.216 00040.091 00041.245 00042.057 00042.790 00043.391 00043.975 00044.889 00045.454 00045.916 00046.439 00047.063 00047.596 00048.036 00048.334 00048.611 00048.846 00049.017 00048.937 00048.621 00048.298 00047.947 00047.580 00047.063 00046.376 00045.774 00045.312 00044.758 00044.118 00043.198
-9999.0 -9999.0 -9999.0 -9999.0 -9999.0 -9999.0 -9999.0 -9999.0 -9999.0 -9999.0 -9999.0 -9999.0 -9999.0 -9999.0 -9999.0 -9999.0 -9999.0 -9999.0 -9999.0 -9999.0 -9999.0 -9999.0 -9999.0 -9999.0 -9999.0 -9999.0 -9999.0 -9999.0 00036.403 00037.104 00037.790 00038.458 00039.135 00039.967 00040.834 00041.820 00042.454 00043.036 00043.727 00044.562 00045.120 00045.669 00046.119 00046.561 00046.985 00047.454 00047.804 00048.104 00048.325 00048.480 00048.414 00048.125 00047.788 00047.386 00046.955 00046.555 00046.078 00045.549 00044.979 00044.384 00043.778 00042.978
