examples/flatland/Outputs/centerIgnit/b_RAWS/singleWinds/flatland_centerIgnit_3mph0deg7hr_RAWS/flatland_centerIgnit_3mph0deg7hr_RAWS_HeatPerUnitArea.asc
NCOLS 100
NROWS 100
XLLCORNER 20000.000000
YLLCORNER 20000.000000
CELLSIZE 30.000000
NODATA_VALUE -9999.0
[rows 56 to 83 of 100, columns 0 to 61 of 100]
-9999.0 -9999.0 -9999.0 -9999.0 -9999.0 -9999.0 -9999.0 -9999.0 -9999.0 -9999.0 -9999.0 -9999.0 -9999.0 -9999.0 -9999.0 -9999.0 -9999.0 -9999.0 -9999.0 01004.369 01011.999 01018.222 01023.579 01029.388 01034.328 01038.428 01043.784 01048.990 01054.973 01060.080 01065.939 01071.898 01077.863 01082.136 01086.348 01090.595 01094.999 01098.714 01100.494 01101.978 01103.485 01104.782 01106.049 01108.180 01112.920 01119.196 01124.839 01130.227 01134.420 01138.607 01134.519 01129.769 01124.068 01118.002 01111.177 01106.796 01105.424 01104.034 01102.634 01101.087 01098.846 01096.448
-9999.0 -9999.0 -9999.0 -9999.0 -9999.0 -9999.0 -9999.0 -9999.0 -9999.0 -9999.0 -9999.0 -9999.0 -9999.0 -9999.0 -9999.0 -9999.0 -9999.0 -9999.0 -9999.0 01005.550 01012.823 01018.841 01024.686 01029.874 01034.777 01038.628 01044.045 01049.271 01055.298 01060.088 01065.232 01070.594 01076.423 01078.995 01085.126 01089.278 01093.440 01097.733 01098.921 01101.240 01102.562 01103.826 01105.060 01106.306 01109.083 01114.297 01120.178 01124.557 01128.401 01132.040 01128.366 01124.218 01119.775 01113.267 01108.053 01105.887 01104.524 01103.179 01101.799 01100.419 01098.706 01094.880
-9999.0 -9999.0 -9999.0 -9999.0 -9999.0 -9999.0 -9999.0 -9999.0 -9999.0 -9999.0 -9999.0 -9999.0 -9999.0 -9999.0 -9999.0 -9999.0 -9999.0 -9999.0 -9999.0 01006.337 01013.445 01019.349 01025.086 01030.161 01035.028 01038.752 01044.267 01049.306 01054.609 01058.978 01064.148 01069.305 01074.901 01078.866 01083.886 01087.771 01091.789 01095.721 01098.744 01100.383 01101.624 01102.852 01104.076 01105.313 01106.566 01109.859 01114.894 01119.077 01122.295 01125.446 01122.339 01118.911 01114.292 01109.415 01106.361 01104.989 01103.632 01102.300 01100.978 01098.881 01097.543 01093.356
-9999.0 -9999.0 -9999.0 -9999.0 -9999.0 -9999.0 -9999.0 -9999.0 -9999.0 -9999.0 -9999.0 -9999.0 -9999.0 -9999.0 -9999.0 -9999.0 -9999.0 -9999.0 -9999.0 01006.956 01013.832 01019.469 01025.320 01030.336 01035.180 01038.771 01043.793 01048.295 01053.500 01058.127 01062.969 01067.934 01073.261 01078.720 01082.467 01086.257 01089.942 01093.765 01097.536 01098.850 01100.695 01101.892 01103.104 01104.330 01105.548 01106.743 01109.642 01112.960 01116.087 01119.134 01116.313 01112.692 01109.362 01106.680 01105.383 01104.085 01102.745 01101.420 01099.678 01098.683 01095.296 01091.639
-9999.0 -9999.0 -9999.0 -9999.0 -9999.0 -9999.0 -9999.0 -9999.0 -9999.0 -9999.0 -9999.0 -9999.0 -9999.0 -9999.0 -9999.0 -9999.0 -9999.0 -9999.0 -9999.0 01007.323 01014.060 01019.530 01025.441 01030.382 01034.741 01038.319 01042.949 01047.401 01052.255 01057.210 01061.600 01066.422 01071.452 01076.813 01078.980 01084.491 01088.055 01091.728 01095.019 01098.429 01098.917 01100.939 01102.141 01103.357 01104.524 01105.649 01106.512 01108.080 01110.186 01112.157 01110.302 01107.984 01106.465 01105.519 01104.417 01103.160 01101.868 01100.553 01098.795 01096.761 01093.150 01089.590
-9999.0 -9999.0 -9999.0 -9999.0 -9999.0 -9999.0 -9999.0 -9999.0 -9999.0 -9999.0 -9999.0 -9999.0 -9999.0 -9999.0 -9999.0 -9999.0 -9999.0 -9999.0 -9999.0 01007.432 01014.169 01019.560 01025.027 01029.616 01033.937 01037.835 01042.078 01046.351 01051.031 01056.102 01060.157 01064.786 01069.536 01074.636 01078.789 01082.750 01086.236 01089.407 01092.615 01095.851 01098.687 01099.202 01101.186 01102.355 01103.502 01104.456 01105.303 01105.982 01106.548 01107.254 01106.592 01105.979 01105.291 01104.361 01103.447 01102.214 01100.985 01098.903 01097.968 01094.404 01090.963 01087.531
-9999.0 -9999.0 -9999.0 -9999.0 -9999.0 -9999.0 -9999.0 -9999.0 -9999.0 -9999.0 -9999.0 -9999.0 -9999.0 -9999.0 -9999.0 -9999.0 -9999.0 -9999.0 -9999.0 01007.542 01013.733 01018.995 01023.691 01028.800 01033.119 01037.304 01040.726 01045.178 01049.642 01054.602 01058.550 01063.093 01067.654 01072.286 01077.226 01078.978 01084.114 01087.125 01090.217 01093.316 01096.523 01098.747 01100.125 01101.343 01102.443 01103.276 01104.094 01104.703 01105.208 01105.657 01105.260 01104.724 01104.038 01103.217 01102.313 01101.267 01099.416 01098.692 01095.596 01092.113 01088.762 01085.523
-9999.0 -9999.0 -9999.0 -9999.0 -9999.0 -9999.0 -9999.0 -9999.0 -9999.0 -9999.0 -9999.0 -9999.0 -9999.0 -9999.0 -9999.0 -9999.0 -9999.0 -9999.0 -9999.0 01006.416 01012.787 01018.144 01021.261 01027.924 01032.161 01036.355 01039.105 01044.000 01048.196 01052.759 01057.235 01061.276 01065.499 01069.897 01074.608 01078.756 01081.380 01084.883 01087.818 01090.839 01093.965 01097.194 01098.792 01100.341 01101.282 01102.107 01102.831 01103.439 01103.874 01104.296 01103.953 01103.439 01102.798 01102.081 01101.185 01100.263 01098.764 01096.660 01093.279 01089.891 01086.620 01083.475
-9999.0 -9999.0 -9999.0 -9999.0 -9999.0 -9999.0 -9999.0 -9999.0 -9999.0 -9999.0 -9999.0 -9999.0 -9999.0 -9999.0 -9999.0 -9999.0 -9999.0 -9999.0 -9999.0 01005.224 01011.767 01017.179 01020.501 01026.874 01031.135 01035.179 01038.389 01042.739 01046.684 01051.017 01055.741 01059.164 01063.451 01067.639 01072.017 01076.212 01078.845 01082.658 01085.490 01088.421 01091.456 01094.521 01097.581 01098.811 01099.741 01100.948 01101.586 01102.162 01102.589 01102.958 01102.651 01102.166 01101.576 01100.923 01099.474 01098.776 01097.425 01094.124 01090.940 01087.698 01084.516 01079.028
-9999.0 -9999.0 -9999.0 -9999.0 -9999.0 -9999.0 -9999.0 -9999.0 -9999.0 -9999.0 -9999.0 -9999.0 -9999.0 -9999.0 -9999.0 -9999.0 -9999.0 -9999.0 -9999.0 01003.890 01010.568 01016.072 01020.014 01025.738 01029.946 01033.974 01037.639 01041.057 01045.119 01049.240 01053.540 01057.516 01061.279 01065.369 01069.136 01073.116 01077.298 01078.916 01083.240 01086.097 01089.037 01091.880 01094.812 01097.367 01098.733 01098.924 01100.359 01100.888 01101.292 01101.633 01101.358 01100.908 01100.373 01098.909 01098.723 01097.093 01094.570 01091.618 01088.554 01085.555 01082.467 01078.799
-9999.0 -9999.0 -9999.0 -9999.0 -9999.0 -9999.0 -9999.0 -9999.0 -9999.0 -9999.0 -9999.0 -9999.0 -9999.0 -9999.0 -9999.0 -9999.0 -9999.0 -9999.0 -9999.0 01002.410 01009.116 01014.827 01019.467 01024.358 01028.742 01032.658 01036.511 01039.011 01043.626 01047.321 01051.380 01055.747 01059.053 01062.818 01066.382 01070.158 01074.029 01078.145 01078.980 01083.814 01086.566 01089.334 01092.047 01094.269 01096.481 01098.429 01098.770 01098.886 01099.209 01100.323 01099.505 01098.895 01098.776 01098.326 01096.458 01094.081 01091.646 01089.227 01086.258 01083.351 01078.914 01076.916
-9999.0 -9999.0 -9999.0 -9999.0 -9999.0 -9999.0 -9999.0 -9999.0 -9999.0 -9999.0 -9999.0 -9999.0 -9999.0 -9999.0 -9999.0 -9999.0 -9999.0 -9999.0 -9999.0 -9999.0 01007.632 01013.348 01018.273 01020.867 01027.321 01031.240 01035.051 01038.150 01041.897 01045.468 01049.256 01053.430 01057.102 01060.209 01063.797 01067.300 01070.970 01074.871 01078.730 01079.038 01084.165 01086.821 01089.137 01091.259 01093.382 01095.064 01096.695 01097.900 01098.665 01098.743 01098.685 01098.047 01096.702 01095.023 01093.295 01091.124 01088.858 01086.569 01083.966 01078.996 01078.272 01073.903
-9999.0 -9999.0 -9999.0 -9999.0 -9999.0 -9999.0 -9999.0 -9999.0 -9999.0 -9999.0 -9999.0 -9999.0 -9999.0 -9999.0 -9999.0 -9999.0 -9999.0 -9999.0 -9999.0 -9999.0 01005.746 01011.793 01016.867 01020.182 01025.814 01029.780 01033.527 01037.093 01039.438 01043.649 01047.234 01050.952 01054.750 01057.878 01061.130 01064.544 01068.044 01071.770 01075.704 01078.775 01079.909 01084.279 01086.320 01088.311 01090.340 01091.829 01093.352 01094.452 01095.320 01096.161 01095.563 01094.557 01093.340 01091.847 01090.167 01088.252 01086.130 01083.919 01079.368 01078.745 01075.052 01071.068
-9999.0 -9999.0 -9999.0 -9999.0 -9999.0 -9999.0 -9999.0 -9999.0 -9999.0 -9999.0 -9999.0 -9999.0 -9999.0 -9999.0 -9999.0 -9999.0 -9999.0 -9999.0 -9999.0 -9999.0 01003.771 01010.000 01015.173 01019.483 01023.750 01028.235 01031.824 01035.374 01038.168 01041.789 01045.151 01048.416 01051.951 01055.775 01058.500 01061.850 01065.235 01068.773 01072.415 01076.141 01078.799 01079.045 01083.593 01085.486 01087.255 01088.703 01090.064 01091.124 01091.907 01092.690 01092.170 01091.204 01090.094 01088.779 01087.144 01085.500 01083.438 01079.016 01078.770 01075.895 01071.963 01068.182
-9999.0 -9999.0 -9999.0 -9999.0 -9999.0 -9999.0 -9999.0 -9999.0 -9999.0 -9999.0 -9999.0 -9999.0 -9999.0 -9999.0 -9999.0 -9999.0 -9999.0 -9999.0 -9999.0 -9999.0 00999.026 01007.934 01013.341 01017.992 01020.608 01026.431 01030.103 01033.571 01037.027 01039.137 01043.031 01046.119 01049.405 01052.873 01056.403 01059.078 01062.549 01065.868 01069.237 01072.727 01076.293 01078.746 01078.966 01082.749 01084.285 01085.685 01086.893 01087.894 01088.624 01089.320 01088.870 01087.970 01086.964 01085.734 01084.227 01082.662 01078.955 01078.725 01075.737 01072.611 01068.928 01065.400
-9999.0 -9999.0 -9999.0 -9999.0 -9999.0 -9999.0 -9999.0 -9999.0 -9999.0 -9999.0 -9999.0 -9999.0 -9999.0 -9999.0 -9999.0 -9999.0 -9999.0 -9999.0 -9999.0 -9999.0 -9999.0 01005.675 01011.397 01016.236 01019.768 01024.583 01028.294 01031.773 01035.198 01037.856 01040.442 01043.873 01046.928 01050.147 01053.635 01056.950 01059.778 01063.066 01066.178 01069.456 01072.487 01075.296 01078.080 01078.868 01079.023 01082.772 01083.835 01084.752 01085.457 01086.074 01085.684 01084.854 01083.943 01082.762 01079.023 01078.849 01078.050 01075.052 01072.099 01069.121 01066.004 01062.695
-9999.0 -9999.0 -9999.0 -9999.0 -9999.0 -9999.0 -9999.0 -9999.0 -9999.0 -9999.0 -9999.0 -9999.0 -9999.0 -9999.0 -9999.0 -9999.0 -9999.0 -9999.0 -9999.0 -9999.0 -9999.0 01003.237 01009.198 01014.093 01018.360 01020.642 01026.392 01029.930 01033.112 01036.167 01038.357 01041.588 01044.535 01047.562 01050.835 01054.377 01057.410 01060.183 01063.310 01066.305 01068.892 01071.541 01074.083 01076.574 01078.589 01078.852 01078.963 01079.541 01082.388 01082.951 01082.612 01080.627 01078.978 01078.848 01078.652 01076.410 01074.065 01071.365 01068.652 01065.816 01063.191 01059.905
-9999.0 -9999.0 -9999.0 -9999.0 -9999.0 -9999.0 -9999.0 -9999.0 -9999.0 -9999.0 -9999.0 -9999.0 -9999.0 -9999.0 -9999.0 -9999.0 -9999.0 -9999.0 -9999.0 -9999.0 -9999.0 -9999.0 01006.621 01011.854 01016.325 01019.753 01024.196 01027.892 01030.978 01033.991 01036.993 01038.762 01042.288 01045.124 01048.180 01051.490 01054.879 01057.631 01060.360 01063.100 01065.500 01067.947 01070.348 01072.464 01074.353 01076.223 01077.677 01078.721 01078.794 01078.854 01078.820 01078.740 01077.835 01076.234 01074.490 01072.376 01070.186 01067.876 01065.300 01062.737 01060.024 01057.543
-9999.0 -9999.0 -9999.0 -9999.0 -9999.0 -9999.0 -9999.0 -9999.0 -9999.0 -9999.0 -9999.0 -9999.0 -9999.0 -9999.0 -9999.0 -9999.0 -9999.0 -9999.0 -9999.0 -9999.0 -9999.0 -9999.0 01003.784 01009.330 01014.058 01018.181 01020.488 01025.626 01028.828 01031.833 01034.749 01037.464 01039.197 01042.875 01045.738 01048.694 01051.810 01055.105 01057.731 01059.818 01062.298 01064.557 01066.783 01068.607 01070.382 01072.005 01073.364 01074.429 01075.350 01076.099 01075.697 01074.671 01073.481 01072.068 01070.440 01068.577 01066.559 01064.575 01062.110 01059.561 01057.342 01054.935
-9999.0 -9999.0 -9999.0 -9999.0 -9999.0 -9999.0 -9999.0 -9999.0 -9999.0 -9999.0 -9999.0 -9999.0 -9999.0 -9999.0 -9999.0 -9999.0 -9999.0 -9999.0 -9999.0 -9999.0 -9999.0 -9999.0 -9999.0 01006.602 01011.647 01016.028 01019.439 01021.227 01026.557 01029.628 01032.500 01035.351 01037.803 01040.022 01043.386 01046.117 01048.952 01051.955 01054.896 01057.096 01058.927 01061.251 01063.291 01064.987 01066.650 01068.052 01069.320 01070.260 01071.074 01071.750 01071.410 01070.476 01069.402 01068.161 01066.643 01065.005 01063.154 01061.199 01058.844 01056.941 01054.490 01051.616
-9999.0 -9999.0 -9999.0 -9999.0 -9999.0 -9999.0 -9999.0 -9999.0 -9999.0 -9999.0 -9999.0 -9999.0 -9999.0 -9999.0 -9999.0 -9999.0 -9999.0 -9999.0 -9999.0 -9999.0 -9999.0 -9999.0 -9999.0 01003.558 01008.961 01013.348 01017.117 01019.881 01023.685 01027.306 01030.232 01033.083 01035.938 01038.125 01040.612 01043.644 01046.285 01049.044 01051.467 01054.039 01056.373 01058.125 01059.753 01061.492 01063.149 01064.353 01065.503 01066.360 01067.073 01067.685 01067.398 01066.547 01065.584 01064.501 01063.087 01061.571 01059.668 01058.000 01056.356 01053.833 01051.202 01048.571
-9999.0 -9999.0 -9999.0 -9999.0 -9999.0 -9999.0 -9999.0 -9999.0 -9999.0 -9999.0 -9999.0 -9999.0 -9999.0 -9999.0 -9999.0 -9999.0 -9999.0 -9999.0 -9999.0 -9999.0 -9999.0 -9999.0 -9999.0 -9999.0 01005.815 01010.430 01014.518 01018.089 01020.245 01024.888 01027.932 01030.822 01033.641 01036.411 01038.303 01040.895 01043.773 01046.099 01048.292 01050.663 01052.950 01055.304 01056.857 01058.155 01059.483 01060.728 01061.859 01062.716 01063.334 01063.911 01063.674 01062.875 01061.979 01060.895 01059.464 01058.233 01056.824 01055.083 01052.979 01050.529 01048.105 01045.753
-9999.0 -9999.0 -9999.0 -9999.0 -9999.0 -9999.0 -9999.0 -9999.0 -9999.0 -9999.0 -9999.0 -9999.0 -9999.0 -9999.0 -9999.0 -9999.0 -9999.0 -9999.0 -9999.0 -9999.0 -9999.0 -9999.0 -9999.0 -9999.0 01002.267 01007.306 01011.681 01015.516 01018.852 01020.536 01025.520 01028.516 01031.354 01034.004 01036.653 01038.385 01040.979 01043.346 01045.393 01047.495 01049.625 01051.589 01053.431 01055.199 01056.554 01057.497 01058.308 01058.967 01059.577 01060.140 01059.921 01059.124 01058.426 01057.603 01056.576 01055.251 01053.422 01051.454 01049.540 01047.444 01045.213 01043.108
-9999.0 -9999.0 -9999.0 -9999.0 -9999.0 -9999.0 -9999.0 -9999.0 -9999.0 -9999.0 -9999.0 -9999.0 -9999.0 -9999.0 -9999.0 -9999.0 -9999.0 -9999.0 -9999.0 -9999.0 -9999.0 -9999.0 -9999.0 -9999.0 -9999.0 01003.750 01008.507 01012.604 01016.239 01019.424 01020.819 01026.119 01028.957 01031.643 01034.185 01036.765 01038.277 01040.101 01042.687 01044.556 01046.554 01048.182 01049.871 01051.468 01052.869 01054.179 01055.241 01056.108 01056.554 01056.961 01056.814 01056.229 01055.442 01054.298 01052.952 01051.469 01049.915 01048.110 01046.377 01044.572 01042.541 01039.838
-9999.0 -9999.0 -9999.0 -9999.0 -9999.0 -9999.0 -9999.0 -9999.0 -9999.0 -9999.0 -9999.0 -9999.0 -9999.0 -9999.0 -9999.0 -9999.0 -9999.0 -9999.0 -9999.0 -9999.0 -9999.0 -9999.0 -9999.0 -9999.0 -9999.0 -9999.0 01004.976 01009.421 01013.375 01016.923 01019.702 01021.991 01026.474 01029.186 01031.763 01034.232 01036.350 01037.913 01039.053 01041.752 01043.618 01045.052 01046.591 01048.048 01049.258 01050.447 01051.351 01052.147 01052.771 01053.306 01053.127 01052.345 01051.547 01050.525 01049.375 01048.003 01046.684 01045.008 01043.442 01041.745 01038.991 01037.816
-9999.0 -9999.0 -9999.0 -9999.0 -9999.0 -9999.0 -9999.0 -9999.0 -9999.0 -9999.0 -9999.0 -9999.0 -9999.0 -9999.0 -9999.0 -9999.0 -9999.0 -9999.0 -9999.0 -9999.0 -9999.0 -9999.0 -9999.0 -9999.0 -9999.0 -9999.0 -9999.0 01005.964 01010.279 01014.115 01017.556 01019.895 01022.801 01026.649 01029.289 01031.573 01033.647 01035.696 01037.459 01038.539 01040.184 01042.167 01043.557 01044.847 01045.940 01047.026 01047.802 01048.503 01049.076 01049.531 01049.390 01048.713 01047.972 01047.076 01046.089 01044.816 01043.639 01042.150 01040.010 01038.487 01037.443 01035.539
-9999.0 -9999.0 -9999.0 -9999.0 -9999.0 -9999.0 -9999.0 -9999.0 -9999.0 -9999.0 -9999.0 -9999.0 -9999.0 -9999.0 -9999.0 -9999.0 -9999.0 -9999.0 -9999.0 -9999.0 -9999.0 -9999.0 -9999.0 -9999.0 -9999.0 -9999.0 -9999.0 01002.193 01006.917 01011.084 01014.695 01017.895 01019.998 01023.109 01026.689 01028.872 01030.951 01032.958 01034.842 01036.714 01037.828 01038.664 01040.059 01041.814 01042.874 01043.839 01044.543 01045.165 01045.679 01046.081 01045.970 01045.365 01044.693 01043.901 01043.009 01041.824 01040.113 01038.669 01037.785 01036.549 01034.872 01032.843
-9999.0 -9999.0 -9999.0 -9999.0 -9999.0 -9999.0 -9999.0 -9999.0 -9999.0 -9999.0 -9999.0 -9999.0 -9999.0 -9999.0 -9999.0 -9999.0 -9999.0 -9999.0 -9999.0 -9999.0 -9999.0 -9999.0 -9999.0 -9999.0 -9999.0 -9999.0 -9999.0 -9999.0 01003.137 01007.693 01011.593 01015.020 01018.067 01020.040 01022.558 01026.066 01028.217 01030.193 01032.076 01033.855 01035.338 01036.775 01037.762 01038.423 01038.998 01040.277 01041.302 01042.082 01042.544 01042.903 01042.818 01042.271 01041.509 01040.410 01039.110 01038.447 01037.761 01036.835 01035.288 01033.675 01032.049 01030.133
