examples/flatland/Outputs/centerIgnit/b_RAWS/singleWinds/flatland_centerIgnit_3mph0deg7hr_RAWS/flatland_centerIgnit_3mph0deg7hr_RAWS_Intensity.asc
NCOLS 100
NROWS 100
XLLCORNER 20000.000000
YLLCORNER 20000.000000
CELLSIZE 30.000000
NODATA_VALUE -9999.0
[rows 28 to 55 of 100, columns 0 to 61 of 100]
-9999.0 -9999.0 -9999.0 -9999.0 -9999.0 -9999.0 -9999.0 -9999.0 -9999.0 -9999.0 -9999.0 -9999.0 -9999.0 -9999.0 -9999.0 -9999.0 -9999.0 -9999.0 -9999.0 -9999.0 -9999.0 -9999.0 -9999.0 -9999.0 -9999.0 -9999.0 -9999.0 -9999.0 -9999.0 -9999.0 -9999.0 -9999.0 -9999.0 -9999.0 -9999.0 -9999.0 -9999.0 -9999.0 -9999.0 -9999.0 00018.597 00018.744 00018.860 00018.964 00019.034 00019.089 00019.135 00019.108 00019.099 00019.091 00019.065 00019.031 00018.971 00018.903 00018.815 00018.729 00018.632 -9999.0 -9999.0 -9999.0 -9999.0 -9999.0
-9999.0 -9999.0 -9999.0 -9999.0 -9999.0 -9999.0 -9999.0 -9999.0 -9999.0 -9999.0 -9999.0 -9999.0 -9999.0 -9999.0 -9999.0 -9999.0 -9999.0 -9999.0 -9999.0 -9999.0 -9999.0 -9999.0 -9999.0 -9999.0 -9999.0 -9999.0 -9999.0 -9999.0 -9999.0 -9999.0 -9999.0 -9999.0 -9999.0 -9999.0 -9999.0 -9999.0 -9999.0 -9999.0 00018.970 00019.117 00019.224 00019.334 00019.428 00019.433 00019.546 00019.667 00019.702 00019.722 00019.701 00019.672 00019.648 00019.608 00019.461 00019.371 00019.383 00019.334 00019.238 00019.094 00018.910 00018.504 -9999.0 -9999.0
-9999.0 -9999.0 -9999.0 -9999.0 -9999.0 -9999.0 -9999.0 -9999.0 -9999.0 -9999.0 -9999.0 -9999.0 -9999.0 -9999.0 -9999.0 -9999.0 -9999.0 -9999.0 -9999.0 -9999.0 -9999.0 -9999.0 -9999.0 -9999.0 -9999.0 -9999.0 -9999.0 -9999.0 -9999.0 -9999.0 -9999.0 -9999.0 -9999.0 -9999.0 -9999.0 -9999.0 00019.147 00019.377 00019.572 00019.728 00019.738 00019.901 00020.023 00020.112 00020.193 00020.234 00020.262 00020.284 00020.264 00020.235 00020.213 00020.173 00020.118 00020.052 00019.995 00019.941 00019.700 00019.672 00019.542 00019.395 00019.272 -9999.0
-9999.0 -9999.0 -9999.0 -9999.0 -9999.0 -9999.0 -9999.0 -9999.0 -9999.0 -9999.0 -9999.0 -9999.0 -9999.0 -9999.0 -9999.0 -9999.0 -9999.0 -9999.0 -9999.0 -9999.0 -9999.0 -9999.0 -9999.0 -9999.0 -9999.0 -9999.0 -9999.0 -9999.0 -9999.0 -9999.0 -9999.0 -9999.0 -9999.0 -9999.0 00019.430 00019.654 00019.775 00019.979 00020.052 00020.320 00020.444 00020.507 00020.595 00020.684 00020.733 00020.725 00020.770 00020.806 00020.788 00020.749 00020.702 00020.659 00020.656 00020.622 00020.590 00020.511 00020.395 00020.270 00019.980 00019.983 00019.858 00019.670
-9999.0 -9999.0 -9999.0 -9999.0 -9999.0 -9999.0 -9999.0 -9999.0 -9999.0 -9999.0 -9999.0 -9999.0 -9999.0 -9999.0 -9999.0 -9999.0 -9999.0 -9999.0 -9999.0 -9999.0 -9999.0 -9999.0 -9999.0 -9999.0 -9999.0 -9999.0 -9999.0 -9999.0 -9999.0 -9999.0 -9999.0 -9999.0 -9999.0 00019.780 00020.057 00020.227 00020.338 00020.582 00020.746 00020.898 00021.044 00021.107 00021.073 00021.219 00021.284 00021.342 00021.377 00021.371 00021.349 00021.322 00021.298 00021.256 00021.206 00021.173 00021.110 00021.053 00020.975 00020.855 00020.733 00020.630 00020.352 00020.245
-9999.0 -9999.0 -9999.0 -9999.0 -9999.0 -9999.0 -9999.0 -9999.0 -9999.0 -9999.0 -9999.0 -9999.0 -9999.0 -9999.0 -9999.0 -9999.0 -9999.0 -9999.0 -9999.0 -9999.0 -9999.0 -9999.0 -9999.0 -9999.0 -9999.0 -9999.0 -9999.0 -9999.0 -9999.0 -9999.0 -9999.0 -9999.0 00020.098 00020.389 00020.636 00020.716 00021.036 00021.184 00021.340 00021.468 00021.546 00021.714 00021.734 00021.806 00021.902 00021.959 00022.000 00021.952 00021.918 00021.912 00021.910 00021.890 00021.821 00021.769 00021.719 00021.621 00021.510 00021.391 00021.381 00021.250 00021.044 00020.778
-9999.0 -9999.0 -9999.0 -9999.0 -9999.0 -9999.0 -9999.0 -9999.0 -9999.0 -9999.0 -9999.0 -9999.0 -9999.0 -9999.0 -9999.0 -9999.0 -9999.0 -9999.0 -9999.0 -9999.0 -9999.0 -9999.0 -9999.0 -9999.0 -9999.0 -9999.0 -9999.0 -9999.0 -9999.0 -9999.0 -9999.0 00020.406 00020.684 00020.945 00021.180 00021.476 00021.697 00021.833 00021.845 00022.047 00022.172 00022.282 00022.368 00022.441 00022.486 00022.499 00022.499 00022.485 00022.468 00022.445 00022.440 00022.435 00022.384 00022.351 00022.327 00022.256 00022.195 00022.072 00021.952 00021.806 00021.602 00021.397
-9999.0 -9999.0 -9999.0 -9999.0 -9999.0 -9999.0 -9999.0 -9999.0 -9999.0 -9999.0 -9999.0 -9999.0 -9999.0 -9999.0 -9999.0 -9999.0 -9999.0 -9999.0 -9999.0 -9999.0 -9999.0 -9999.0 -9999.0 -9999.0 -9999.0 -9999.0 -9999.0 -9999.0 -9999.0 -9999.0 00020.773 00021.054 00021.272 00021.538 00021.797 00022.052 00022.276 00022.478 00022.581 00022.710 00022.866 00022.910 00022.955 00023.017 00023.082 00023.120 00023.132 00023.110 00023.082 00023.060 00023.050 00023.023 00022.978 00022.944 00022.919 00022.906 00022.870 00022.679 00022.503 00022.330 00022.147 00022.144
-9999.0 -9999.0 -9999.0 -9999.0 -9999.0 -9999.0 -9999.0 -9999.0 -9999.0 -9999.0 -9999.0 -9999.0 -9999.0 -9999.0 -9999.0 -9999.0 -9999.0 -9999.0 -9999.0 -9999.0 -9999.0 -9999.0 -9999.0 -9999.0 -9999.0 -9999.0 -9999.0 -9999.0 -9999.0 00021.115 00021.437 00021.667 00021.974 00022.206 00022.412 00022.571 00022.832 00023.067 00023.235 00023.443 00023.547 00023.580 00023.607 00023.657 00023.735 00023.702 00023.638 00023.635 00023.559 00023.591 00023.522 00023.566 00023.634 00023.598 00023.601 00023.566 00023.456 00023.345 00023.148 00022.997 00022.979 00022.746
-9999.0 -9999.0 -9999.0 -9999.0 -9999.0 -9999.0 -9999.0 -9999.0 -9999.0 -9999.0 -9999.0 -9999.0 -9999.0 -9999.0 -9999.0 -9999.0 -9999.0 -9999.0 -9999.0 -9999.0 -9999.0 -9999.0 -9999.0 -9999.0 -9999.0 -9999.0 -9999.0 -9999.0 00021.347 00021.754 00022.111 00022.426 00022.692 00022.918 00023.048 00023.264 00023.414 00023.643 00023.860 00024.036 00024.223 00024.352 00024.365 00024.208 00024.315 00024.280 00024.229 00024.093 00024.008 00024.051 00024.095 00024.170 00024.204 00024.110 00024.366 00024.236 00024.105 00024.004 00023.875 00023.801 00023.667 00023.407
-9999.0 -9999.0 -9999.0 -9999.0 -9999.0 -9999.0 -9999.0 -9999.0 -9999.0 -9999.0 -9999.0 -9999.0 -9999.0 -9999.0 -9999.0 -9999.0 -9999.0 -9999.0 -9999.0 -9999.0 -9999.0 -9999.0 -9999.0 -9999.0 -9999.0 -9999.0 -9999.0 00021.456 00021.899 00022.285 00022.603 00023.057 00023.428 00023.676 00023.900 00024.045 00024.388 00024.396 00024.499 00024.766 00024.927 00025.029 00025.031 00024.952 00024.921 00024.850 00024.761 00024.616 00024.417 00024.567 00024.638 00024.718 00024.764 00024.793 00024.872 00024.784 00024.863 00024.732 00024.605 00024.461 00024.328 00024.033
-9999.0 -9999.0 -9999.0 -9999.0 -9999.0 -9999.0 -9999.0 -9999.0 -9999.0 -9999.0 -9999.0 -9999.0 -9999.0 -9999.0 -9999.0 -9999.0 -9999.0 -9999.0 -9999.0 -9999.0 -9999.0 -9999.0 -9999.0 -9999.0 -9999.0 -9999.0 00021.519 00022.000 00022.413 00022.660 00023.215 00023.594 00023.944 00024.294 00024.663 00024.872 00025.160 00025.342 00025.411 00025.589 00025.565 00025.661 00025.636 00025.589 00025.558 00025.371 00025.212 00024.948 00024.626 00024.860 00025.009 00025.158 00025.375 00025.453 00025.526 00025.555 00025.564 00025.590 00025.436 00025.221 00024.919 00024.664
-9999.0 -9999.0 -9999.0 -9999.0 -9999.0 -9999.0 -9999.0 -9999.0 -9999.0 -9999.0 -9999.0 -9999.0 -9999.0 -9999.0 -9999.0 -9999.0 -9999.0 -9999.0 -9999.0 -9999.0 -9999.0 -9999.0 -9999.0 -9999.0 -9999.0 -9999.0 00022.036 00022.486 00022.833 00023.338 00023.747 00024.144 00024.450 00024.838 00025.186 00025.539 00025.830 00026.044 00026.294 00026.267 00026.444 00026.443 00026.399 00026.312 00026.051 00025.830 00025.487 00025.161 00024.806 00025.070 00025.305 00025.650 00025.896 00026.079 00026.431 00026.510 00026.423 00026.419 00026.188 00025.834 00025.488 00025.148
-9999.0 -9999.0 -9999.0 -9999.0 -9999.0 -9999.0 -9999.0 -9999.0 -9999.0 -9999.0 -9999.0 -9999.0 -9999.0 -9999.0 -9999.0 -9999.0 -9999.0 -9999.0 -9999.0 -9999.0 -9999.0 -9999.0 -9999.0 -9999.0 -9999.0 00021.959 00022.461 00022.907 00023.382 00023.836 00024.253 00024.553 00025.012 00025.420 00025.850 00026.163 00026.516 00026.895 00027.120 00027.326 00027.383 00027.355 00027.330 00027.014 00026.823 00026.465 00026.105 00025.765 00025.284 00025.596 00025.809 00026.161 00026.500 00026.764 00027.111 00027.175 00027.010 00026.917 00026.683 00026.429 00026.010 00025.589
-9999.0 -9999.0 -9999.0 -9999.0 -9999.0 -9999.0 -9999.0 -9999.0 -9999.0 -9999.0 -9999.0 -9999.0 -9999.0 -9999.0 -9999.0 -9999.0 -9999.0 -9999.0 -9999.0 -9999.0 -9999.0 -9999.0 -9999.0 -9999.0 00021.894 00022.398 00022.844 00023.121 00023.755 00024.208 00024.620 00025.064 00025.506 00025.998 00026.360 00026.759 00027.171 00027.571 00027.846 00028.110 00028.405 00028.453 00028.289 00027.864 00027.603 00027.232 00027.007 00026.771 00026.172 00026.577 00026.735 00026.916 00027.177 00027.420 00027.596 00027.668 00027.652 00027.410 00027.112 00026.749 00026.442 00025.986
-9999.0 -9999.0 -9999.0 -9999.0 -9999.0 -9999.0 -9999.0 -9999.0 -9999.0 -9999.0 -9999.0 -9999.0 -9999.0 -9999.0 -9999.0 -9999.0 -9999.0 -9999.0 -9999.0 -9999.0 -9999.0 -9999.0 -9999.0 -9999.0 00022.399 00022.873 00023.249 00023.769 00024.202 00024.632 00024.983 00025.415 00025.888 00026.343 00026.784 00027.242 00027.747 00028.130 00028.417 00028.712 00029.019 00028.969 00028.894 00028.774 00028.600 00028.761 00028.737 00028.462 00027.188 00027.944 00028.311 00028.323 00028.136 00028.195 00028.162 00028.125 00027.950 00027.780 00027.427 00027.104 00026.692 00026.554
-9999.0 -9999.0 -9999.0 -9999.0 -9999.0 -9999.0 -9999.0 -9999.0 -9999.0 -9999.0 -9999.0 -9999.0 -9999.0 -9999.0 -9999.0 -9999.0 -9999.0 -9999.0 -9999.0 -9999.0 -9999.0 -9999.0 -9999.0 00022.372 00022.887 00023.340 00023.765 00024.278 00024.710 00025.038 00025.506 00025.938 00026.405 00026.775 00027.189 00027.628 00027.944 00028.417 00028.787 00029.178 00029.351 00029.568 00029.613 00029.683 00030.117 00030.538 00030.756 00031.666 -9999.0 -9999.000 00030.051 00029.867 00029.247 00028.663 00028.402 00028.266 00028.132 00027.990 00027.889 00027.642 00027.446 00026.946
-9999.0 -9999.0 -9999.0 -9999.0 -9999.0 -9999.0 -9999.0 -9999.0 -9999.0 -9999.0 -9999.0 -9999.0 -9999.0 -9999.0 -9999.0 -9999.0 -9999.0 -9999.0 -9999.0 -9999.0 -9999.0 -9999.0 -9999.0 00022.842 00023.327 00023.679 00024.359 00024.820 00025.243 00025.642 00026.062 00026.522 00026.906 00027.328 00027.766 00028.218 00028.533 00028.890 00029.189 00029.395 00029.537 00029.685 00029.836 00030.152 00030.877 00031.600 00032.333 -9999.000 -9999.0 -9999.0 -9999.000 00030.534 00029.866 00029.229 00028.611 00028.433 00028.396 00028.449 00028.438 00028.325 00028.102 00027.898
-9999.0 -9999.0 -9999.0 -9999.0 -9999.0 -9999.0 -9999.0 -9999.0 -9999.0 -9999.0 -9999.0 -9999.0 -9999.0 -9999.0 -9999.0 -9999.0 -9999.0 -9999.0 -9999.0 -9999.0 -9999.0 -9999.0 00023.095 00023.617 00024.072 00024.538 00024.945 00025.405 00025.740 00026.253 00026.833 00027.283 00027.660 00028.052 00028.460 00028.611 00029.169 00029.583 00029.901 00030.003 00029.960 00029.994 00030.077 00030.657 00031.347 00032.094 -9999.000 -9999.0 -9999.0 -9999.0 -9999.0 -9999.000 00030.463 00029.821 00029.254 00028.987 00029.122 00029.238 00029.309 00029.094 00028.991 00028.797
-9999.0 -9999.0 -9999.0 -9999.0 -9999.0 -9999.0 -9999.0 -9999.0 -9999.0 -9999.0 -9999.0 -9999.0 -9999.0 -9999.0 -9999.0 -9999.0 -9999.0 -9999.0 -9999.0 -9999.0 -9999.0 -9999.0 00023.697 00024.236 00024.635 00025.193 00025.671 00026.138 00026.589 00027.113 00027.657 00028.104 00028.591 00029.103 00029.547 00029.949 00029.995 00030.347 00030.513 00030.938 00030.987 00031.007 00031.292 00031.820 00032.166 00032.559 -9999.0 -9999.0 -9999.0 -9999.0 -9999.0 -9999.0 -9999.000 00030.966 00030.838 00030.427 00030.152 00030.188 00030.194 00030.200 00030.195 00029.856
-9999.0 -9999.0 -9999.0 -9999.0 -9999.0 -9999.0 -9999.0 -9999.0 -9999.0 -9999.0 -9999.0 -9999.0 -9999.0 -9999.0 -9999.0 -9999.0 -9999.0 -9999.0 -9999.0 -9999.0 -9999.0 00023.632 00024.228 00024.760 00025.222 00025.861 00026.406 00026.833 00027.421 00027.793 00028.359 00028.844 00029.374 00029.947 00030.235 00030.810 00031.213 00031.685 00031.820 00031.989 00032.168 00032.442 00033.065 00034.559 00035.327 -9999.000 -9999.0 -9999.0 -9999.0 -9999.0 -9999.0 -9999.0 -9999.000 00034.475 00034.267 00031.869 00031.575 00031.321 00031.194 00031.094 00031.126 00030.806
-9999.0 -9999.0 -9999.0 -9999.0 -9999.0 -9999.0 -9999.0 -9999.0 -9999.0 -9999.0 -9999.0 -9999.0 -9999.0 -9999.0 -9999.0 -9999.0 -9999.0 -9999.0 -9999.0 -9999.0 -9999.0 00024.084 00024.659 00025.150 00025.748 00026.371 00026.914 00027.378 00027.907 00028.456 00028.996 00029.547 00030.208 00030.852 00031.326 00031.819 00032.351 00032.756 00032.847 00033.143 00033.498 00034.338 00035.418 00039.093 00042.900 -9999.000 -9999.0 -9999.0 -9999.0 -9999.0 -9999.0 -9999.0 -9999.0 00042.762 00039.244 00036.586 00034.770 00033.378 00032.134 00032.143 00031.868 00031.648
-9999.0 -9999.0 -9999.0 -9999.0 -9999.0 -9999.0 -9999.0 -9999.0 -9999.0 -9999.0 -9999.0 -9999.0 -9999.0 -9999.0 -9999.0 -9999.0 -9999.0 -9999.0 -9999.0 -9999.0 -9999.0 00024.534 00025.114 00025.530 00026.272 00026.863 00027.376 00027.929 00028.476 00029.101 00029.631 00030.255 00031.060 00031.602 00032.185 00032.719 00033.293 00033.639 00033.984 00034.189 00035.493 00037.793 00040.632 00043.360 00047.661 00054.054 -9999.000 -9999.0 -9999.0 -9999.0 -9999.0 -9999.0 -9999.000 00048.807 00043.488 00041.040 00038.706 00036.727 00035.107 00034.378 00032.999 00032.614
-9999.0 -9999.0 -9999.0 -9999.0 -9999.0 -9999.0 -9999.0 -9999.0 -9999.0 -9999.0 -9999.0 -9999.0 -9999.0 -9999.0 -9999.0 -9999.0 -9999.0 -9999.0 -9999.0 -9999.0 00024.531 00025.192 00025.765 00026.309 00026.882 00027.417 00027.903 00028.564 00029.196 00029.879 00030.487 00031.120 00031.772 00032.224 00032.950 00033.544 00034.174 00035.068 00035.922 00036.995 00038.924 00041.101 00044.403 00046.603 00050.952 00053.592 00054.402 -9999.0 -9999.0 -9999.0 -9999.0 -9999.000 00052.514 00050.894 00046.811 00045.383 00041.779 00039.208 00038.563 00037.084 00036.179 00034.684
-9999.0 -9999.0 -9999.0 -9999.0 -9999.0 -9999.0 -9999.0 -9999.0 -9999.0 -9999.0 -9999.0 -9999.0 -9999.0 -9999.0 -9999.0 -9999.0 -9999.0 -9999.0 -9999.0 -9999.0 00024.990 00025.622 00026.193 00026.827 00027.419 00028.044 00028.565 00029.247 00029.919 00030.600 00031.258 00031.791 00032.530 00033.213 00033.818 00034.400 00035.146 00037.247 00038.506 00040.186 00041.872 00043.531 00047.004 00049.079 00051.597 00053.193 00053.858 -9999.000 -9999.0 -9999.0 -9999.0 00052.761 00052.039 00051.298 00048.821 00046.467 00044.022 00041.699 00041.522 00039.522 00038.297 00037.391
-9999.0 -9999.0 -9999.0 -9999.0 -9999.0 -9999.0 -9999.0 -9999.0 -9999.0 -9999.0 -9999.0 -9999.0 -9999.0 -9999.0 -9999.0 -9999.0 -9999.0 -9999.0 -9999.0 -9999.0 00025.422 00026.049 00026.556 00027.280 00027.992 00028.644 00029.242 00029.867 00030.544 00031.184 00031.852 00032.519 00033.343 00034.285 00035.221 00036.415 00038.021 00039.258 00040.748 00042.839 00044.366 00045.468 00047.653 00049.901 00051.894 00052.639 00053.332 00053.999 -9999.000 -9999.0 -9999.000 00052.279 00051.574 00050.819 00049.943 00047.465 00045.182 00043.432 00042.336 00041.347 00040.088 00039.783
-9999.0 -9999.0 -9999.0 -9999.0 -9999.0 -9999.0 -9999.0 -9999.0 -9999.0 -9999.0 -9999.0 -9999.0 -9999.0 -9999.0 -9999.0 -9999.0 -9999.0 -9999.0 -9999.0 00024.846 00025.838 00026.468 00026.936 00027.778 00028.488 00029.095 00029.721 00030.368 00031.083 00031.738 00032.466 00033.190 00033.915 00035.854 00037.097 00038.599 00040.512 00041.513 00042.743 00044.072 00045.130 00046.483 00048.304 00050.384 00051.396 00052.083 00052.793 00053.704 00055.549 -9999.000 00054.381 00052.156 00051.083 00050.336 00049.594 00048.262 00046.215 00044.695 00043.380 00042.305 00041.284 00040.455
-9999.0 -9999.0 -9999.0 -9999.0 -9999.0 -9999.0 -9999.0 -9999.0 -9999.0 -9999.0 -9999.0 -9999.0 -9999.0 -9999.0 -9999.0 -9999.0 -9999.0 -9999.0 -9999.0 00025.599 00026.313 00026.976 00027.463 00028.322 00028.928 00029.519 00030.219 00030.957 00031.739 00032.416 00033.348 00034.544 00036.051 00037.370 00038.722 00040.428 00041.963 00042.711 00043.782 00044.871 00046.080 00047.475 00048.828 00050.062 00050.883 00051.541 00052.376 00054.697 00057.759 00062.992 00057.195 00053.669 00050.848 00049.863 00049.132 00048.324 00047.154 00045.761 00044.465 00043.306 00041.999 00041.133
