examples/flatland/Outputs/centerIgnit/b_RAWS/singleWinds/flatland_centerIgnit_3mph0deg7hr_RAWS/flatland_centerIgnit_3mph0deg7hr_RAWS_ReactionIntensity.asc
NCOLS 100
NROWS 100
XLLCORNER 20000.000000
YLLCORNER 20000.000000
CELLSIZE 30.000000
NODATA_VALUE -9999.0
[rows 56 to 83 of 100, columns 0 to 61 of 100]
-9999.0 -9999.0 -9999.0 -9999.0 -9999.0 -9999.0 -9999.0 -9999.0 -9999.0 -9999.0 -9999.0 -9999.0 -9999.0 -9999.0 -9999.0 -9999.0 -9999.0 -9999.0 -9999.0 00152.579 00153.740 00154.684 00155.498 00156.381 00157.132 00157.755 00158.568 00159.359 00160.267 00161.044 00161.934 00162.838 00163.745 00164.395 00165.034 00165.679 00166.349 00166.913 00167.184 00167.409 00167.638 00167.835 00168.028 00168.350 00169.070 00170.024 00170.881 00171.701 00172.332 00172.972 00172.346 00171.631 00170.765 00169.843 00168.806 00168.141 00167.933 00167.722 00167.509 00167.274 00166.934 00166.569
-9999.0 -9999.0 -9999.0 -9999.0 -9999.0 -9999.0 -9999.0 -9999.0 -9999.0 -9999.0 -9999.0 -9999.0 -9999.0 -9999.0 -9999.0 -9999.0 -9999.0 -9999.0 -9999.0 00152.758 00153.864 00154.779 00155.667 00156.454 00157.200 00157.785 00158.608 00159.401 00160.317 00161.045 00161.826 00162.641 00163.526 00163.918 00164.849 00165.479 00166.112 00166.763 00166.945 00167.297 00167.498 00167.690 00167.877 00168.067 00168.487 00169.279 00170.172 00170.839 00171.423 00171.974 00171.418 00170.788 00170.111 00169.123 00168.331 00168.003 00167.796 00167.592 00167.382 00167.172 00166.912 00166.331
-9999.0 -9999.0 -9999.0 -9999.0 -9999.0 -9999.0 -9999.0 -9999.0 -9999.0 -9999.0 -9999.0 -9999.0 -9999.0 -9999.0 -9999.0 -9999.0 -9999.0 -9999.0 -9999.0 00152.879 00153.958 00154.857 00155.728 00156.498 00157.238 00157.804 00158.641 00159.407 00160.212 00160.877 00161.661 00162.445 00163.295 00163.898 00164.660 00165.251 00165.861 00166.458 00166.918 00167.167 00167.355 00167.542 00167.728 00167.916 00168.106 00168.606 00169.370 00170.006 00170.495 00170.973 00170.502 00169.981 00169.278 00168.538 00168.075 00167.867 00167.660 00167.458 00167.257 00166.939 00166.735 00166.099
-9999.0 -9999.0 -9999.0 -9999.0 -9999.0 -9999.0 -9999.0 -9999.0 -9999.0 -9999.0 -9999.0 -9999.0 -9999.0 -9999.0 -9999.0 -9999.0 -9999.0 -9999.0 -9999.0 00152.974 00154.017 00154.875 00155.763 00156.525 00157.261 00157.807 00158.569 00159.254 00160.043 00160.747 00161.483 00162.236 00163.046 00163.876 00164.445 00165.020 00165.580 00166.161 00166.735 00166.934 00167.214 00167.396 00167.580 00167.767 00167.952 00168.133 00168.572 00169.076 00169.550 00170.014 00169.584 00169.035 00168.530 00168.124 00167.927 00167.729 00167.526 00167.324 00167.060 00166.909 00166.394 00165.839
-9999.0 -9999.0 -9999.0 -9999.0 -9999.0 -9999.0 -9999.0 -9999.0 -9999.0 -9999.0 -9999.0 -9999.0 -9999.0 -9999.0 -9999.0 -9999.0 -9999.0 -9999.0 -9999.0 00153.029 00154.052 00154.884 00155.781 00156.532 00157.194 00157.738 00158.441 00159.118 00159.855 00160.608 00161.274 00162.007 00162.771 00163.585 00163.916 00164.752 00165.294 00165.852 00166.352 00166.870 00166.944 00167.251 00167.434 00167.619 00167.796 00167.967 00168.098 00168.335 00168.656 00168.955 00168.673 00168.321 00168.091 00167.947 00167.780 00167.589 00167.393 00167.193 00166.926 00166.616 00166.067 00165.527
-9999.0 -9999.0 -9999.0 -9999.0 -9999.0 -9999.0 -9999.0 -9999.0 -9999.0 -9999.0 -9999.0 -9999.0 -9999.0 -9999.0 -9999.0 -9999.0 -9999.0 -9999.0 -9999.0 00153.046 00154.068 00154.889 00155.719 00156.415 00157.073 00157.665 00158.309 00158.958 00159.669 00160.440 00161.055 00161.758 00162.480 00163.255 00163.886 00164.488 00165.017 00165.499 00165.986 00166.478 00166.909 00166.987 00167.289 00167.467 00167.641 00167.786 00167.914 00168.018 00168.104 00168.210 00168.110 00168.017 00167.912 00167.771 00167.632 00167.445 00167.258 00166.942 00166.800 00166.258 00165.736 00165.214
-9999.0 -9999.0 -9999.0 -9999.0 -9999.0 -9999.0 -9999.0 -9999.0 -9999.0 -9999.0 -9999.0 -9999.0 -9999.0 -9999.0 -9999.0 -9999.0 -9999.0 -9999.0 -9999.0 00153.062 00154.002 00154.802 00155.515 00156.291 00156.948 00157.584 00158.103 00158.780 00159.458 00160.211 00160.812 00161.501 00162.194 00162.897 00163.648 00163.915 00164.695 00165.152 00165.622 00166.093 00166.580 00166.919 00167.128 00167.313 00167.480 00167.606 00167.731 00167.823 00167.900 00167.968 00167.908 00167.826 00167.722 00167.597 00167.460 00167.301 00167.020 00166.910 00166.439 00165.910 00165.401 00164.909
-9999.0 -9999.0 -9999.0 -9999.0 -9999.0 -9999.0 -9999.0 -9999.0 -9999.0 -9999.0 -9999.0 -9999.0 -9999.0 -9999.0 -9999.0 -9999.0 -9999.0 -9999.0 -9999.0 00152.892 00153.859 00154.672 00155.146 00156.159 00156.802 00157.439 00157.858 00158.601 00159.239 00159.931 00160.611 00161.226 00161.867 00162.536 00163.251 00163.882 00164.280 00164.812 00165.258 00165.717 00166.191 00166.682 00166.925 00167.161 00167.303 00167.429 00167.539 00167.631 00167.697 00167.761 00167.709 00167.631 00167.534 00167.425 00167.289 00167.149 00166.921 00166.600 00166.087 00165.572 00165.076 00164.598
-9999.0 -9999.0 -9999.0 -9999.0 -9999.0 -9999.0 -9999.0 -9999.0 -9999.0 -9999.0 -9999.0 -9999.0 -9999.0 -9999.0 -9999.0 -9999.0 -9999.0 -9999.0 -9999.0 00152.710 00153.705 00154.526 00155.031 00155.999 00156.647 00157.260 00157.749 00158.409 00159.008 00159.666 00160.385 00160.905 00161.556 00162.192 00162.856 00163.494 00163.895 00164.474 00164.904 00165.350 00165.811 00166.276 00166.740 00166.928 00167.069 00167.253 00167.350 00167.437 00167.502 00167.558 00167.511 00167.438 00167.348 00167.249 00167.029 00166.923 00166.718 00166.216 00165.732 00165.240 00164.756 00163.923
-9999.0 -9999.0 -9999.0 -9999.0 -9999.0 -9999.0 -9999.0 -9999.0 -9999.0 -9999.0 -9999.0 -9999.0 -9999.0 -9999.0 -9999.0 -9999.0 -9999.0 -9999.0 -9999.0 00152.506 00153.521 00154.358 00154.957 00155.826 00156.465 00157.078 00157.635 00158.154 00158.771 00159.397 00160.050 00160.654 00161.226 00161.847 00162.419 00163.024 00163.659 00163.906 00164.562 00164.996 00165.443 00165.875 00166.321 00166.709 00166.916 00166.945 00167.163 00167.244 00167.305 00167.357 00167.315 00167.247 00167.165 00166.943 00166.915 00166.667 00166.284 00165.835 00165.370 00164.914 00164.445 00163.888
-9999.0 -9999.0 -9999.0 -9999.0 -9999.0 -9999.0 -9999.0 -9999.0 -9999.0 -9999.0 -9999.0 -9999.0 -9999.0 -9999.0 -9999.0 -9999.0 -9999.0 -9999.0 -9999.0 00152.283 00153.300 00154.169 00154.874 00155.617 00156.283 00156.877 00157.463 00157.844 00158.544 00159.105 00159.722 00160.386 00160.888 00161.460 00162.001 00162.575 00163.163 00163.788 00163.916 00164.649 00165.067 00165.488 00165.900 00166.238 00166.573 00166.870 00166.922 00166.940 00166.989 00167.158 00167.034 00166.941 00166.923 00166.854 00166.570 00166.209 00165.840 00165.472 00165.021 00164.579 00163.906 00163.601
-9999.0 -9999.0 -9999.0 -9999.0 -9999.0 -9999.0 -9999.0 -9999.0 -9999.0 -9999.0 -9999.0 -9999.0 -9999.0 -9999.0 -9999.0 -9999.0 -9999.0 -9999.0 -9999.0 -9999.0 00153.076 00153.944 00154.692 00155.087 00156.067 00156.663 00157.241 00157.712 00158.282 00158.824 00159.399 00160.033 00160.591 00161.063 00161.608 00162.140 00162.698 00163.291 00163.877 00163.924 00164.703 00165.106 00165.458 00165.781 00166.103 00166.359 00166.606 00166.789 00166.906 00166.918 00166.909 00166.812 00166.607 00166.353 00166.089 00165.760 00165.416 00165.068 00164.672 00163.918 00163.807 00163.144
-9999.0 -9999.0 -9999.0 -9999.0 -9999.0 -9999.0 -9999.0 -9999.0 -9999.0 -9999.0 -9999.0 -9999.0 -9999.0 -9999.0 -9999.0 -9999.0 -9999.0 -9999.0 -9999.0 -9999.0 00152.788 00153.709 00154.478 00154.983 00155.838 00156.440 00157.010 00157.552 00157.908 00158.547 00159.092 00159.657 00160.233 00160.709 00161.203 00161.721 00162.253 00162.819 00163.417 00163.884 00164.056 00164.720 00165.030 00165.333 00165.641 00165.867 00166.098 00166.265 00166.398 00166.525 00166.434 00166.282 00166.096 00165.870 00165.614 00165.324 00165.001 00164.665 00163.974 00163.880 00163.318 00162.713
-9999.0 -9999.0 -9999.0 -9999.0 -9999.0 -9999.0 -9999.0 -9999.0 -9999.0 -9999.0 -9999.0 -9999.0 -9999.0 -9999.0 -9999.0 -9999.0 -9999.0 -9999.0 -9999.0 -9999.0 00152.488 00153.435 00154.221 00154.877 00155.524 00156.206 00156.751 00157.290 00157.715 00158.265 00158.776 00159.272 00159.809 00160.390 00160.804 00161.313 00161.827 00162.364 00162.917 00163.483 00163.888 00163.925 00164.616 00164.904 00165.172 00165.392 00165.599 00165.760 00165.879 00165.998 00165.919 00165.772 00165.603 00165.404 00165.155 00164.906 00164.592 00163.921 00163.884 00163.446 00162.848 00162.274
-9999.0 -9999.0 -9999.0 -9999.0 -9999.0 -9999.0 -9999.0 -9999.0 -9999.0 -9999.0 -9999.0 -9999.0 -9999.0 -9999.0 -9999.0 -9999.0 -9999.0 -9999.0 -9999.0 -9999.0 00151.767 00153.121 00153.942 00154.649 00155.048 00155.931 00156.489 00157.017 00157.542 00157.863 00158.453 00158.922 00159.422 00159.949 00160.485 00160.892 00161.419 00161.923 00162.435 00162.964 00163.506 00163.880 00163.913 00164.487 00164.721 00164.934 00165.117 00165.269 00165.380 00165.486 00165.418 00165.281 00165.128 00164.941 00164.712 00164.474 00163.912 00163.877 00163.422 00162.947 00162.388 00161.852
-9999.0 -9999.0 -9999.0 -9999.0 -9999.0 -9999.0 -9999.0 -9999.0 -9999.0 -9999.0 -9999.0 -9999.0 -9999.0 -9999.0 -9999.0 -9999.0 -9999.0 -9999.0 -9999.0 -9999.0 -9999.0 00152.778 00153.648 00154.383 00154.920 00155.652 00156.215 00156.743 00157.263 00157.668 00158.060 00158.581 00159.045 00159.534 00160.064 00160.568 00160.998 00161.497 00161.971 00162.468 00162.928 00163.355 00163.778 00163.899 00163.922 00164.491 00164.653 00164.792 00164.899 00164.993 00164.934 00164.808 00164.669 00164.490 00163.922 00163.896 00163.774 00163.318 00162.869 00162.417 00161.944 00161.441
-9999.0 -9999.0 -9999.0 -9999.0 -9999.0 -9999.0 -9999.0 -9999.0 -9999.0 -9999.0 -9999.0 -9999.0 -9999.0 -9999.0 -9999.0 -9999.0 -9999.0 -9999.0 -9999.0 -9999.0 -9999.0 00152.407 00153.313 00154.057 00154.706 00155.053 00155.925 00156.463 00156.947 00157.410 00157.744 00158.235 00158.682 00159.142 00159.639 00160.177 00160.638 00161.059 00161.534 00161.990 00162.382 00162.784 00163.171 00163.549 00163.856 00163.896 00163.913 00164.000 00164.433 00164.518 00164.467 00164.165 00163.915 00163.896 00163.866 00163.524 00163.169 00162.758 00162.346 00161.916 00161.516 00161.017
-9999.0 -9999.0 -9999.0 -9999.0 -9999.0 -9999.0 -9999.0 -9999.0 -9999.0 -9999.0 -9999.0 -9999.0 -9999.0 -9999.0 -9999.0 -9999.0 -9999.0 -9999.0 -9999.0 -9999.0 -9999.0 -9999.0 00152.922 00153.718 00154.397 00154.918 00155.593 00156.154 00156.623 00157.081 00157.537 00157.806 00158.341 00158.772 00159.236 00159.739 00160.253 00160.671 00161.086 00161.503 00161.867 00162.238 00162.604 00162.924 00163.212 00163.495 00163.717 00163.876 00163.887 00163.896 00163.891 00163.879 00163.741 00163.497 00163.233 00162.911 00162.579 00162.228 00161.837 00161.448 00161.035 00160.658
-9999.0 -9999.0 -9999.0 -9999.0 -9999.0 -9999.0 -9999.0 -9999.0 -9999.0 -9999.0 -9999.0 -9999.0 -9999.0 -9999.0 -9999.0 -9999.0 -9999.0 -9999.0 -9999.0 -9999.0 -9999.0 -9999.0 00152.490 00153.333 00154.051 00154.678 00155.029 00155.809 00156.296 00156.752 00157.195 00157.608 00157.872 00158.430 00158.865 00159.314 00159.788 00160.288 00160.686 00161.004 00161.381 00161.723 00162.062 00162.339 00162.609 00162.855 00163.062 00163.224 00163.363 00163.477 00163.416 00163.260 00163.079 00162.864 00162.618 00162.334 00162.028 00161.726 00161.352 00160.965 00160.628 00160.262
-9999.0 -9999.0 -9999.0 -9999.0 -9999.0 -9999.0 -9999.0 -9999.0 -9999.0 -9999.0 -9999.0 -9999.0 -9999.0 -9999.0 -9999.0 -9999.0 -9999.0 -9999.0 -9999.0 -9999.0 -9999.0 -9999.0 -9999.0 00152.919 00153.686 00154.352 00154.870 00155.141 00155.950 00156.417 00156.853 00157.287 00157.660 00157.996 00158.507 00158.922 00159.353 00159.810 00160.256 00160.591 00160.869 00161.221 00161.531 00161.789 00162.042 00162.254 00162.447 00162.590 00162.714 00162.816 00162.764 00162.623 00162.460 00162.271 00162.041 00161.792 00161.511 00161.213 00160.856 00160.567 00160.194 00159.758
-9999.0 -9999.0 -9999.0 -9999.0 -9999.0 -9999.0 -9999.0 -9999.0 -9999.0 -9999.0 -9999.0 -9999.0 -9999.0 -9999.0 -9999.0 -9999.0 -9999.0 -9999.0 -9999.0 -9999.0 -9999.0 -9999.0 -9999.0 00152.456 00153.277 00153.944 00154.516 00154.937 00155.514 00156.065 00156.509 00156.942 00157.376 00157.709 00158.086 00158.546 00158.948 00159.367 00159.735 00160.125 00160.481 00160.747 00160.994 00161.258 00161.510 00161.692 00161.868 00161.998 00162.106 00162.199 00162.155 00162.026 00161.880 00161.715 00161.500 00161.270 00160.981 00160.728 00160.478 00160.094 00159.694 00159.296
-9999.0 -9999.0 -9999.0 -9999.0 -9999.0 -9999.0 -9999.0 -9999.0 -9999.0 -9999.0 -9999.0 -9999.0 -9999.0 -9999.0 -9999.0 -9999.0 -9999.0 -9999.0 -9999.0 -9999.0 -9999.0 -9999.0 -9999.0 -9999.0 00152.799 00153.500 00154.122 00154.664 00154.992 00155.697 00156.160 00156.599 00157.027 00157.448 00157.736 00158.129 00158.566 00158.919 00159.253 00159.613 00159.960 00160.318 00160.554 00160.751 00160.953 00161.142 00161.314 00161.444 00161.538 00161.625 00161.589 00161.468 00161.332 00161.167 00160.950 00160.763 00160.549 00160.284 00159.965 00159.592 00159.225 00158.867
-9999.0 -9999.0 -9999.0 -9999.0 -9999.0 -9999.0 -9999.0 -9999.0 -9999.0 -9999.0 -9999.0 -9999.0 -9999.0 -9999.0 -9999.0 -9999.0 -9999.0 -9999.0 -9999.0 -9999.0 -9999.0 -9999.0 -9999.0 -9999.0 00152.261 00153.027 00153.692 00154.274 00154.780 00155.037 00155.793 00156.249 00156.680 00157.083 00157.485 00157.748 00158.142 00158.501 00158.813 00159.131 00159.455 00159.754 00160.033 00160.302 00160.508 00160.651 00160.775 00160.875 00160.967 00161.053 00161.019 00160.899 00160.793 00160.667 00160.512 00160.310 00160.032 00159.733 00159.442 00159.124 00158.785 00158.465
-9999.0 -9999.0 -9999.0 -9999.0 -9999.0 -9999.0 -9999.0 -9999.0 -9999.0 -9999.0 -9999.0 -9999.0 -9999.0 -9999.0 -9999.0 -9999.0 -9999.0 -9999.0 -9999.0 -9999.0 -9999.0 -9999.0 -9999.0 -9999.0 -9999.0 00152.485 00153.208 00153.831 00154.384 00154.868 00155.080 00155.884 00156.315 00156.724 00157.110 00157.502 00157.732 00158.008 00158.401 00158.686 00158.989 00159.237 00159.492 00159.735 00159.948 00160.147 00160.308 00160.441 00160.508 00160.570 00160.548 00160.459 00160.339 00160.165 00159.960 00159.735 00159.499 00159.225 00158.962 00158.688 00158.379 00157.969
-9999.0 -9999.0 -9999.0 -9999.0 -9999.0 -9999.0 -9999.0 -9999.0 -9999.0 -9999.0 -9999.0 -9999.0 -9999.0 -9999.0 -9999.0 -9999.0 -9999.0 -9999.0 -9999.0 -9999.0 -9999.0 -9999.0 -9999.0 -9999.0 -9999.0 -9999.0 00152.671 00153.347 00153.948 00154.487 00154.910 00155.257 00155.938 00156.350 00156.742 00157.117 00157.438 00157.676 00157.850 00158.260 00158.542 00158.761 00158.994 00159.216 00159.399 00159.580 00159.718 00159.839 00159.933 00160.014 00159.987 00159.869 00159.747 00159.592 00159.417 00159.209 00159.008 00158.755 00158.516 00158.259 00157.840 00157.662
-9999.0 -9999.0 -9999.0 -9999.0 -9999.0 -9999.0 -9999.0 -9999.0 -9999.0 -9999.0 -9999.0 -9999.0 -9999.0 -9999.0 -9999.0 -9999.0 -9999.0 -9999.0 -9999.0 -9999.0 -9999.0 -9999.0 -9999.0 -9999.0 -9999.0 -9999.0 -9999.0 00152.822 00153.477 00154.060 00154.583 00154.939 00155.380 00155.964 00156.366 00156.713 00157.028 00157.339 00157.608 00157.772 00158.021 00158.323 00158.533 00158.730 00158.895 00159.060 00159.178 00159.285 00159.372 00159.441 00159.419 00159.317 00159.204 00159.068 00158.918 00158.725 00158.546 00158.320 00157.995 00157.764 00157.605 00157.315
-9999.0 -9999.0 -9999.0 -9999.0 -9999.0 -9999.0 -9999.0 -9999.0 -9999.0 -9999.0 -9999.0 -9999.0 -9999.0 -9999.0 -9999.0 -9999.0 -9999.0 -9999.0 -9999.0 -9999.0 -9999.0 -9999.0 -9999.0 -9999.0 -9999.0 -9999.0 -9999.0 00152.250 00152.968 00153.600 00154.148 00154.635 00154.955 00155.426 00155.971 00156.302 00156.619 00156.923 00157.210 00157.494 00157.663 00157.791 00158.002 00158.269 00158.430 00158.576 00158.683 00158.778 00158.856 00158.917 00158.900 00158.808 00158.706 00158.586 00158.450 00158.271 00158.010 00157.791 00157.657 00157.469 00157.214 00156.906
-9999.0 -9999.0 -9999.0 -9999.0 -9999.0 -9999.0 -9999.0 -9999.0 -9999.0 -9999.0 -9999.0 -9999.0 -9999.0 -9999.0 -9999.0 -9999.0 -9999.0 -9999.0 -9999.0 -9999.0 -9999.0 -9999.0 -9999.0 -9999.0 -9999.0 -9999.0 -9999.0 -9999.0 00152.392 00153.085 00153.678 00154.198 00154.661 00154.961 00155.343 00155.876 00156.203 00156.503 00156.789 00157.060 00157.285 00157.503 00157.653 00157.754 00157.842 00158.035 00158.191 00158.310 00158.380 00158.434 00158.421 00158.338 00158.223 00158.055 00157.859 00157.758 00157.653 00157.512 00157.277 00157.032 00156.785 00156.494
