examples/flatland/Outputs/centerIgnit/b_RAWS/singleWinds/flatland_centerIgnit_3mph0deg7hr_RAWS/flatland_centerIgnit_3mph0deg7hr_RAWS_ArrivalTime.asc
NCOLS 100
NROWS 100
XLLCORNER 20000.000000
YLLCORNER 20000.000000
CELLSIZE 30.000000
NODATA_VALUE -9999.0
[rows 56 to 83 of 100, columns 0 to 61 of 100]
-9999.0 -9999.0 -9999.0 -9999.0 -9999.0 -9999.0 -9999.0 -9999.0 -9999.0 -9999.0 -9999.0 -9999.0 -9999.0 -9999.0 -9999.0 -9999.0 -9999.0 -9999.0 -9999.0 00412.941 00393.881 00375.129 00356.695 00338.801 00321.145 00303.756 00286.578 00269.786 00253.297 00236.951 00220.688 00205.708 00191.964 00178.441 00165.130 00152.261 00139.603 00127.637 00115.866 00104.965 00094.065 00084.802 00075.822 00067.068 00058.340 00049.680 00041.208 00033.321 00027.672 00021.806 00027.843 00034.017 00042.283 00051.480 00061.000 00070.588 00080.199 00090.086 00100.170 00111.509 00123.585 00135.714
-9999.0 -9999.0 -9999.0 -9999.0 -9999.0 -9999.0 -9999.0 -9999.0 -9999.0 -9999.0 -9999.0 -9999.0 -9999.0 -9999.0 -9999.0 -9999.0 -9999.0 -9999.0 -9999.0 00410.212 00391.523 00373.113 00354.950 00337.084 00319.595 00302.517 00285.651 00268.989 00252.429 00236.926 00222.731 00208.777 00195.137 00181.708 00168.795 00156.149 00144.076 00132.220 00121.287 00110.369 00100.701 00091.603 00082.782 00074.017 00065.269 00056.567 00048.269 00041.601 00036.207 00031.100 00036.261 00042.073 00048.885 00057.930 00067.347 00076.945 00086.565 00096.213 00106.252 00116.410 00127.878 00139.951
-9999.0 -9999.0 -9999.0 -9999.0 -9999.0 -9999.0 -9999.0 -9999.0 -9999.0 -9999.0 -9999.0 -9999.0 -9999.0 -9999.0 -9999.0 -9999.0 -9999.0 -9999.0 -9999.0 00408.386 00389.734 00371.444 00353.617 00336.064 00318.769 00301.789 00284.934 00268.886 00254.263 00239.871 00225.740 00211.966 00198.517 00185.485 00172.836 00160.657 00148.711 00137.675 00126.723 00116.668 00107.502 00098.546 00089.752 00080.975 00072.220 00063.754 00055.781 00049.924 00045.109 00040.465 00045.039 00050.169 00056.587 00064.663 00073.715 00083.310 00092.943 00102.596 00112.318 00122.489 00132.718 00144.357
-9999.0 -9999.0 -9999.0 -9999.0 -9999.0 -9999.0 -9999.0 -9999.0 -9999.0 -9999.0 -9999.0 -9999.0 -9999.0 -9999.0 -9999.0 -9999.0 -9999.0 -9999.0 -9999.0 00406.941 00388.626 00370.559 00352.863 00335.462 00318.247 00301.670 00286.609 00271.768 00257.167 00242.941 00229.008 00215.548 00202.348 00189.662 00177.385 00165.359 00154.204 00143.191 00132.714 00123.477 00114.367 00105.540 00096.734 00087.948 00079.317 00071.001 00064.207 00058.321 00054.165 00049.908 00053.982 00058.675 00064.780 00071.453 00080.514 00089.701 00099.326 00108.991 00118.681 00128.541 00138.795 00149.125
-9999.0 -9999.0 -9999.0 -9999.0 -9999.0 -9999.0 -9999.0 -9999.0 -9999.0 -9999.0 -9999.0 -9999.0 -9999.0 -9999.0 -9999.0 -9999.0 -9999.0 -9999.0 -9999.0 00406.053 00387.988 00370.123 00352.459 00335.298 00319.754 00304.477 00289.466 00274.651 00260.351 00246.256 00232.779 00219.424 00206.701 00194.272 00182.146 00170.875 00159.776 00148.879 00139.546 00130.275 00121.380 00112.544 00103.726 00094.939 00086.610 00078.620 00072.653 00067.327 00063.216 00059.407 00062.973 00067.516 00072.985 00079.525 00087.356 00096.375 00105.740 00115.398 00125.096 00134.843 00144.893 00155.261
-9999.0 -9999.0 -9999.0 -9999.0 -9999.0 -9999.0 -9999.0 -9999.0 -9999.0 -9999.0 -9999.0 -9999.0 -9999.0 -9999.0 -9999.0 -9999.0 -9999.0 -9999.0 -9999.0 00405.777 00387.672 00369.900 00353.833 00338.049 00322.523 00307.357 00292.469 00278.025 00263.863 00250.208 00236.713 00223.946 00211.360 00199.097 00187.695 00176.495 00165.445 00155.765 00146.397 00137.299 00128.405 00119.557 00110.742 00102.226 00093.941 00087.089 00081.102 00076.346 00072.479 00068.984 00072.164 00076.370 00081.189 00087.751 00094.342 00103.257 00112.253 00121.827 00131.528 00141.296 00151.141 00161.392
-9999.0 -9999.0 -9999.0 -9999.0 -9999.0 -9999.0 -9999.0 -9999.0 -9999.0 -9999.0 -9999.0 -9999.0 -9999.0 -9999.0 -9999.0 -9999.0 -9999.0 -9999.0 -9999.0 00405.500 00388.935 00372.626 00356.560 00340.891 00325.493 00310.570 00295.928 00281.721 00267.892 00254.248 00241.392 00228.666 00216.274 00204.711 00193.354 00182.227 00172.127 00162.664 00153.362 00144.385 00135.462 00126.592 00117.852 00109.592 00101.587 00095.562 00089.649 00085.376 00081.848 00078.585 00081.462 00085.232 00090.061 00095.978 00102.590 00110.157 00119.164 00128.289 00137.988 00147.788 00157.645 00167.584
-9999.0 -9999.0 -9999.0 -9999.0 -9999.0 -9999.0 -9999.0 -9999.0 -9999.0 -9999.0 -9999.0 -9999.0 -9999.0 -9999.0 -9999.0 -9999.0 -9999.0 -9999.0 -9999.0 00408.214 00391.652 00375.381 00359.534 00343.954 00328.936 00314.082 00299.835 00285.813 00272.096 00259.053 00246.179 00233.651 00221.936 00210.408 00199.159 00188.645 00179.071 00169.577 00160.500 00151.499 00142.543 00133.662 00125.248 00116.974 00110.083 00104.042 00098.705 00094.414 00091.250 00088.205 00090.800 00094.385 00098.949 00104.221 00110.812 00117.537 00126.101 00135.129 00144.516 00154.306 00164.194 00174.145
-9999.0 -9999.0 -9999.0 -9999.0 -9999.0 -9999.0 -9999.0 -9999.0 -9999.0 -9999.0 -9999.0 -9999.0 -9999.0 -9999.0 -9999.0 -9999.0 -9999.0 -9999.0 -9999.0 00410.945 00394.539 00378.483 00362.842 00347.569 00332.565 00318.197 00303.984 00290.203 00276.970 00263.919 00251.223 00239.370 00227.683 00216.312 00205.373 00195.641 00186.045 00176.759 00167.673 00158.638 00149.670 00140.976 00132.670 00124.704 00118.568 00112.538 00107.770 00103.633 00100.590 00097.822 00100.122 00103.606 00107.842 00112.725 00119.059 00125.761 00133.080 00142.111 00151.218 00160.877 00170.763 00180.735
-9999.0 -9999.0 -9999.0 -9999.0 -9999.0 -9999.0 -9999.0 -9999.0 -9999.0 -9999.0 -9999.0 -9999.0 -9999.0 -9999.0 -9999.0 -9999.0 -9999.0 -9999.0 -9999.0 00414.032 00397.701 00381.997 00366.510 00351.422 00336.825 00322.389 00308.551 00295.121 00281.907 00269.048 00257.022 00245.156 00233.662 00222.312 00212.427 00202.681 00193.166 00183.990 00174.880 00165.823 00156.844 00148.452 00140.157 00133.209 00127.072 00121.186 00116.844 00112.991 00110.037 00107.461 00109.532 00112.839 00116.743 00121.637 00127.355 00133.969 00140.854 00149.185 00158.257 00167.487 00177.377 00187.364
-9999.0 -9999.0 -9999.0 -9999.0 -9999.0 -9999.0 -9999.0 -9999.0 -9999.0 -9999.0 -9999.0 -9999.0 -9999.0 -9999.0 -9999.0 -9999.0 -9999.0 -9999.0 -9999.0 00417.395 00401.459 00385.721 00370.575 00355.729 00341.090 00327.158 00313.529 00300.156 00287.122 00274.921 00262.845 00251.210 00239.670 00229.433 00219.520 00209.765 00200.464 00191.252 00182.110 00173.049 00164.385 00156.014 00147.998 00141.721 00135.639 00130.279 00125.928 00122.363 00119.550 00117.123 00119.005 00122.086 00125.749 00130.565 00135.702 00142.268 00149.106 00156.330 00165.379 00174.551 00184.052 00194.029
-9999.0 -9999.0 -9999.0 -9999.0 -9999.0 -9999.0 -9999.0 -9999.0 -9999.0 -9999.0 -9999.0 -9999.0 -9999.0 -9999.0 -9999.0 -9999.0 -9999.0 -9999.0 -9999.0 -9999.0 00405.264 00390.020 00374.968 00360.075 00346.037 00332.198 00318.656 00305.445 00293.059 00280.811 00269.008 00257.318 00246.656 00236.577 00226.702 00217.161 00207.823 00198.561 00189.389 00180.446 00171.954 00163.647 00156.572 00150.276 00144.262 00139.416 00135.043 00131.756 00129.114 00126.809 00128.527 00131.374 00135.042 00139.535 00144.495 00150.683 00157.386 00164.405 00172.603 00181.670 00190.979 00200.773
-9999.0 -9999.0 -9999.0 -9999.0 -9999.0 -9999.0 -9999.0 -9999.0 -9999.0 -9999.0 -9999.0 -9999.0 -9999.0 -9999.0 -9999.0 -9999.0 -9999.0 -9999.0 -9999.0 -9999.0 00409.763 00394.467 00379.470 00365.237 00351.176 00337.429 00324.014 00311.458 00299.038 00287.049 00275.207 00264.108 00253.867 00243.828 00234.050 00224.595 00215.224 00205.925 00196.726 00188.075 00179.660 00171.568 00165.170 00158.965 00153.022 00148.600 00144.343 00141.197 00138.750 00136.536 00138.117 00140.881 00144.380 00148.550 00153.535 00159.148 00165.755 00172.742 00179.875 00188.968 00198.177 00207.612
-9999.0 -9999.0 -9999.0 -9999.0 -9999.0 -9999.0 -9999.0 -9999.0 -9999.0 -9999.0 -9999.0 -9999.0 -9999.0 -9999.0 -9999.0 -9999.0 -9999.0 -9999.0 -9999.0 -9999.0 00414.312 00399.172 00384.709 00370.457 00356.484 00342.868 00330.126 00317.517 00305.331 00293.330 00281.806 00271.399 00261.157 00251.128 00241.563 00232.075 00222.658 00213.348 00204.384 00195.793 00187.424 00180.227 00173.794 00167.711 00162.272 00157.829 00153.851 00150.682 00148.382 00146.300 00147.720 00150.436 00153.761 00157.608 00162.617 00167.668 00174.290 00181.101 00188.239 00196.341 00205.499 00214.896
-9999.0 -9999.0 -9999.0 -9999.0 -9999.0 -9999.0 -9999.0 -9999.0 -9999.0 -9999.0 -9999.0 -9999.0 -9999.0 -9999.0 -9999.0 -9999.0 -9999.0 -9999.0 -9999.0 -9999.0 00419.194 00404.492 00390.037 00375.874 00362.036 00349.076 00336.265 00323.853 00311.706 00299.758 00289.200 00278.747 00268.567 00258.743 00249.124 00239.598 00230.159 00220.882 00212.142 00203.656 00195.444 00188.915 00182.566 00176.498 00171.564 00167.100 00163.404 00160.277 00158.058 00156.114 00157.399 00160.036 00163.185 00166.957 00171.737 00176.790 00182.867 00189.517 00196.680 00203.927 00212.971 00222.210
-9999.0 -9999.0 -9999.0 -9999.0 -9999.0 -9999.0 -9999.0 -9999.0 -9999.0 -9999.0 -9999.0 -9999.0 -9999.0 -9999.0 -9999.0 -9999.0 -9999.0 -9999.0 -9999.0 -9999.0 -9999.0 00409.924 00395.526 00381.495 00368.336 00355.294 00342.662 00330.336 00318.168 00307.235 00296.614 00286.251 00276.168 00266.406 00256.747 00247.174 00237.717 00228.737 00220.046 00211.579 00204.228 00197.652 00191.417 00185.423 00180.889 00176.419 00173.000 00170.018 00167.825 00165.982 00167.150 00169.681 00172.652 00176.444 00180.901 00185.975 00191.486 00198.184 00205.162 00212.457 00220.496 00229.765
-9999.0 -9999.0 -9999.0 -9999.0 -9999.0 -9999.0 -9999.0 -9999.0 -9999.0 -9999.0 -9999.0 -9999.0 -9999.0 -9999.0 -9999.0 -9999.0 -9999.0 -9999.0 -9999.0 -9999.0 -9999.0 00415.520 00401.269 00387.883 00374.662 00361.781 00349.241 00336.916 00325.516 00314.742 00304.175 00293.816 00283.922 00274.126 00264.410 00254.821 00245.526 00236.631 00228.079 00219.722 00213.058 00206.491 00200.334 00194.831 00190.260 00185.874 00182.641 00179.806 00177.667 00175.903 00176.967 00179.373 00182.221 00185.978 00190.115 00195.197 00200.381 00206.911 00213.685 00221.026 00228.445 00237.387
-9999.0 -9999.0 -9999.0 -9999.0 -9999.0 -9999.0 -9999.0 -9999.0 -9999.0 -9999.0 -9999.0 -9999.0 -9999.0 -9999.0 -9999.0 -9999.0 -9999.0 -9999.0 -9999.0 -9999.0 -9999.0 -9999.0 00407.732 00394.293 00381.189 00368.448 00355.931 00344.066 00333.121 00322.325 00311.812 00301.687 00291.737 00281.888 00272.147 00262.516 00253.508 00244.740 00236.167 00228.651 00221.933 00215.512 00209.321 00204.294 00199.715 00195.591 00192.331 00189.642 00187.577 00185.878 00186.850 00189.124 00191.983 00195.568 00199.415 00204.500 00209.706 00215.697 00222.495 00229.640 00237.099 00245.053
-9999.0 -9999.0 -9999.0 -9999.0 -9999.0 -9999.0 -9999.0 -9999.0 -9999.0 -9999.0 -9999.0 -9999.0 -9999.0 -9999.0 -9999.0 -9999.0 -9999.0 -9999.0 -9999.0 -9999.0 -9999.0 -9999.0 00414.268 00400.903 00387.957 00375.275 00362.940 00351.803 00340.788 00330.092 00319.682 00309.590 00299.613 00289.719 00279.954 00270.609 00261.575 00252.915 00244.441 00237.624 00230.854 00224.594 00218.515 00213.811 00209.246 00205.380 00202.094 00199.551 00197.565 00195.918 00196.806 00199.036 00201.817 00205.228 00209.104 00213.886 00219.084 00224.539 00231.372 00238.306 00245.774 00253.395
-9999.0 -9999.0 -9999.0 -9999.0 -9999.0 -9999.0 -9999.0 -9999.0 -9999.0 -9999.0 -9999.0 -9999.0 -9999.0 -9999.0 -9999.0 -9999.0 -9999.0 -9999.0 -9999.0 -9999.0 -9999.0 -9999.0 -9999.0 00407.766 00394.867 00382.143 00370.778 00359.575 00348.643 00337.947 00327.704 00317.573 00307.536 00297.627 00287.952 00278.759 00269.872 00261.147 00253.506 00246.640 00240.005 00233.736 00228.133 00223.392 00218.848 00215.238 00211.928 00209.533 00207.638 00206.035 00206.845 00209.038 00211.722 00214.956 00218.861 00223.341 00228.511 00233.887 00240.311 00247.216 00254.537 00262.161
-9999.0 -9999.0 -9999.0 -9999.0 -9999.0 -9999.0 -9999.0 -9999.0 -9999.0 -9999.0 -9999.0 -9999.0 -9999.0 -9999.0 -9999.0 -9999.0 -9999.0 -9999.0 -9999.0 -9999.0 -9999.0 -9999.0 -9999.0 00414.798 00401.870 00390.048 00378.673 00367.492 00356.563 00346.078 00335.785 00325.602 00315.535 00305.589 00296.199 00287.053 00278.230 00269.635 00262.610 00255.714 00249.243 00242.940 00237.805 00233.081 00228.520 00225.165 00221.928 00219.587 00217.792 00216.228 00216.964 00219.124 00221.696 00224.750 00228.684 00232.864 00238.030 00243.411 00249.306 00256.259 00263.363 00270.967
-9999.0 -9999.0 -9999.0 -9999.0 -9999.0 -9999.0 -9999.0 -9999.0 -9999.0 -9999.0 -9999.0 -9999.0 -9999.0 -9999.0 -9999.0 -9999.0 -9999.0 -9999.0 -9999.0 -9999.0 -9999.0 -9999.0 -9999.0 -9999.0 00409.623 00398.043 00386.615 00375.545 00364.761 00354.268 00343.925 00333.683 00323.597 00313.875 00304.507 00295.508 00286.645 00278.853 00271.784 00264.936 00258.556 00252.394 00247.530 00242.844 00238.518 00235.159 00232.069 00229.708 00227.998 00226.484 00227.142 00229.269 00231.737 00234.712 00238.571 00242.549 00247.647 00252.984 00258.491 00265.369 00272.390 00279.911
-9999.0 -9999.0 -9999.0 -9999.0 -9999.0 -9999.0 -9999.0 -9999.0 -9999.0 -9999.0 -9999.0 -9999.0 -9999.0 -9999.0 -9999.0 -9999.0 -9999.0 -9999.0 -9999.0 -9999.0 -9999.0 -9999.0 -9999.0 -9999.0 00417.726 00406.090 00394.777 00383.701 00373.072 00362.559 00352.138 00341.877 00331.790 00322.279 00313.016 00304.044 00295.314 00288.112 00281.044 00274.361 00267.942 00262.232 00257.322 00252.673 00248.602 00245.221 00242.282 00239.897 00238.264 00236.806 00237.393 00239.479 00241.849 00244.846 00248.522 00252.528 00257.341 00262.625 00268.183 00274.555 00281.610 00288.920
-9999.0 -9999.0 -9999.0 -9999.0 -9999.0 -9999.0 -9999.0 -9999.0 -9999.0 -9999.0 -9999.0 -9999.0 -9999.0 -9999.0 -9999.0 -9999.0 -9999.0 -9999.0 -9999.0 -9999.0 -9999.0 -9999.0 -9999.0 -9999.0 -9999.0 00414.345 00403.019 00392.146 00381.457 00370.886 00360.437 00350.128 00340.331 00330.765 00321.634 00312.646 00304.689 00297.439 00290.371 00283.852 00277.405 00272.140 00267.235 00262.586 00258.766 00255.355 00252.560 00250.187 00248.600 00247.204 00247.723 00249.755 00252.024 00255.050 00258.553 00262.590 00267.114 00272.377 00277.941 00283.818 00290.899 00298.073
-9999.0 -9999.0 -9999.0 -9999.0 -9999.0 -9999.0 -9999.0 -9999.0 -9999.0 -9999.0 -9999.0 -9999.0 -9999.0 -9999.0 -9999.0 -9999.0 -9999.0 -9999.0 -9999.0 -9999.0 -9999.0 -9999.0 -9999.0 -9999.0 -9999.0 -9999.0 00411.526 00400.648 00389.918 00379.285 00368.822 00358.644 00348.926 00339.518 00330.370 00321.477 00314.107 00306.882 00299.960 00293.420 00287.153 00282.114 00277.260 00272.576 00269.011 00265.575 00262.925 00260.626 00259.020 00257.685 00258.144 00260.118 00262.354 00265.338 00268.666 00272.728 00276.962 00282.259 00287.767 00293.432 00300.282 00307.475
-9999.0 -9999.0 -9999.0 -9999.0 -9999.0 -9999.0 -9999.0 -9999.0 -9999.0 -9999.0 -9999.0 -9999.0 -9999.0 -9999.0 -9999.0 -9999.0 -9999.0 -9999.0 -9999.0 -9999.0 -9999.0 -9999.0 -9999.0 -9999.0 -9999.0 -9999.0 -9999.0 00409.235 00398.430 00387.788 00377.258 00367.384 00357.652 00348.328 00339.192 00331.029 00323.587 00316.388 00309.634 00303.091 00297.241 00292.164 00287.363 00282.831 00279.334 00275.882 00273.374 00271.152 00269.550 00268.259 00268.660 00270.572 00272.825 00275.708 00278.863 00282.941 00287.092 00292.221 00297.661 00303.387 00309.740 00316.938
-9999.0 -9999.0 -9999.0 -9999.0 -9999.0 -9999.0 -9999.0 -9999.0 -9999.0 -9999.0 -9999.0 -9999.0 -9999.0 -9999.0 -9999.0 -9999.0 -9999.0 -9999.0 -9999.0 -9999.0 -9999.0 -9999.0 -9999.0 -9999.0 -9999.0 -9999.0 -9999.0 00417.882 00407.029 00396.342 00386.105 00376.170 00366.615 00357.278 00348.209 00340.645 00333.216 00326.068 00319.386 00312.823 00307.409 00302.302 00297.543 00293.263 00289.743 00286.380 00283.906 00281.763 00280.178 00278.921 00279.267 00281.152 00283.379 00286.160 00289.265 00293.241 00297.418 00302.269 00307.666 00313.394 00319.282 00326.508
-9999.0 -9999.0 -9999.0 -9999.0 -9999.0 -9999.0 -9999.0 -9999.0 -9999.0 -9999.0 -9999.0 -9999.0 -9999.0 -9999.0 -9999.0 -9999.0 -9999.0 -9999.0 -9999.0 -9999.0 -9999.0 -9999.0 -9999.0 -9999.0 -9999.0 -9999.0 -9999.0 -9999.0 00415.742 00405.106 00395.009 00385.156 00375.641 00366.336 00357.953 00350.328 00342.932 00335.942 00329.253 00322.823 00317.648 00312.591 00307.808 00303.789 00300.237 00297.015 00294.521 00292.458 00290.898 00289.670 00289.963 00291.824 00294.015 00296.693 00299.822 00303.641 00307.823 00312.378 00317.820 00323.478 00329.333 00336.176
