examples/flatland/Outputs/centerIgnit/c_atmRAWS/singleWinds/flatland_centerIgnit_3mph60deg7hr_atmRAWS/flatland_centerIgnit_3mph60deg7hr_atmRAWS_ReactionIntensity.asc
NCOLS 100
NROWS 100
XLLCORNER 20000.000000
YLLCORNER 20000.000000
CELLSIZE 30.000000
NODATA_VALUE -9999.0
[rows 27 to 53 of 100, columns 0 to 61 of 100]
-9999.0 -9999.0 -9999.0 -9999.0 -9999.0 -9999.0 -9999.0 -9999.0 -9999.0 -9999.0 -9999.0 -9999.0 -9999.0 -9999.0 -9999.0 -9999.0 -9999.0 -9999.0 -9999.0 -9999.0 -9999.0 -9999.0 -9999.0 -9999.0 -9999.0 00152.580 00153.144 00153.658 00154.099 00154.510 00154.871 00155.008 00155.503 00155.893 00156.173 00156.419 00156.660 00156.857 00157.043 00157.204 00157.352 00157.400 00157.350 00157.282 00157.182 00157.024 00156.849 00156.612 00156.358 00156.029 00155.651 00154.989 00154.733 00154.143 00153.448 00152.632 -9999.0 -9999.0 -9999.0 -9999.0 -9999.0 -9999.0
-9999.0 -9999.0 -9999.0 -9999.0 -9999.0 -9999.0 -9999.0 -9999.0 -9999.0 -9999.0 -9999.0 -9999.0 -9999.0 -9999.0 -9999.0 -9999.0 -9999.0 -9999.0 -9999.0 -9999.0 -9999.0 -9999.0 -9999.0 00152.321 00152.980 00153.564 00154.040 00154.475 00154.866 00155.026 00155.682 00156.042 00156.344 00156.635 00156.918 00157.178 00157.422 00157.619 00157.729 00157.826 00158.037 00158.234 00158.163 00158.078 00157.940 00157.794 00157.701 00157.561 00157.310 00156.986 00156.634 00156.241 00155.817 00155.002 00154.613 00153.943 00153.127 00151.542 -9999.0 -9999.0 -9999.0 -9999.0
-9999.0 -9999.0 -9999.0 -9999.0 -9999.0 -9999.0 -9999.0 -9999.0 -9999.0 -9999.0 -9999.0 -9999.0 -9999.0 -9999.0 -9999.0 -9999.0 -9999.0 -9999.0 -9999.0 -9999.0 -9999.0 -9999.0 00152.604 00153.244 00153.814 00154.325 00154.784 00155.003 00155.645 00156.022 00156.379 00156.717 00157.051 00157.351 00157.611 00157.770 00158.032 00158.354 00158.574 00158.769 00158.950 00159.123 00159.146 00159.090 00158.992 00158.843 00158.677 00158.440 00158.151 00157.776 00157.575 00157.185 00156.758 00156.239 00155.680 00154.917 00154.326 00153.525 00152.523 -9999.0 -9999.0 -9999.0
-9999.0 -9999.0 -9999.0 -9999.0 -9999.0 -9999.0 -9999.0 -9999.0 -9999.0 -9999.0 -9999.0 -9999.0 -9999.0 -9999.0 -9999.0 -9999.0 -9999.0 -9999.0 -9999.0 -9999.0 -9999.0 00152.819 00153.463 00154.027 00154.525 00154.911 00155.202 00155.913 00156.325 00156.679 00157.029 00157.380 00157.655 00157.844 00158.286 00158.572 00158.862 00159.135 00159.407 00159.657 00159.887 00160.102 00160.264 00160.187 00160.079 00159.916 00159.722 00159.448 00159.168 00158.811 00158.448 00157.957 00157.630 00157.149 00156.618 00156.024 00155.052 00154.640 00153.746 00152.627 -9999.0 -9999.0
-9999.0 -9999.0 -9999.0 -9999.0 -9999.0 -9999.0 -9999.0 -9999.0 -9999.0 -9999.0 -9999.0 -9999.0 -9999.0 -9999.0 -9999.0 -9999.0 -9999.0 -9999.0 -9999.0 00152.248 00152.973 00153.614 00154.174 00154.680 00154.984 00155.665 00156.098 00156.510 00156.908 00157.307 00157.632 00157.827 00158.308 00158.644 00158.997 00159.332 00159.668 00160.021 00160.343 00160.589 00160.772 00160.968 00161.182 00161.186 00161.085 00160.943 00160.778 00160.573 00160.318 00159.884 00159.449 00159.018 00158.515 00157.853 00157.506 00156.919 00156.313 00155.564 00154.731 00153.813 00152.670 -9999.0
-9999.0 -9999.0 -9999.0 -9999.0 -9999.0 -9999.0 -9999.0 -9999.0 -9999.0 -9999.0 -9999.0 -9999.0 -9999.0 -9999.0 -9999.0 -9999.0 -9999.0 -9999.0 00152.346 00153.070 00153.712 00154.280 00154.787 00155.033 00155.793 00156.242 00156.672 00157.075 00157.483 00157.748 00158.183 00158.601 00158.965 00159.347 00159.747 00160.175 00160.533 00160.792 00161.123 00161.428 00161.712 00161.941 00162.175 00162.329 00162.213 00162.087 00161.891 00161.633 00161.343 00160.917 00160.568 00160.130 00159.492 00158.906 00158.324 00157.702 00157.194 00156.448 00155.664 00154.767 00153.818 00152.631
-9999.0 -9999.0 -9999.0 -9999.0 -9999.0 -9999.0 -9999.0 -9999.0 -9999.0 -9999.0 -9999.0 -9999.0 -9999.0 -9999.0 -9999.0 -9999.0 -9999.0 00152.278 00153.060 00153.747 00154.354 00154.859 00155.065 00155.882 00156.337 00156.776 00157.200 00157.605 00157.839 00158.385 00158.787 00159.217 00159.684 00160.133 00160.537 00160.848 00161.266 00161.648 00161.986 00162.348 00162.665 00162.976 00163.245 00163.533 00163.470 00163.333 00163.115 00162.829 00162.502 00162.067 00161.620 00161.115 00160.569 00159.931 00159.239 00158.612 00157.807 00157.240 00156.487 00155.675 00154.745 00153.743
-9999.0 -9999.0 -9999.0 -9999.0 -9999.0 -9999.0 -9999.0 -9999.0 -9999.0 -9999.0 -9999.0 -9999.0 -9999.0 -9999.0 -9999.0 -9999.0 00151.827 00152.966 00153.666 00154.284 00154.835 00155.071 00155.935 00156.410 00156.850 00157.285 00157.658 00157.996 00158.512 00158.949 00159.409 00159.887 00160.405 00160.778 00161.222 00161.643 00162.059 00162.486 00162.920 00163.313 00163.726 00163.887 00163.908 00164.410 00164.509 00164.402 00163.912 00163.893 00163.825 00163.320 00162.807 00162.221 00161.581 00160.889 00160.319 00159.537 00158.710 00157.830 00157.256 00156.473 00155.589 00154.650
-9999.0 -9999.0 -9999.0 -9999.0 -9999.0 -9999.0 -9999.0 -9999.0 -9999.0 -9999.0 -9999.0 -9999.0 -9999.0 -9999.0 -9999.0 -9999.0 00152.830 00153.553 00154.191 00154.758 00155.042 00155.869 00156.365 00156.843 00157.320 00157.698 00158.107 00158.597 00159.052 00159.540 00160.060 00160.555 00160.952 00161.452 00161.927 00162.436 00162.906 00163.388 00163.874 00163.905 00164.462 00164.741 00164.984 00165.213 00165.436 00165.349 00165.205 00165.004 00164.758 00164.406 00163.892 00163.444 00162.712 00161.964 00161.269 00160.498 00159.583 00158.730 00157.826 00157.207 00156.389 00155.318
-9999.0 -9999.0 -9999.0 -9999.0 -9999.0 -9999.0 -9999.0 -9999.0 -9999.0 -9999.0 -9999.0 -9999.0 -9999.0 -9999.0 -9999.0 00152.642 00153.398 00154.063 00154.652 00155.002 00155.785 00156.290 00156.774 00157.254 00157.664 00158.075 00158.617 00159.119 00159.632 00160.174 00160.643 00161.098 00161.616 00162.131 00162.651 00163.197 00163.782 00163.903 00164.505 00164.840 00165.185 00165.484 00165.780 00166.045 00166.298 00166.386 00166.216 00166.011 00165.746 00165.359 00164.981 00164.455 00163.880 00163.126 00162.263 00161.344 00160.520 00159.583 00158.687 00157.780 00157.119 00156.299
-9999.0 -9999.0 -9999.0 -9999.0 -9999.0 -9999.0 -9999.0 -9999.0 -9999.0 -9999.0 -9999.0 -9999.0 -9999.0 -9999.0 00152.414 00153.212 00153.911 00154.522 00154.949 00155.668 00156.187 00156.680 00157.166 00157.619 00157.963 00158.544 00159.042 00159.585 00160.178 00160.687 00161.201 00161.724 00162.257 00162.817 00163.407 00163.883 00164.180 00164.750 00165.163 00165.523 00165.888 00166.266 00166.590 00166.903 00166.927 00167.001 00166.936 00166.918 00166.810 00166.388 00165.947 00165.372 00164.792 00163.908 00163.315 00162.290 00161.351 00160.484 00159.488 00158.601 00157.730 00157.028
-9999.0 -9999.0 -9999.0 -9999.0 -9999.0 -9999.0 -9999.0 -9999.0 -9999.0 -9999.0 -9999.0 -9999.0 -9999.0 00151.609 00152.974 00153.702 00154.342 00154.881 00155.310 00156.056 00156.564 00157.053 00157.543 00157.829 00158.449 00158.947 00159.489 00160.075 00160.615 00161.120 00161.705 00162.293 00162.927 00163.549 00163.893 00164.476 00164.899 00165.327 00165.760 00166.207 00166.625 00166.912 00166.944 00167.206 00167.322 00167.438 00167.455 00167.364 00167.262 00166.985 00166.909 00166.350 00165.720 00165.009 00163.910 00163.322 00162.247 00161.256 00160.395 00159.382 00158.511 00157.672
-9999.0 -9999.0 -9999.0 -9999.0 -9999.0 -9999.0 -9999.0 -9999.0 -9999.0 -9999.0 -9999.0 -9999.0 -9999.0 00152.690 00153.457 00154.131 00154.726 00155.037 00155.883 00156.401 00156.900 00157.398 00157.755 00158.325 00158.824 00159.357 00159.939 00160.526 00161.007 00161.603 00162.189 00162.814 00163.484 00163.894 00164.541 00165.005 00165.448 00165.904 00166.373 00166.848 00166.937 00167.217 00167.359 00167.505 00167.632 00167.755 00167.884 00167.771 00167.664 00167.507 00167.305 00166.942 00166.693 00165.820 00165.008 00163.908 00163.218 00162.136 00161.144 00160.278 00159.260 00158.379
-9999.0 -9999.0 -9999.0 -9999.0 -9999.0 -9999.0 -9999.0 -9999.0 -9999.0 -9999.0 -9999.0 -9999.0 00152.399 00153.203 00153.907 00154.528 00154.957 00155.699 00156.229 00156.733 00157.230 00157.663 00158.107 00158.658 00159.184 00159.760 00160.395 00160.855 00161.471 00162.053 00162.677 00163.347 00163.885 00164.453 00164.933 00165.434 00165.955 00166.499 00166.910 00166.983 00167.285 00167.459 00167.634 00167.787 00167.935 00168.076 00168.339 00168.308 00168.076 00167.916 00167.690 00167.455 00167.146 00166.686 00165.795 00164.939 00163.900 00163.095 00162.022 00161.013 00160.107 00159.093
-9999.0 -9999.0 -9999.0 -9999.0 -9999.0 -9999.0 -9999.0 -9999.0 -9999.0 -9999.0 -9999.0 -9999.0 00152.918 00153.666 00154.322 00154.874 00155.276 00156.047 00156.559 00157.057 00157.560 00157.853 00158.488 00159.002 00159.564 00160.181 00160.707 00161.272 00161.865 00162.488 00163.157 00163.874 00164.129 00164.825 00165.324 00165.843 00166.382 00166.906 00167.025 00167.323 00167.514 00167.695 00167.875 00168.055 00168.369 00168.863 00169.682 00170.325 00169.492 00168.704 00168.085 00167.807 00167.470 00167.111 00166.612 00165.702 00164.847 00163.891 00162.955 00161.859 00160.832 00159.877
-9999.0 -9999.0 -9999.0 -9999.0 -9999.0 -9999.0 -9999.0 -9999.0 -9999.0 -9999.0 -9999.0 00152.568 00153.363 00154.055 00154.666 00155.016 00155.840 00156.369 00156.876 00157.382 00157.748 00158.315 00158.816 00159.361 00159.960 00160.552 00161.057 00161.664 00162.275 00162.931 00163.635 00163.905 00164.676 00165.180 00165.705 00166.251 00166.816 00166.941 00167.276 00167.483 00167.691 00167.904 00168.119 00168.624 00169.444 00170.310 00171.068 00171.894 00171.562 00170.587 00169.461 00168.142 00167.795 00167.444 00166.949 00166.510 00165.607 00164.745 00163.879 00162.752 00161.617 00160.557
-9999.0 -9999.0 -9999.0 -9999.0 -9999.0 -9999.0 -9999.0 -9999.0 -9999.0 -9999.0 00152.051 00153.031 00153.765 00154.410 00154.913 00155.560 00156.152 00156.666 00157.171 00157.634 00158.038 00158.619 00159.151 00159.733 00160.374 00160.845 00161.459 00162.057 00162.698 00163.387 00163.889 00164.506 00165.005 00165.525 00166.065 00166.627 00166.927 00167.217 00167.427 00167.640 00167.854 00168.068 00168.566 00169.543 00170.562 00171.461 00172.333 00173.241 00173.823 00172.492 00171.074 00169.404 00168.114 00167.756 00167.406 00166.939 00166.392 00165.468 00164.600 00163.613 00162.310 00161.143
-9999.0 -9999.0 -9999.0 -9999.0 -9999.0 -9999.0 -9999.0 -9999.0 -9999.0 -9999.0 00152.627 00153.426 00154.125 00154.737 00155.046 00155.912 00156.439 00156.948 00157.457 00157.793 00158.405 00158.922 00159.485 00160.106 00160.660 00161.214 00161.819 00162.449 00163.126 00163.852 00164.031 00164.828 00165.341 00165.875 00166.430 00166.911 00167.145 00167.354 00167.566 00167.781 00167.998 00168.345 00169.206 00170.283 00171.300 00172.350 00173.373 00174.380 -9999.0 -9999.000 00172.642 00170.915 00169.193 00168.074 00167.717 00167.364 00166.927 00166.223 00165.188 00163.909 00163.038 00161.795
-9999.0 -9999.0 -9999.0 -9999.0 -9999.0 -9999.0 -9999.0 -9999.0 -9999.0 00151.453 00152.986 00153.736 00154.394 00154.911 00155.563 00156.161 00156.684 00157.199 00157.655 00158.110 00158.678 00159.226 00159.819 00160.461 00160.943 00161.568 00162.182 00162.843 00163.552 00163.900 00164.631 00165.142 00165.673 00166.226 00166.801 00166.941 00167.282 00167.493 00167.707 00167.923 00168.142 00168.824 00169.940 00170.938 00171.978 00173.025 00174.031 -9999.000 -9999.0 -9999.0 -9999.000 00172.449 00170.729 00168.983 00168.033 00167.667 00167.285 00166.850 00165.769 00164.767 00163.772 00162.368
-9999.0 -9999.0 -9999.0 -9999.0 -9999.0 -9999.0 -9999.0 -9999.0 -9999.0 00152.478 00153.295 00154.009 00154.637 00155.009 00155.836 00156.376 00156.893 00157.410 00157.772 00158.374 00158.898 00159.470 00160.100 00160.665 00161.235 00161.852 00162.498 00163.193 00163.879 00164.411 00164.926 00165.450 00165.996 00166.564 00166.923 00167.200 00167.413 00167.628 00167.846 00168.066 00168.573 00169.571 00170.590 00171.613 00172.682 00173.677 -9999.000 -9999.0 -9999.0 -9999.0 -9999.0 -9999.000 00172.257 00170.546 00168.779 00167.933 00167.517 00166.998 00166.325 00165.224 00163.907 00162.931
-9999.0 -9999.0 -9999.0 -9999.0 -9999.0 -9999.0 -9999.0 -9999.0 -9999.0 00152.795 00153.575 00154.258 00154.858 00155.219 00156.046 00156.575 00157.089 00157.595 00157.954 00158.575 00159.115 00159.707 00160.361 00160.849 00161.485 00162.107 00162.776 00163.494 00163.897 00164.614 00165.135 00165.679 00166.244 00166.832 00166.945 00167.308 00167.526 00167.748 00167.974 00168.287 00169.129 00170.233 00171.254 00172.319 00173.343 00174.352 -9999.0 -9999.0 -9999.0 -9999.0 -9999.0 -9999.0 -9999.000 00172.028 00170.025 00168.196 00167.728 00167.294 00166.811 00165.660 00164.583 00163.430
-9999.0 -9999.0 -9999.0 -9999.0 -9999.0 -9999.0 -9999.0 -9999.0 00152.242 00153.092 00153.831 00154.481 00154.947 00155.694 00156.242 00156.764 00157.281 00157.701 00158.233 00158.762 00159.323 00159.940 00160.554 00161.084 00161.711 00162.348 00163.034 00163.771 00163.915 00164.804 00165.334 00165.888 00166.465 00166.916 00167.173 00167.391 00167.611 00167.834 00168.061 00168.581 00169.621 00170.668 00171.739 00172.874 00173.953 -9999.000 -9999.0 -9999.0 -9999.0 -9999.0 -9999.0 -9999.0 -9999.000 00173.266 00171.100 00168.849 00167.911 00167.460 00166.928 00166.023 00164.904 00163.871
-9999.0 -9999.0 -9999.0 -9999.0 -9999.0 -9999.0 -9999.0 -9999.0 00152.486 00153.305 00154.019 00154.648 00155.014 00155.850 00156.390 00156.909 00157.428 00157.782 00158.394 00158.920 00159.495 00160.130 00160.687 00161.266 00161.882 00162.530 00163.232 00163.881 00164.437 00164.952 00165.490 00166.049 00166.632 00166.929 00167.235 00167.453 00167.674 00167.897 00168.124 00168.798 00169.963 00171.049 00172.189 00173.297 00174.177 -9999.000 -9999.0 -9999.0 -9999.0 -9999.0 -9999.0 -9999.0 -9999.0 00173.570 00171.559 00169.517 00168.048 00167.597 00167.156 00166.379 00165.210 00163.900
-9999.0 -9999.0 -9999.0 -9999.0 -9999.0 -9999.0 -9999.0 -9999.0 00152.707 00153.498 00154.189 00154.798 00155.075 00155.988 00156.520 00157.036 00157.555 00157.872 00158.520 00159.056 00159.643 00160.291 00160.800 00161.420 00162.037 00162.702 00163.416 00163.893 00164.563 00165.079 00165.616 00166.176 00166.757 00166.939 00167.278 00167.496 00167.717 00167.944 00168.210 00169.075 00170.102 00170.976 00171.879 00172.795 00173.620 00174.400 -9999.000 -9999.0 -9999.0 -9999.0 -9999.0 -9999.0 -9999.000 00172.800 00170.879 00168.862 00167.946 00167.518 00166.946 00166.265 00165.163 00163.900
-9999.0 -9999.0 -9999.0 -9999.0 -9999.0 -9999.0 -9999.0 -9999.0 00152.907 00153.674 00154.341 00154.890 00155.430 00156.117 00156.643 00157.157 00157.631 00158.042 00158.630 00159.170 00159.764 00160.418 00160.896 00161.530 00162.150 00162.817 00163.534 00163.900 00164.635 00165.153 00165.692 00166.256 00166.840 00166.946 00167.310 00167.530 00167.738 00167.934 00168.133 00168.724 00169.672 00170.536 00171.416 00172.268 00173.044 00173.787 00161.517 -9999.0 -9999.0 -9999.0 -9999.0 -9999.000 00173.381 00171.856 00170.221 00168.445 00167.843 00167.432 00166.931 00166.109 00165.046 00163.891
-9999.0 -9999.0 -9999.0 -9999.0 -9999.0 -9999.0 -9999.0 00152.217 00153.063 00153.801 00154.449 00154.932 00155.656 00156.202 00156.721 00157.233 00157.672 00158.152 00158.703 00159.250 00159.853 00160.490 00160.990 00161.613 00162.232 00162.902 00163.619 00163.905 00164.688 00165.207 00165.749 00166.319 00166.874 00166.944 00167.280 00167.475 00167.666 00167.861 00168.056 00168.437 00169.179 00170.105 00170.858 00171.627 00172.428 00173.191 00173.945 -9999.000 -9999.0 -9999.0 -9999.0 00173.883 00172.393 00170.853 00169.298 00168.100 00167.709 00167.328 00166.909 00165.899 00164.879 00163.878
-9999.0 -9999.0 -9999.0 -9999.0 -9999.0 -9999.0 -9999.0 00152.345 00153.175 00153.899 00154.536 00154.967 00155.736 00156.278 00156.795 00157.305 00157.710 00158.244 00158.761 00159.312 00159.918 00160.531 00161.041 00161.665 00162.289 00162.956 00163.680 00163.909 00164.716 00165.195 00165.688 00166.192 00166.717 00166.931 00167.215 00167.403 00167.593 00167.779 00167.963 00168.150 00168.693 00169.479 00170.264 00171.016 00171.790 00172.595 00173.344 00174.104 -9999.000 -9999.0 -9999.000 00172.910 00171.364 00169.885 00168.441 00167.914 00167.564 00167.187 00166.669 00165.637 00164.652 00163.662
