examples/flatland/Outputs/centerIgnit/c_atmRAWS/singleWinds/flatland_centerIgnit_3mph60deg7hr_atmRAWS/flatland_centerIgnit_3mph60deg7hr_atmRAWS_ReactionIntensity.asc
NCOLS 100
NROWS 100
XLLCORNER 20000.000000
YLLCORNER 20000.000000
CELLSIZE 30.000000
NODATA_VALUE -9999.0
[rows 54 to 80 of 100, columns 0 to 61 of 100]
-9999.0 -9999.0 -9999.0 -9999.0 -9999.0 -9999.0 -9999.0 00152.463 00153.273 00153.980 00154.603 00154.992 00155.790 00156.325 00156.837 00157.347 00157.733 00158.295 00158.801 00159.353 00159.960 00160.559 00161.081 00161.703 00162.310 00162.935 00163.601 00163.900 00164.595 00165.059 00165.540 00166.041 00166.548 00166.916 00167.141 00167.324 00167.504 00167.687 00167.862 00168.028 00168.262 00168.812 00169.659 00170.416 00171.174 00171.956 00172.754 00173.501 00174.181 -9999.000 00173.397 00171.892 00170.377 00168.803 00168.033 00167.710 00167.385 00166.935 00166.282 00165.315 00164.409 00163.307
-9999.0 -9999.0 -9999.0 -9999.0 -9999.0 -9999.0 -9999.0 00152.533 00153.334 00154.034 00154.651 00155.011 00155.829 00156.357 00156.864 00157.372 00157.745 00158.316 00158.824 00159.380 00159.987 00160.550 00161.019 00161.597 00162.168 00162.781 00163.433 00163.888 00164.461 00164.919 00165.380 00165.856 00166.350 00166.845 00166.938 00167.235 00167.411 00167.573 00167.736 00167.899 00168.063 00168.375 00168.962 00169.828 00170.569 00171.333 00172.115 00172.680 00173.293 00173.097 00172.087 00170.823 00169.352 00168.142 00167.821 00167.506 00167.190 00166.818 00165.899 00164.970 00163.896 00162.938
-9999.0 -9999.0 -9999.0 -9999.0 -9999.0 -9999.0 -9999.0 00152.586 00153.374 00154.065 00154.674 00155.020 00155.849 00156.377 00156.885 00157.390 00157.754 00158.302 00158.777 00159.290 00159.850 00160.449 00160.881 00161.466 00162.020 00162.606 00163.232 00163.876 00163.916 00164.749 00165.203 00165.659 00166.121 00166.599 00166.918 00167.081 00167.290 00167.450 00167.610 00167.770 00167.932 00168.096 00168.490 00169.144 00169.965 00170.666 00171.219 00171.740 00172.334 00171.671 00170.792 00169.784 00168.433 00167.929 00167.612 00167.300 00166.924 00166.289 00165.456 00164.617 00163.720 00162.490
-9999.0 -9999.0 -9999.0 -9999.0 -9999.0 -9999.0 -9999.0 00152.611 00153.394 00154.079 00154.687 00155.024 00155.861 00156.362 00156.841 00157.320 00157.701 00158.170 00158.676 00159.176 00159.720 00160.315 00160.767 00161.306 00161.854 00162.420 00163.015 00163.648 00163.901 00164.566 00164.989 00165.427 00165.879 00166.328 00166.768 00166.928 00167.168 00167.325 00167.483 00167.642 00167.804 00167.966 00168.128 00168.581 00169.216 00169.826 00170.342 00170.762 00171.130 00170.360 00169.534 00168.605 00168.014 00167.717 00167.406 00166.947 00166.603 00165.780 00164.977 00163.908 00163.207 00162.054
-9999.0 -9999.0 -9999.0 -9999.0 -9999.0 -9999.0 -9999.0 00152.619 00153.401 00154.070 00154.646 00154.995 00155.763 00156.267 00156.749 00157.223 00157.643 00158.012 00158.568 00159.050 00159.571 00160.140 00160.643 00161.120 00161.661 00162.204 00162.784 00163.378 00163.882 00164.180 00164.768 00165.196 00165.600 00166.015 00166.440 00166.869 00166.935 00167.200 00167.357 00167.516 00167.676 00167.833 00167.989 00168.135 00168.465 00168.842 00169.299 00169.770 00169.707 00168.939 00168.383 00168.025 00167.784 00167.494 00167.200 00166.886 00166.056 00165.268 00164.517 00163.738 00162.656 00161.628
-9999.0 -9999.0 -9999.0 -9999.0 -9999.0 -9999.0 -9999.0 00152.529 00153.287 00153.950 00154.541 00154.952 00155.664 00156.166 00156.643 00157.111 00157.579 00157.836 00158.435 00158.903 00159.407 00159.940 00160.489 00160.905 00161.458 00161.966 00162.502 00163.074 00163.676 00163.900 00164.524 00164.904 00165.297 00165.701 00166.110 00166.528 00166.907 00166.942 00167.233 00167.388 00167.539 00167.695 00167.834 00167.949 00168.069 00168.156 00168.427 00168.694 00168.437 00168.110 00167.958 00167.756 00167.552 00167.273 00166.923 00166.328 00165.531 00164.773 00163.892 00163.078 00162.073 00161.135
-9999.0 -9999.0 -9999.0 -9999.0 -9999.0 -9999.0 -9999.0 00152.378 00153.152 00153.832 00154.428 00154.903 00155.376 00156.050 00156.522 00156.982 00157.445 00157.760 00158.290 00158.733 00159.210 00159.729 00160.294 00160.723 00161.201 00161.713 00162.228 00162.775 00163.337 00163.875 00163.910 00164.623 00164.999 00165.384 00165.782 00166.194 00166.617 00166.915 00166.966 00167.254 00167.404 00167.535 00167.652 00167.767 00167.861 00167.944 00168.017 00168.078 00167.954 00167.833 00167.689 00167.496 00167.293 00166.936 00166.548 00165.789 00165.025 00163.915 00163.459 00162.452 00161.523 00160.650
-9999.0 -9999.0 -9999.0 -9999.0 -9999.0 -9999.0 -9999.0 00152.217 00153.000 00153.689 00154.298 00154.837 00155.064 00155.904 00156.384 00156.846 00157.295 00157.669 00158.043 00158.564 00159.027 00159.508 00160.025 00160.530 00160.928 00161.448 00161.943 00162.433 00162.945 00163.483 00163.884 00163.990 00164.699 00165.077 00165.466 00165.865 00166.278 00166.684 00166.919 00167.034 00167.245 00167.358 00167.473 00167.568 00167.654 00167.722 00167.789 00167.783 00167.682 00167.560 00167.419 00167.238 00166.934 00166.703 00165.958 00165.240 00164.534 00163.817 00162.784 00161.848 00160.955 00160.154
-9999.0 -9999.0 -9999.0 -9999.0 -9999.0 -9999.0 -9999.0 -9999.0 00152.815 00153.511 00154.128 00154.679 00155.000 00155.754 00156.227 00156.678 00157.121 00157.570 00157.821 00158.375 00158.800 00159.256 00159.751 00160.284 00160.708 00161.149 00161.617 00162.076 00162.561 00163.071 00163.603 00163.891 00164.406 00164.776 00165.156 00165.541 00165.924 00166.317 00166.728 00166.915 00166.941 00167.183 00167.282 00167.365 00167.440 00167.503 00167.561 00167.505 00167.411 00167.293 00167.153 00166.921 00166.591 00166.041 00165.380 00164.708 00163.892 00163.115 00162.155 00161.270 00160.492 00159.584
-9999.0 -9999.0 -9999.0 -9999.0 -9999.0 -9999.0 -9999.0 -9999.0 00152.587 00153.310 00153.950 00154.512 00154.926 00155.451 00156.049 00156.505 00156.951 00157.379 00157.704 00158.107 00158.583 00159.019 00159.488 00159.986 00160.466 00160.814 00161.275 00161.731 00162.189 00162.669 00163.175 00163.714 00163.898 00164.481 00164.837 00165.204 00165.579 00165.959 00166.267 00166.584 00166.887 00166.925 00166.943 00167.161 00167.225 00167.280 00167.315 00167.237 00167.140 00166.932 00166.871 00166.418 00165.913 00165.386 00164.824 00163.905 00163.393 00162.458 00161.567 00160.718 00159.895 00159.046
-9999.0 -9999.0 -9999.0 -9999.0 -9999.0 -9999.0 -9999.0 -9999.0 00152.358 00153.090 00153.738 00154.315 00154.829 00155.054 00155.864 00156.312 00156.741 00157.165 00157.584 00157.817 00158.360 00158.776 00159.195 00159.643 00160.119 00160.558 00160.914 00161.381 00161.822 00162.286 00162.774 00163.284 00163.821 00163.904 00164.523 00164.869 00165.224 00165.519 00165.814 00166.110 00166.395 00166.627 00166.854 00166.914 00166.926 00166.937 00166.936 00166.919 00166.843 00166.532 00166.156 00165.740 00165.263 00164.767 00163.914 00163.576 00162.671 00161.817 00160.964 00160.215 00159.319 00158.544
-9999.0 -9999.0 -9999.0 -9999.0 -9999.0 -9999.0 -9999.0 -9999.0 -9999.0 00152.822 00153.494 00154.093 00154.630 00154.965 00155.637 00156.094 00156.527 00156.945 00157.365 00157.692 00158.038 00158.503 00158.895 00159.311 00159.759 00160.235 00160.631 00161.011 00161.472 00161.912 00162.382 00162.865 00163.359 00163.868 00163.906 00164.529 00164.805 00165.093 00165.365 00165.649 00165.867 00166.091 00166.278 00166.447 00166.576 00166.704 00166.579 00166.373 00166.127 00165.825 00165.471 00165.095 00164.642 00163.904 00163.626 00162.819 00161.982 00161.189 00160.487 00159.604 00158.793 00157.956
-9999.0 -9999.0 -9999.0 -9999.0 -9999.0 -9999.0 -9999.0 -9999.0 -9999.0 00152.533 00153.239 00153.845 00154.386 00154.865 00155.065 00155.859 00156.298 00156.720 00157.128 00157.519 00157.761 00158.195 00158.604 00158.997 00159.412 00159.853 00160.334 00160.701 00161.106 00161.561 00161.987 00162.439 00162.908 00163.393 00163.864 00163.900 00164.402 00164.667 00164.930 00165.153 00165.358 00165.559 00165.718 00165.849 00165.975 00166.031 00165.870 00165.686 00165.439 00165.160 00164.817 00164.478 00163.891 00163.470 00162.783 00162.116 00161.339 00160.624 00159.836 00159.048 00158.305 00157.614
-9999.0 -9999.0 -9999.0 -9999.0 -9999.0 -9999.0 -9999.0 -9999.0 -9999.0 00152.212 00152.921 00153.554 00154.121 00154.626 00154.959 00155.581 00156.064 00156.465 00156.854 00157.239 00157.603 00157.817 00158.314 00158.684 00159.080 00159.502 00159.952 00160.430 00160.766 00161.175 00161.608 00162.022 00162.462 00162.892 00163.278 00163.686 00163.887 00163.911 00164.473 00164.671 00164.869 00165.026 00165.171 00165.281 00165.383 00165.349 00165.212 00165.028 00164.786 00164.524 00163.906 00163.875 00163.251 00162.636 00162.006 00161.402 00160.719 00160.010 00159.225 00158.519 00157.747 00157.154
-9999.0 -9999.0 -9999.0 -9999.0 -9999.0 -9999.0 -9999.0 -9999.0 -9999.0 -9999.0 00152.570 00153.236 00153.829 00154.363 00154.846 00155.040 00155.772 00156.184 00156.574 00156.956 00157.336 00157.652 00157.892 00158.390 00158.761 00159.162 00159.590 00160.036 00160.476 00160.796 00161.205 00161.625 00161.996 00162.355 00162.724 00163.085 00163.458 00163.800 00163.888 00163.906 00164.320 00164.515 00164.630 00164.728 00164.814 00164.714 00164.582 00164.397 00163.903 00163.878 00163.465 00162.982 00162.424 00161.865 00161.287 00160.714 00160.139 00159.361 00158.665 00157.862 00157.388 00156.664
-9999.0 -9999.0 -9999.0 -9999.0 -9999.0 -9999.0 -9999.0 -9999.0 -9999.0 -9999.0 00152.104 00152.892 00153.517 00154.068 00154.543 00154.911 00155.168 00155.886 00156.288 00156.666 00157.038 00157.414 00157.695 00158.006 00158.465 00158.841 00159.226 00159.642 00160.075 00160.494 00160.808 00161.171 00161.516 00161.848 00162.183 00162.512 00162.846 00163.119 00163.405 00163.668 00163.875 00163.887 00163.897 00163.905 00163.909 00163.897 00163.884 00163.762 00163.410 00163.038 00162.591 00162.156 00161.670 00161.127 00160.625 00160.064 00159.442 00158.764 00158.056 00157.543 00156.865 00156.166
-9999.0 -9999.0 -9999.0 -9999.0 -9999.0 -9999.0 -9999.0 -9999.0 -9999.0 -9999.0 -9999.0 00152.514 00153.145 00153.710 00154.214 00154.669 00154.960 00155.470 00155.979 00156.367 00156.743 00157.115 00157.491 00157.736 00158.107 00158.519 00158.883 00159.254 00159.661 00160.092 00160.460 00160.719 00161.017 00161.354 00161.665 00161.966 00162.228 00162.480 00162.743 00162.948 00163.150 00163.306 00163.442 00163.559 00163.515 00163.336 00163.124 00162.875 00162.537 00162.207 00161.801 00161.395 00160.915 00160.498 00159.931 00159.341 00158.784 00158.191 00157.621 00157.008 00156.340 00155.607
-9999.0 -9999.0 -9999.0 -9999.0 -9999.0 -9999.0 -9999.0 -9999.0 -9999.0 -9999.0 -9999.0 -9999.0 00152.708 00153.310 00153.851 00154.342 00154.776 00154.999 00155.661 00156.062 00156.445 00156.819 00157.189 00157.555 00157.763 00158.158 00158.542 00158.896 00159.268 00159.610 00159.956 00160.319 00160.598 00160.833 00161.151 00161.407 00161.649 00161.881 00162.085 00162.277 00162.435 00162.570 00162.678 00162.786 00162.650 00162.490 00162.293 00162.057 00161.753 00161.443 00161.037 00160.680 00160.307 00159.743 00159.219 00158.695 00158.145 00157.667 00157.103 00156.469 00155.791 00154.914
-9999.0 -9999.0 -9999.0 -9999.0 -9999.0 -9999.0 -9999.0 -9999.0 -9999.0 -9999.0 -9999.0 -9999.0 00152.244 00152.882 00153.452 00153.965 00154.434 00154.860 00155.035 00155.743 00156.141 00156.519 00156.876 00157.233 00157.581 00157.774 00158.175 00158.546 00158.840 00159.149 00159.469 00159.786 00160.121 00160.448 00160.646 00160.831 00161.067 00161.291 00161.474 00161.643 00161.772 00161.876 00161.967 00161.990 00161.869 00161.724 00161.527 00161.301 00160.983 00160.714 00160.410 00159.973 00159.541 00159.045 00158.578 00158.008 00157.623 00157.142 00156.556 00155.908 00154.980 00154.394
-9999.0 -9999.0 -9999.0 -9999.0 -9999.0 -9999.0 -9999.0 -9999.0 -9999.0 -9999.0 -9999.0 -9999.0 -9999.0 00152.399 00153.019 00153.566 00154.065 00154.523 00154.895 00155.070 00155.815 00156.194 00156.557 00156.904 00157.252 00157.587 00157.772 00158.087 00158.437 00158.716 00159.006 00159.288 00159.597 00159.862 00160.131 00160.385 00160.575 00160.712 00160.847 00160.990 00161.121 00161.220 00161.305 00161.254 00161.131 00160.967 00160.781 00160.608 00160.353 00160.020 00159.619 00159.223 00158.850 00158.412 00157.831 00157.562 00157.062 00156.549 00155.991 00155.024 00154.537 00153.727
-9999.0 -9999.0 -9999.0 -9999.0 -9999.0 -9999.0 -9999.0 -9999.0 -9999.0 -9999.0 -9999.0 -9999.0 -9999.0 -9999.0 00152.529 00153.132 00153.678 00154.162 00154.607 00154.924 00155.163 00155.854 00156.220 00156.570 00156.914 00157.238 00157.529 00157.712 00157.914 00158.305 00158.565 00158.829 00159.080 00159.306 00159.544 00159.773 00159.980 00160.175 00160.346 00160.471 00160.551 00160.618 00160.677 00160.590 00160.495 00160.353 00160.121 00159.864 00159.565 00159.258 00158.911 00158.564 00158.186 00157.737 00157.421 00156.957 00156.465 00155.933 00155.050 00154.635 00153.863 00152.934
-9999.0 -9999.0 -9999.0 -9999.0 -9999.0 -9999.0 -9999.0 -9999.0 -9999.0 -9999.0 -9999.0 -9999.0 -9999.0 -9999.0 -9999.0 00152.656 00153.241 00153.772 00154.234 00154.655 00154.940 00155.232 00155.866 00156.227 00156.550 00156.841 00157.128 00157.413 00157.638 00157.784 00158.074 00158.383 00158.589 00158.795 00159.006 00159.196 00159.368 00159.545 00159.673 00159.793 00159.891 00159.974 00159.986 00159.864 00159.732 00159.574 00159.356 00159.131 00158.859 00158.593 00158.267 00157.814 00157.620 00157.245 00156.806 00156.353 00155.839 00155.014 00154.648 00153.961 00153.079 -9999.0
-9999.0 -9999.0 -9999.0 -9999.0 -9999.0 -9999.0 -9999.0 -9999.0 -9999.0 -9999.0 -9999.0 -9999.0 -9999.0 -9999.0 -9999.0 00151.716 00152.764 00153.315 00153.821 00154.273 00154.677 00154.944 00155.243 00155.837 00156.146 00156.442 00156.725 00156.999 00157.261 00157.522 00157.686 00157.802 00158.045 00158.317 00158.507 00158.657 00158.811 00158.947 00159.066 00159.158 00159.231 00159.298 00159.249 00159.152 00159.027 00158.873 00158.679 00158.474 00158.194 00157.828 00157.650 00157.374 00157.022 00156.628 00156.187 00155.709 00154.969 00154.559 00153.921 00153.181 00151.882 -9999.0
-9999.0 -9999.0 -9999.0 -9999.0 -9999.0 -9999.0 -9999.0 -9999.0 -9999.0 -9999.0 -9999.0 -9999.0 -9999.0 -9999.0 -9999.0 -9999.0 00152.232 00152.827 00153.354 00153.842 00154.281 00154.679 00154.928 00155.065 00155.722 00156.024 00156.311 00156.575 00156.835 00157.089 00157.302 00157.511 00157.651 00157.760 00157.864 00158.088 00158.292 00158.403 00158.504 00158.581 00158.640 00158.688 00158.608 00158.515 00158.390 00158.219 00157.946 00157.762 00157.621 00157.395 00157.073 00156.744 00156.393 00155.996 00155.332 00154.908 00154.439 00153.818 00153.080 00152.216 -9999.0 -9999.0
-9999.0 -9999.0 -9999.0 -9999.0 -9999.0 -9999.0 -9999.0 -9999.0 -9999.0 -9999.0 -9999.0 -9999.0 -9999.0 -9999.0 -9999.0 -9999.0 -9999.0 00152.271 00152.844 00153.362 00153.840 00154.230 00154.577 00154.879 00155.011 00155.489 00155.866 00156.141 00156.404 00156.624 00156.833 00157.033 00157.229 00157.405 00157.558 00157.650 00157.716 00157.778 00157.824 00157.900 00157.984 00157.981 00157.861 00157.795 00157.722 00157.634 00157.493 00157.275 00157.021 00156.761 00156.443 00156.105 00155.732 00155.032 00154.786 00154.270 00153.671 00152.947 -9999.0 -9999.0 -9999.0 -9999.0
-9999.0 -9999.0 -9999.0 -9999.0 -9999.0 -9999.0 -9999.0 -9999.0 -9999.0 -9999.0 -9999.0 -9999.0 -9999.0 -9999.0 -9999.0 -9999.0 -9999.0 -9999.0 00152.274 00152.841 00153.295 00153.718 00154.096 00154.443 00154.764 00154.942 00155.063 00155.682 00155.926 00156.148 00156.357 00156.555 00156.742 00156.896 00157.044 00157.180 00157.292 00157.393 00157.471 00157.529 00157.580 00157.535 00157.453 00157.348 00157.215 00157.048 00156.864 00156.642 00156.388 00156.119 00155.783 00155.074 00154.910 00154.576 00154.047 00153.449 00152.762 -9999.0 -9999.0 -9999.0 -9999.0 -9999.0
-9999.0 -9999.0 -9999.0 -9999.0 -9999.0 -9999.0 -9999.0 -9999.0 -9999.0 -9999.0 -9999.0 -9999.0 -9999.0 -9999.0 -9999.0 -9999.0 -9999.0 -9999.0 -9999.0 00152.044 00152.677 00153.142 00153.554 00153.932 00154.270 00154.575 00154.861 00154.972 00155.070 00155.646 00155.856 00156.065 00156.230 00156.385 00156.534 00156.648 00156.758 00156.841 00156.910 00156.967 00156.996 00156.925 00156.839 00156.728 00156.595 00156.421 00156.230 00155.994 00155.723 00155.078 00154.932 00154.665 00154.256 00153.797 00153.190 00152.491 -9999.0 -9999.0 -9999.0 -9999.0 -9999.0 -9999.0
