examples/flatland/Outputs/centerIgnit/c_atmRAWS/singleWinds/flatland_centerIgnit_3mph60deg7hr_atmRAWS/flatland_centerIgnit_3mph60deg7hr_atmRAWS_ArrivalTime.asc
NCOLS 100
NROWS 100
XLLCORNER 20000.000000
YLLCORNER 20000.000000
CELLSIZE 30.000000
NODATA_VALUE -9999.0
[rows 56 to 83 of 100, columns 0 to 61 of 100]
-9999.0 -9999.0 -9999.0 -9999.0 -9999.0 -9999.0 -9999.0 00412.875 00400.244 00387.747 00375.374 00363.121 00351.009 00339.007 00327.094 00315.272 00303.650 00292.683 00281.840 00271.109 00260.496 00250.020 00239.661 00229.367 00219.256 00209.325 00199.462 00189.744 00180.339 00170.977 00161.659 00152.690 00143.931 00135.207 00126.518 00118.510 00110.732 00102.982 00095.387 00087.804 00080.234 00072.678 00065.133 00057.647 00050.353 00043.279 00038.061 00033.060 00027.917 00033.644 00042.074 00052.112 00065.986 00080.437 00095.289 00110.201 00125.178 00140.767 00156.636 00173.793 00192.318 00211.234
-9999.0 -9999.0 -9999.0 -9999.0 -9999.0 -9999.0 -9999.0 00412.506 00399.938 00387.496 00375.157 00362.909 00350.750 00339.308 00328.053 00316.900 00305.855 00294.908 00284.105 00273.468 00262.914 00252.471 00242.320 00232.230 00222.211 00212.435 00202.871 00193.372 00183.940 00174.879 00166.017 00157.201 00148.415 00140.025 00132.165 00124.349 00116.633 00109.016 00101.415 00093.825 00086.246 00078.681 00071.266 00063.942 00057.050 00051.711 00046.708 00042.372 00039.078 00046.550 00054.323 00063.621 00076.555 00090.317 00105.158 00120.094 00135.106 00150.302 00166.248 00182.381 00199.832 00218.677
-9999.0 -9999.0 -9999.0 -9999.0 -9999.0 -9999.0 -9999.0 00412.399 00399.815 00387.716 00375.988 00364.380 00352.871 00341.496 00330.233 00319.094 00308.179 00297.348 00286.606 00276.114 00265.770 00255.507 00245.327 00235.497 00225.779 00216.123 00206.531 00197.341 00188.347 00179.428 00170.573 00161.804 00153.835 00145.904 00138.017 00130.326 00122.688 00115.063 00107.450 00099.855 00092.273 00084.962 00077.648 00070.963 00065.553 00060.290 00056.313 00052.243 00052.840 00059.355 00066.665 00076.052 00087.184 00100.931 00115.104 00130.008 00145.099 00160.320 00175.892 00192.065 00208.556 00226.387
-9999.0 -9999.0 -9999.0 -9999.0 -9999.0 -9999.0 -9999.0 00413.775 00401.778 00389.928 00378.206 00366.589 00355.063 00343.827 00332.693 00321.657 00310.793 00300.187 00289.658 00279.208 00268.890 00258.929 00249.045 00239.239 00229.495 00220.168 00211.016 00201.939 00192.984 00184.069 00175.750 00167.721 00159.730 00151.851 00144.118 00136.418 00128.749 00121.117 00113.506 00105.994 00098.712 00091.411 00084.926 00079.476 00074.052 00069.968 00066.182 00062.473 00066.073 00072.119 00079.040 00088.463 00098.132 00111.624 00125.361 00140.030 00155.150 00170.436 00185.883 00201.850 00218.365 00235.248
-9999.0 -9999.0 -9999.0 -9999.0 -9999.0 -9999.0 -9999.0 00415.988 00404.013 00392.160 00380.572 00369.103 00357.721 00346.460 00335.526 00324.707 00313.982 00303.348 00292.939 00282.798 00272.733 00262.744 00252.832 00243.377 00234.068 00224.827 00215.737 00206.694 00197.935 00189.786 00181.703 00173.655 00165.800 00158.005 00150.249 00142.528 00134.844 00127.198 00119.788 00112.503 00105.212 00098.923 00093.442 00087.978 00083.649 00079.733 00076.474 00073.719 00079.208 00084.924 00091.668 00100.843 00110.584 00122.439 00136.103 00150.137 00165.279 00180.621 00196.130 00211.863 00228.303 00245.184
-9999.0 -9999.0 -9999.0 -9999.0 -9999.0 -9999.0 -9999.0 00418.404 00406.576 00394.870 00383.274 00371.913 00360.767 00349.720 00338.775 00327.927 00317.450 00307.118 00296.864 00286.695 00276.598 00266.975 00257.490 00248.083 00238.840 00229.672 00220.551 00212.203 00203.974 00195.796 00187.730 00179.843 00172.001 00164.190 00156.408 00148.670 00140.971 00133.640 00126.334 00119.034 00112.980 00107.414 00101.952 00097.378 00093.336 00090.087 00086.975 00087.393 00092.050 00097.738 00104.513 00113.304 00122.973 00133.382 00146.994 00160.900 00175.528 00190.860 00206.490 00222.305 00238.356 00255.248
-9999.0 -9999.0 -9999.0 -9999.0 -9999.0 -9999.0 -9999.0 -9999.0 00409.393 00397.911 00386.538 00375.266 00364.091 00353.068 00342.422 00331.873 00321.425 00311.072 00300.802 00291.012 00281.344 00271.750 00262.321 00253.007 00243.757 00234.996 00226.616 00218.295 00210.024 00201.969 00194.006 00186.097 00178.223 00170.392 00162.610 00154.975 00147.584 00140.247 00132.923 00127.058 00121.410 00115.963 00111.139 00107.076 00103.539 00100.574 00097.721 00100.473 00104.943 00110.585 00117.385 00125.819 00135.358 00145.450 00158.122 00171.839 00186.037 00201.269 00216.929 00232.844 00248.970 00265.508
-9999.0 -9999.0 -9999.0 -9999.0 -9999.0 -9999.0 -9999.0 -9999.0 00412.847 00401.329 00389.923 00378.809 00367.936 00357.140 00346.487 00335.935 00325.465 00315.492 00305.651 00295.873 00286.249 00276.767 00267.345 00258.170 00249.619 00241.153 00232.756 00224.461 00216.363 00208.313 00200.313 00192.372 00184.490 00176.647 00169.075 00161.635 00154.294 00146.949 00141.192 00135.475 00130.008 00124.940 00120.859 00116.988 00113.944 00111.325 00109.529 00113.430 00117.857 00123.464 00130.294 00138.410 00147.801 00157.987 00169.371 00183.045 00197.128 00211.780 00227.496 00243.479 00259.692 00276.189
-9999.0 -9999.0 -9999.0 -9999.0 -9999.0 -9999.0 -9999.0 -9999.0 00416.302 00405.059 00393.950 00382.947 00372.081 00361.312 00350.625 00340.442 00330.396 00320.432 00310.598 00300.958 00291.368 00281.842 00273.058 00264.409 00255.849 00247.364 00239.075 00230.891 00222.773 00214.699 00206.667 00198.704 00190.817 00183.290 00175.816 00168.452 00161.252 00155.434 00149.643 00144.151 00138.810 00134.700 00130.593 00127.422 00124.671 00122.287 00122.677 00126.308 00130.806 00136.397 00143.291 00151.104 00160.440 00170.590 00180.981 00194.453 00208.309 00222.885 00238.205 00254.193 00270.543 00287.129
-9999.0 -9999.0 -9999.0 -9999.0 -9999.0 -9999.0 -9999.0 -9999.0 -9999.0 00409.292 00398.207 00387.222 00376.327 00365.927 00355.642 00345.477 00335.424 00325.595 00315.838 00306.150 00296.942 00288.115 00279.357 00270.710 00262.160 00253.843 00245.584 00237.379 00229.219 00221.115 00213.080 00205.237 00197.618 00190.119 00182.735 00175.661 00169.776 00163.932 00158.389 00152.906 00148.641 00144.507 00140.987 00137.915 00135.643 00133.344 00135.711 00139.197 00143.842 00149.417 00156.366 00163.877 00173.265 00183.258 00193.764 00205.980 00219.895 00234.272 00249.111 00265.126 00281.487 00298.199
-9999.0 -9999.0 -9999.0 -9999.0 -9999.0 -9999.0 -9999.0 -9999.0 -9999.0 00413.679 00402.548 00391.926 00381.451 00371.062 00360.761 00350.727 00340.772 00330.892 00321.263 00312.258 00303.330 00294.492 00285.758 00277.206 00268.782 00260.420 00252.127 00243.892 00235.724 00227.603 00219.796 00212.101 00204.596 00197.143 00190.167 00184.234 00178.318 00172.736 00167.227 00162.698 00158.519 00154.662 00151.537 00148.965 00146.765 00145.686 00148.604 00152.189 00156.963 00162.553 00169.514 00176.734 00186.176 00195.999 00206.596 00217.622 00231.644 00245.776 00260.706 00276.161 00292.605 00309.371
-9999.0 -9999.0 -9999.0 -9999.0 -9999.0 -9999.0 -9999.0 -9999.0 -9999.0 00418.483 00407.777 00397.172 00386.660 00376.398 00366.240 00356.135 00346.141 00336.881 00327.755 00318.710 00309.807 00300.990 00292.409 00283.896 00275.452 00267.057 00258.722 00250.462 00242.335 00234.516 00226.759 00219.225 00211.714 00204.838 00198.809 00192.827 00187.177 00181.641 00176.858 00172.643 00168.443 00165.285 00162.333 00160.075 00158.085 00158.706 00161.528 00165.270 00170.172 00175.769 00182.753 00189.961 00199.195 00208.857 00219.493 00230.513 00243.526 00257.728 00272.411 00287.720 00303.891 00320.668
-9999.0 -9999.0 -9999.0 -9999.0 -9999.0 -9999.0 -9999.0 -9999.0 -9999.0 -9999.0 00413.102 00402.581 00392.213 00381.932 00371.726 00362.021 00352.681 00343.425 00334.310 00325.306 00316.478 00307.804 00299.193 00290.646 00282.148 00273.741 00265.395 00257.283 00249.371 00241.605 00234.008 00226.442 00219.650 00213.554 00207.489 00201.755 00196.170 00191.135 00186.852 00182.644 00179.123 00175.957 00173.518 00171.469 00169.592 00171.767 00174.568 00178.436 00183.477 00189.074 00196.084 00203.408 00212.355 00222.000 00232.560 00243.626 00255.561 00269.792 00284.350 00299.660 00315.289 00332.193
-9999.0 -9999.0 -9999.0 -9999.0 -9999.0 -9999.0 -9999.0 -9999.0 -9999.0 -9999.0 00418.738 00408.241 00397.842 00387.685 00378.155 00368.696 00359.317 00350.125 00340.998 00332.145 00323.364 00314.666 00306.025 00297.434 00288.939 00280.491 00272.405 00264.410 00256.616 00248.936 00241.302 00234.636 00228.438 00222.306 00216.498 00210.848 00205.578 00201.210 00196.951 00193.079 00189.871 00187.057 00184.794 00183.038 00182.214 00184.839 00187.793 00191.703 00196.883 00202.514 00209.563 00216.970 00225.647 00235.366 00245.761 00256.824 00268.243 00282.102 00296.663 00311.703 00327.484 00343.832
-9999.0 -9999.0 -9999.0 -9999.0 -9999.0 -9999.0 -9999.0 -9999.0 -9999.0 -9999.0 -9999.0 00413.981 00404.130 00394.465 00384.893 00375.469 00366.155 00356.986 00348.029 00339.142 00330.324 00321.564 00312.900 00304.315 00295.860 00287.719 00279.621 00271.801 00264.048 00256.328 00249.757 00243.468 00237.278 00231.381 00225.694 00220.168 00215.744 00211.400 00207.174 00203.939 00200.721 00198.395 00196.434 00194.719 00195.459 00197.968 00201.136 00205.103 00210.419 00216.088 00223.188 00230.642 00239.069 00248.842 00259.083 00270.143 00281.695 00294.574 00309.103 00324.094 00339.797 00355.930
-9999.0 -9999.0 -9999.0 -9999.0 -9999.0 -9999.0 -9999.0 -9999.0 -9999.0 -9999.0 -9999.0 -9999.0 00411.017 00401.320 00391.811 00382.370 00373.209 00364.130 00355.107 00346.181 00337.322 00328.561 00319.859 00311.434 00303.205 00295.067 00287.186 00279.342 00271.527 00265.064 00258.655 00252.399 00246.429 00240.679 00234.955 00230.425 00226.002 00221.707 00218.144 00214.885 00212.181 00209.895 00208.214 00206.523 00208.681 00211.234 00214.624 00218.628 00224.099 00229.777 00236.938 00244.445 00252.633 00262.458 00272.554 00283.670 00295.280 00307.204 00321.839 00336.790 00352.230 00368.558
-9999.0 -9999.0 -9999.0 -9999.0 -9999.0 -9999.0 -9999.0 -9999.0 -9999.0 -9999.0 -9999.0 -9999.0 00418.010 00408.371 00398.898 00389.630 00380.432 00371.310 00362.266 00353.287 00344.407 00335.607 00327.210 00318.864 00310.706 00302.739 00294.818 00287.111 00280.542 00274.033 00267.708 00261.629 00255.830 00250.035 00245.277 00240.735 00236.418 00232.492 00229.197 00226.110 00223.727 00221.795 00220.157 00219.772 00221.945 00224.640 00228.233 00232.312 00237.891 00243.604 00250.810 00258.372 00266.360 00276.243 00286.364 00297.401 00308.989 00320.947 00334.747 00349.648 00365.150 00381.283
-9999.0 -9999.0 -9999.0 -9999.0 -9999.0 -9999.0 -9999.0 -9999.0 -9999.0 -9999.0 -9999.0 -9999.0 -9999.0 00415.665 00406.251 00396.948 00387.720 00378.555 00369.486 00360.489 00351.689 00343.171 00334.721 00326.548 00318.472 00310.487 00302.852 00296.193 00289.596 00283.189 00277.031 00271.145 00265.312 00260.282 00255.682 00251.259 00246.986 00243.660 00240.333 00237.762 00235.475 00233.786 00232.279 00233.171 00235.311 00238.166 00241.970 00246.210 00251.812 00257.561 00264.852 00272.452 00280.314 00290.201 00300.380 00311.267 00322.823 00334.934 00347.795 00362.859 00378.274 00394.150
-9999.0 -9999.0 -9999.0 -9999.0 -9999.0 -9999.0 -9999.0 -9999.0 -9999.0 -9999.0 -9999.0 -9999.0 -9999.0 -9999.0 00413.702 00404.332 00395.044 00385.886 00376.786 00367.998 00359.357 00350.825 00342.577 00334.418 00326.366 00318.772 00312.023 00305.346 00298.865 00292.598 00286.656 00280.763 00275.479 00270.801 00266.282 00261.883 00258.265 00254.909 00251.933 00249.498 00247.570 00246.008 00244.579 00246.662 00248.927 00251.818 00255.842 00260.235 00265.898 00271.709 00279.043 00286.697 00294.643 00304.326 00314.544 00325.297 00336.861 00349.058 00361.537 00376.218 00391.580 00407.582
-9999.0 -9999.0 -9999.0 -9999.0 -9999.0 -9999.0 -9999.0 -9999.0 -9999.0 -9999.0 -9999.0 -9999.0 -9999.0 -9999.0 -9999.0 00411.802 00402.504 00393.303 00384.502 00375.770 00367.200 00358.828 00350.596 00342.442 00334.893 00328.058 00321.267 00314.723 00308.365 00302.345 00296.396 00290.846 00286.117 00281.464 00277.035 00273.051 00269.641 00266.271 00263.806 00261.501 00259.770 00258.407 00258.173 00260.253 00262.696 00265.705 00269.863 00274.431 00280.132 00286.037 00293.379 00301.085 00309.131 00318.599 00328.863 00339.483 00351.179 00363.354 00375.967 00389.726 00405.247 -9999.0
-9999.0 -9999.0 -9999.0 -9999.0 -9999.0 -9999.0 -9999.0 -9999.0 -9999.0 -9999.0 -9999.0 -9999.0 -9999.0 -9999.0 -9999.0 00419.350 00410.161 00401.237 00392.375 00383.768 00375.311 00367.006 00358.746 00351.236 00344.282 00337.414 00330.774 00324.314 00318.215 00312.203 00306.405 00301.608 00296.832 00292.343 00288.025 00284.548 00281.136 00278.276 00275.789 00273.848 00272.288 00270.966 00271.921 00273.971 00276.621 00279.837 00284.043 00288.771 00294.521 00300.508 00307.892 00315.628 00323.772 00333.039 00343.339 00354.052 00365.683 00377.811 00390.519 00403.555 00419.089 -9999.0
-9999.0 -9999.0 -9999.0 -9999.0 -9999.0 -9999.0 -9999.0 -9999.0 -9999.0 -9999.0 -9999.0 -9999.0 -9999.0 -9999.0 -9999.0 -9999.0 00418.193 00409.215 00400.575 00392.001 00383.616 00375.289 00367.810 00360.753 00353.762 00347.040 00340.475 00334.284 00328.210 00322.168 00317.282 00312.439 00307.844 00303.329 00299.641 00296.169 00292.894 00290.387 00288.084 00286.306 00284.969 00283.873 00285.741 00287.836 00290.687 00294.121 00298.377 00303.263 00309.075 00315.141 00322.547 00330.333 00338.592 00347.666 00358.059 00368.860 00380.341 00392.426 00405.221 00418.432 -9999.0 -9999.0
-9999.0 -9999.0 -9999.0 -9999.0 -9999.0 -9999.0 -9999.0 -9999.0 -9999.0 -9999.0 -9999.0 -9999.0 -9999.0 -9999.0 -9999.0 -9999.0 -9999.0 00417.603 00408.952 00400.474 00392.033 00384.584 00377.443 00370.352 00363.542 00356.841 00350.579 00344.403 00338.322 00333.142 00328.248 00323.512 00318.947 00314.918 00311.356 00307.915 00305.156 00302.615 00300.672 00299.081 00297.790 00297.856 00299.682 00301.880 00304.913 00308.566 00312.866 00317.906 00323.786 00329.937 00337.395 00345.209 00353.575 00362.475 00372.990 00383.817 00395.166 00407.392 -9999.0 -9999.0 -9999.0 -9999.0
-9999.0 -9999.0 -9999.0 -9999.0 -9999.0 -9999.0 -9999.0 -9999.0 -9999.0 -9999.0 -9999.0 -9999.0 -9999.0 -9999.0 -9999.0 -9999.0 -9999.0 -9999.0 00417.552 00409.013 00401.596 00394.329 00387.156 00380.250 00373.457 00367.103 00360.840 00354.665 00349.235 00344.247 00339.389 00334.760 00330.380 00326.762 00323.241 00320.076 00317.512 00315.200 00313.378 00312.032 00310.748 00311.920 00313.814 00316.216 00319.278 00323.156 00327.528 00332.712 00338.681 00344.905 00352.413 00360.286 00368.759 00377.463 00388.094 00398.967 00410.196 -9999.0 -9999.0 -9999.0 -9999.0 -9999.0
-9999.0 -9999.0 -9999.0 -9999.0 -9999.0 -9999.0 -9999.0 -9999.0 -9999.0 -9999.0 -9999.0 -9999.0 -9999.0 -9999.0 -9999.0 -9999.0 -9999.0 -9999.0 -9999.0 00418.834 00411.475 00404.178 00397.179 00390.279 00383.825 00377.492 00371.249 00365.550 00360.487 00355.454 00350.786 00346.115 00342.367 00338.765 00335.251 00332.578 00329.990 00328.051 00326.414 00325.144 00324.404 00326.100 00328.108 00330.713 00333.810 00337.927 00342.358 00347.716 00353.747 00360.078 00367.638 00375.555 00384.100 00392.851 00403.378 00414.302 -9999.0 -9999.0 -9999.0 -9999.0 -9999.0 -9999.0
-9999.0 -9999.0 -9999.0 -9999.0 -9999.0 -9999.0 -9999.0 -9999.0 -9999.0 -9999.0 -9999.0 -9999.0 -9999.0 -9999.0 -9999.0 -9999.0 -9999.0 -9999.0 -9999.0 -9999.0 -9999.0 00414.357 00407.318 00400.792 00394.335 00388.044 00382.060 00376.947 00371.838 00367.032 00362.303 00358.187 00354.465 00350.927 00347.850 00345.213 00342.893 00341.032 00339.657 00338.437 00338.721 00340.404 00342.562 00345.381 00348.531 00352.863 00357.376 00362.910 00369.026 00375.444 00383.024 00391.023 00399.646 00408.517 00418.860 -9999.0 -9999.0 -9999.0 -9999.0 -9999.0 -9999.0 -9999.0
-9999.0 -9999.0 -9999.0 -9999.0 -9999.0 -9999.0 -9999.0 -9999.0 -9999.0 -9999.0 -9999.0 -9999.0 -9999.0 -9999.0 -9999.0 -9999.0 -9999.0 -9999.0 -9999.0 -9999.0 -9999.0 -9999.0 00417.983 00411.439 00405.042 00398.816 00393.599 00388.439 00383.465 00378.695 00374.236 00370.451 00366.812 00363.321 00360.649 00357.984 00356.029 00354.330 00353.064 00351.920 00353.183 00354.917 00357.195 00360.243 00363.594 00368.002 00372.600 00378.286 00384.472 00390.982 00398.621 00406.695 00415.394 -9999.0 -9999.0 -9999.0 -9999.0 -9999.0 -9999.0 -9999.0 -9999.0 -9999.0
-9999.0 -9999.0 -9999.0 -9999.0 -9999.0 -9999.0 -9999.0 -9999.0 -9999.0 -9999.0 -9999.0 -9999.0 -9999.0 -9999.0 -9999.0 -9999.0 -9999.0 -9999.0 -9999.0 -9999.0 -9999.0 -9999.0 -9999.0 -9999.0 00415.855 00410.505 00405.244 00400.134 00395.281 00390.481 00386.642 00382.869 00379.265 00376.282 00373.586 00371.244 00369.335 00367.898 00366.719 00366.153 00367.827 00369.720 00372.070 00375.292 00378.860 00383.310 00388.004 00393.833 00400.120 00406.699 00414.414 -9999.0 -9999.0 -9999.0 -9999.0 -9999.0 -9999.0 -9999.0 -9999.0 -9999.0 -9999.0 -9999.0
