examples/flatland/Outputs/centerIgnit/c_atmRAWS/singleWinds/flatland_centerIgnit_3mph60deg7hr_atmRAWS/flatland_centerIgnit_3mph60deg7hr_atmRAWS_HeatPerUnitArea.asc
NCOLS 100
NROWS 100
XLLCORNER 20000.000000
YLLCORNER 20000.000000
CELLSIZE 30.000000
NODATA_VALUE -9999.0
[rows 27 to 53 of 100, columns 0 to 61 of 100]
-9999.0 -9999.0 -9999.0 -9999.0 -9999.0 -9999.0 -9999.0 -9999.0 -9999.0 -9999.0 -9999.0 -9999.0 -9999.0 -9999.0 -9999.0 -9999.0 -9999.0 -9999.0 -9999.0 -9999.0 -9999.0 -9999.0 -9999.0 -9999.0 -9999.0 01004.379 01008.086 01011.460 01014.373 01017.073 01019.442 01020.345 01023.609 01026.178 01028.019 01029.643 01031.221 01032.527 01033.742 01034.808 01035.777 01036.099 01035.778 01035.320 01034.662 01033.620 01032.471 01030.903 01029.237 01027.072 01024.577 01020.223 01018.544 01014.660 01010.086 01004.718 -9999.0 -9999.0 -9999.0 -9999.0 -9999.0 -9999.0
-9999.0 -9999.0 -9999.0 -9999.0 -9999.0 -9999.0 -9999.0 -9999.0 -9999.0 -9999.0 -9999.0 -9999.0 -9999.0 -9999.0 -9999.0 -9999.0 -9999.0 -9999.0 -9999.0 -9999.0 -9999.0 -9999.0 -9999.0 01002.666 01007.000 01010.848 01013.985 01016.842 01019.410 01020.466 01024.786 01027.160 01029.147 01031.055 01032.923 01034.633 01036.242 01037.532 01038.260 01038.898 01040.291 01041.584 01041.116 01040.559 01039.649 01038.689 01038.074 01037.149 01035.507 01033.373 01031.049 01028.466 01025.677 01020.309 01017.756 01013.346 01007.969 00997.547 -9999.0 -9999.0 -9999.0 -9999.0
-9999.0 -9999.0 -9999.0 -9999.0 -9999.0 -9999.0 -9999.0 -9999.0 -9999.0 -9999.0 -9999.0 -9999.0 -9999.0 -9999.0 -9999.0 -9999.0 -9999.0 -9999.0 -9999.0 -9999.0 -9999.0 -9999.0 01004.535 01008.743 01012.490 01015.848 01018.873 01020.316 01024.539 01027.028 01029.377 01031.602 01033.798 01035.774 01037.482 01038.526 01040.260 01042.373 01043.825 01045.105 01046.300 01047.439 01047.590 01047.224 01046.579 01045.593 01044.501 01042.944 01041.038 01038.567 01037.246 01034.681 01031.873 01028.456 01024.775 01019.751 01015.857 01010.590 01004.003 -9999.0 -9999.0 -9999.0
-9999.0 -9999.0 -9999.0 -9999.0 -9999.0 -9999.0 -9999.0 -9999.0 -9999.0 -9999.0 -9999.0 -9999.0 -9999.0 -9999.0 -9999.0 -9999.0 -9999.0 -9999.0 -9999.0 -9999.0 -9999.0 01005.948 01010.183 01013.898 01017.172 01019.710 01021.626 01026.311 01029.022 01031.351 01033.650 01035.964 01037.769 01039.012 01041.923 01043.814 01045.722 01047.520 01049.310 01050.955 01052.464 01053.884 01054.951 01054.445 01053.735 01052.657 01051.383 01049.581 01047.732 01045.384 01042.993 01039.760 01037.605 01034.441 01030.945 01027.041 01020.637 01017.929 01012.039 01004.685 -9999.0 -9999.0
-9999.0 -9999.0 -9999.0 -9999.0 -9999.0 -9999.0 -9999.0 -9999.0 -9999.0 -9999.0 -9999.0 -9999.0 -9999.0 -9999.0 -9999.0 -9999.0 -9999.0 -9999.0 -9999.0 01002.181 01006.950 01011.172 01014.865 01018.191 01020.189 01024.674 01027.526 01030.238 01032.861 01035.489 01037.618 01038.902 01042.072 01044.284 01046.612 01048.812 01051.029 01053.357 01055.467 01057.084 01058.291 01059.583 01060.995 01061.019 01060.350 01059.413 01058.325 01056.978 01055.303 01052.445 01049.582 01046.750 01043.437 01039.076 01036.793 01032.933 01028.943 01024.009 01018.525 01012.485 01004.971 -9999.0
-9999.0 -9999.0 -9999.0 -9999.0 -9999.0 -9999.0 -9999.0 -9999.0 -9999.0 -9999.0 -9999.0 -9999.0 -9999.0 -9999.0 -9999.0 -9999.0 -9999.0 -9999.0 01002.834 01007.594 01011.815 01015.557 01018.893 01020.508 01025.520 01028.475 01031.301 01033.953 01036.641 01038.385 01041.252 01044.003 01046.400 01048.913 01051.546 01054.363 01056.720 01058.419 01060.602 01062.610 01064.485 01065.983 01067.519 01068.534 01067.797 01066.952 01065.658 01063.964 01062.047 01059.243 01056.945 01054.069 01049.871 01046.012 01042.178 01038.078 01034.741 01029.834 01024.665 01018.761 01012.521 01004.712
-9999.0 -9999.0 -9999.0 -9999.0 -9999.0 -9999.0 -9999.0 -9999.0 -9999.0 -9999.0 -9999.0 -9999.0 -9999.0 -9999.0 -9999.0 -9999.0 -9999.0 01002.379 01007.524 01012.048 01016.044 01019.363 01020.723 01026.104 01029.103 01031.991 01034.778 01037.438 01038.983 01042.576 01045.223 01048.053 01051.131 01054.091 01056.747 01058.788 01061.546 01064.058 01066.280 01068.668 01070.750 01072.804 01074.562 01076.489 01076.072 01075.152 01073.715 01071.839 01069.678 01066.815 01063.877 01060.551 01056.952 01052.757 01048.200 01044.074 01038.770 01035.043 01030.085 01024.741 01018.621 01012.025
-9999.0 -9999.0 -9999.0 -9999.0 -9999.0 -9999.0 -9999.0 -9999.0 -9999.0 -9999.0 -9999.0 -9999.0 -9999.0 -9999.0 -9999.0 -9999.0 00999.422 01006.907 01011.512 01015.579 01019.208 01020.758 01026.453 01029.583 01032.481 01035.338 01037.789 01040.022 01043.418 01046.292 01049.319 01052.469 01055.876 01058.327 01061.252 01064.031 01066.764 01069.576 01072.434 01075.021 01077.739 01078.793 01078.928 01082.240 01082.892 01082.186 01078.957 01078.835 01078.385 01075.064 01071.693 01067.835 01063.616 01059.056 01055.313 01050.167 01044.716 01038.925 01035.153 01029.994 01024.174 01018.000
-9999.0 -9999.0 -9999.0 -9999.0 -9999.0 -9999.0 -9999.0 -9999.0 -9999.0 -9999.0 -9999.0 -9999.0 -9999.0 -9999.0 -9999.0 -9999.0 01006.016 01010.774 01014.972 01018.704 01020.567 01026.019 01029.286 01032.427 01035.573 01038.058 01040.749 01043.975 01046.970 01050.185 01053.609 01056.862 01059.479 01062.765 01065.890 01069.248 01072.340 01075.513 01078.710 01078.908 01082.576 01084.415 01086.021 01087.522 01088.991 01088.414 01087.469 01086.147 01084.526 01082.212 01078.823 01075.886 01071.064 01066.134 01061.566 01056.485 01050.470 01044.850 01038.896 01034.828 01029.445 01022.396
-9999.0 -9999.0 -9999.0 -9999.0 -9999.0 -9999.0 -9999.0 -9999.0 -9999.0 -9999.0 -9999.0 -9999.0 -9999.0 -9999.0 -9999.0 01004.785 01009.759 01014.134 01018.011 01020.307 01025.464 01028.794 01031.978 01035.134 01037.831 01040.537 01044.105 01047.412 01050.789 01054.357 01057.443 01060.442 01063.851 01067.240 01070.664 01074.249 01078.103 01078.898 01082.864 01085.068 01087.342 01089.305 01091.252 01093.003 01094.659 01095.245 01094.136 01092.777 01091.030 01088.480 01086.001 01082.537 01078.745 01073.788 01068.106 01062.058 01056.629 01050.470 01044.568 01038.595 01034.246 01028.849
-9999.0 -9999.0 -9999.0 -9999.0 -9999.0 -9999.0 -9999.0 -9999.0 -9999.0 -9999.0 -9999.0 -9999.0 -9999.0 -9999.0 01003.281 01008.532 01013.133 01017.153 01019.959 01024.691 01028.111 01031.357 01034.551 01037.536 01039.803 01043.628 01046.908 01050.481 01054.386 01057.733 01061.117 01064.566 01068.072 01071.753 01075.637 01078.769 01080.729 01084.475 01087.186 01089.563 01091.967 01094.454 01096.588 01098.646 01098.801 01099.290 01098.859 01098.744 01098.035 01095.254 01092.354 01088.571 01084.749 01078.933 01075.032 01068.289 01062.099 01056.394 01049.841 01044.004 01038.267 01033.646
-9999.0 -9999.0 -9999.0 -9999.0 -9999.0 -9999.0 -9999.0 -9999.0 -9999.0 -9999.0 -9999.0 -9999.0 -9999.0 00997.986 01006.956 01011.752 01015.963 01019.508 01022.339 01027.246 01030.593 01033.807 01037.036 01038.917 01043.001 01046.280 01049.850 01053.707 01057.257 01060.586 01064.432 01068.308 01072.480 01076.576 01078.833 01082.672 01085.454 01088.270 01091.123 01094.070 01096.823 01098.706 01098.915 01100.640 01101.405 01102.169 01102.277 01101.682 01101.010 01099.185 01098.683 01095.004 01090.862 01086.179 01078.945 01075.080 01068.005 01061.476 01055.805 01049.146 01043.410 01037.884
-9999.0 -9999.0 -9999.0 -9999.0 -9999.0 -9999.0 -9999.0 -9999.0 -9999.0 -9999.0 -9999.0 -9999.0 -9999.0 01005.101 01010.149 01014.579 01018.495 01020.540 01026.113 01029.525 01032.806 01036.088 01038.429 01042.184 01045.469 01048.980 01052.813 01056.672 01059.840 01063.763 01067.625 01071.740 01076.150 01078.836 01083.099 01086.158 01089.069 01092.068 01095.155 01098.285 01098.866 01100.712 01101.650 01102.606 01103.433 01104.253 01105.103 01104.359 01103.656 01102.619 01101.293 01098.899 01097.267 01091.516 01086.176 01078.928 01074.391 01067.275 01060.740 01055.040 01048.333 01042.543
-9999.0 -9999.0 -9999.0 -9999.0 -9999.0 -9999.0 -9999.0 -9999.0 -9999.0 -9999.0 -9999.0 -9999.0 01003.183 01008.475 01013.108 01017.193 01020.011 01024.899 01028.385 01031.703 01034.981 01037.824 01040.748 01044.376 01047.839 01051.630 01055.805 01058.837 01062.891 01066.725 01070.836 01075.242 01078.782 01082.524 01085.682 01088.975 01092.409 01095.990 01098.690 01099.169 01101.162 01102.304 01103.455 01104.466 01105.437 01106.372 01108.101 01107.897 01106.365 01105.315 01103.826 01102.279 01100.242 01097.223 01091.355 01085.720 01078.875 01073.582 01066.517 01059.880 01053.918 01047.243
-9999.0 -9999.0 -9999.0 -9999.0 -9999.0 -9999.0 -9999.0 -9999.0 -9999.0 -9999.0 -9999.0 -9999.0 01006.592 01011.517 01015.829 01019.466 01022.121 01027.191 01030.559 01033.836 01037.147 01039.076 01043.263 01046.647 01050.344 01054.409 01057.863 01061.583 01065.485 01069.585 01073.989 01078.709 01080.386 01084.969 01088.252 01091.670 01095.220 01098.665 01099.449 01101.410 01102.665 01103.859 01105.046 01106.228 01108.305 01111.548 01116.920 01121.184 01115.760 01110.508 01106.428 01104.599 01102.380 01100.013 01096.737 01090.742 01085.112 01078.821 01072.664 01065.446 01058.683 01052.402
-9999.0 -9999.0 -9999.0 -9999.0 -9999.0 -9999.0 -9999.0 -9999.0 -9999.0 -9999.0 -9999.0 01004.296 01009.529 01014.081 01018.099 01020.398 01025.831 01029.309 01032.648 01035.980 01038.383 01042.119 01045.416 01049.007 01052.950 01056.840 01060.171 01064.167 01068.187 01072.508 01077.142 01078.910 01083.988 01087.309 01090.765 01094.360 01098.074 01098.897 01101.099 01102.461 01103.836 01105.230 01106.650 01109.980 01115.379 01121.099 01126.086 01131.489 01129.313 01122.900 01115.496 01106.803 01104.516 01102.209 01098.949 01096.059 01090.116 01084.442 01078.741 01071.330 01063.859 01056.878
-9999.0 -9999.0 -9999.0 -9999.0 -9999.0 -9999.0 -9999.0 -9999.0 -9999.0 -9999.0 01000.894 01007.338 01012.169 01016.417 01019.725 01023.985 01027.874 01031.260 01034.588 01037.631 01040.298 01044.121 01047.619 01051.450 01055.673 01058.769 01062.816 01066.748 01070.974 01075.512 01078.806 01082.871 01086.156 01089.577 01093.134 01096.831 01098.804 01100.713 01102.096 01103.497 01104.904 01106.316 01109.603 01116.032 01122.739 01128.665 01134.338 01140.397 01144.186 01135.483 01126.115 01115.120 01106.617 01104.259 01101.955 01098.882 01095.284 01089.200 01083.493 01076.996 01068.417 01060.733
-9999.0 -9999.0 -9999.0 -9999.0 -9999.0 -9999.0 -9999.0 -9999.0 -9999.0 -9999.0 01004.686 01009.938 01014.543 01018.565 01020.596 01026.307 01029.776 01033.120 01036.477 01038.682 01042.712 01046.113 01049.826 01053.912 01057.553 01061.203 01065.187 01069.330 01073.784 01078.564 01079.744 01084.986 01088.363 01091.881 01095.532 01098.699 01100.238 01101.615 01103.010 01104.422 01105.853 01108.141 01113.819 01120.911 01127.609 01134.518 01141.273 01147.903 -9999.0 -9999.000 01136.424 01125.061 01113.730 01106.356 01104.006 01101.677 01098.807 01094.171 01087.360 01078.937 01073.209 01065.025
-9999.0 -9999.0 -9999.0 -9999.0 -9999.0 -9999.0 -9999.0 -9999.0 -9999.0 00996.955 01007.036 01011.977 01016.308 01019.705 01024.004 01027.936 01031.380 01034.775 01037.771 01040.771 01044.509 01048.115 01052.014 01056.240 01059.417 01063.532 01067.578 01071.927 01076.595 01078.879 01083.692 01087.054 01090.554 01094.194 01097.977 01098.898 01101.143 01102.531 01103.937 01105.359 01106.800 01111.292 01118.646 01125.218 01132.067 01138.955 01145.575 -9999.000 -9999.0 -9999.0 -9999.000 01135.163 01123.833 01112.340 01106.082 01103.678 01101.160 01098.295 01091.186 01084.590 01078.038 01068.799
-9999.0 -9999.0 -9999.0 -9999.0 -9999.0 -9999.0 -9999.0 -9999.0 -9999.0 01003.703 01009.084 01013.779 01017.911 01020.354 01025.807 01029.356 01032.762 01036.162 01038.541 01042.509 01045.955 01049.722 01053.873 01057.591 01061.343 01065.403 01069.651 01074.227 01078.737 01082.240 01085.636 01089.084 01092.682 01096.415 01098.775 01100.599 01102.000 01103.418 01104.853 01106.304 01109.646 01116.214 01122.921 01129.655 01136.688 01143.238 -9999.000 -9999.0 -9999.0 -9999.0 -9999.0 -9999.000 01133.900 01122.634 01110.994 01105.427 01102.687 01099.272 01094.843 01087.598 01078.922 01072.505
-9999.0 -9999.0 -9999.0 -9999.0 -9999.0 -9999.0 -9999.0 -9999.0 -9999.0 01005.786 01010.920 01015.409 01019.356 01021.745 01027.183 01030.663 01034.047 01037.376 01039.741 01043.829 01047.384 01051.283 01055.586 01058.795 01062.987 01067.079 01071.483 01076.213 01078.861 01083.583 01087.014 01090.590 01094.311 01098.178 01098.924 01101.309 01102.749 01104.208 01105.695 01107.758 01113.310 01120.579 01127.302 01134.304 01141.043 01147.687 -9999.0 -9999.0 -9999.0 -9999.0 -9999.0 -9999.0 -9999.000 01132.396 01119.207 01107.157 01104.079 01101.219 01098.040 01090.464 01083.380 01075.793
-9999.0 -9999.0 -9999.0 -9999.0 -9999.0 -9999.0 -9999.0 -9999.0 01002.143 01007.736 01012.608 01016.883 01019.944 01024.862 01028.474 01031.910 01035.313 01038.074 01041.574 01045.056 01048.751 01052.820 01056.858 01060.345 01064.477 01068.670 01073.185 01078.035 01078.977 01084.832 01088.316 01091.965 01095.765 01098.729 01100.423 01101.855 01103.307 01104.777 01106.267 01109.694 01116.542 01123.430 01130.476 01137.946 01145.045 -9999.000 -9999.0 -9999.0 -9999.0 -9999.0 -9999.0 -9999.0 -9999.000 01140.542 01126.305 01111.458 01105.284 01102.309 01098.811 01092.863 01085.486 01078.690
-9999.0 -9999.0 -9999.0 -9999.0 -9999.0 -9999.0 -9999.0 -9999.0 01003.759 01009.147 01013.847 01017.982 01020.387 01025.895 01029.451 01032.865 01036.279 01038.607 01042.638 01046.102 01049.891 01054.068 01057.733 01061.542 01065.596 01069.860 01074.483 01078.753 01082.414 01085.809 01089.346 01093.027 01096.869 01098.818 01100.829 01102.265 01103.718 01105.190 01106.684 01111.118 01118.800 01125.955 01133.453 01140.749 01146.540 -9999.000 -9999.0 -9999.0 -9999.0 -9999.0 -9999.0 -9999.0 -9999.0 01142.540 01129.294 01115.861 01106.189 01103.215 01100.312 01095.199 01087.504 01078.877
-9999.0 -9999.0 -9999.0 -9999.0 -9999.0 -9999.0 -9999.0 -9999.0 01005.213 01010.415 01014.960 01018.968 01020.786 01026.805 01030.306 01033.696 01037.115 01039.201 01043.472 01046.999 01050.864 01055.129 01058.475 01062.557 01066.619 01070.995 01075.703 01078.830 01083.244 01086.642 01090.180 01093.861 01097.691 01098.883 01101.117 01102.551 01104.006 01105.496 01107.253 01112.949 01119.739 01125.445 01131.412 01137.437 01142.861 01147.996 -9999.000 -9999.0 -9999.0 -9999.0 -9999.0 -9999.0 -9999.000 01137.477 01124.794 01111.537 01105.509 01102.692 01098.926 01094.447 01087.195 01078.878
-9999.0 -9999.0 -9999.0 -9999.0 -9999.0 -9999.0 -9999.0 -9999.0 01006.522 01011.564 01015.957 01019.567 01023.132 01027.650 01031.107 01034.498 01037.611 01040.323 01044.191 01047.750 01051.653 01055.960 01059.107 01063.280 01067.364 01071.757 01076.477 01078.876 01083.717 01087.128 01090.679 01094.387 01098.237 01098.926 01101.327 01102.773 01104.145 01105.435 01106.738 01110.638 01116.880 01122.559 01128.359 01133.977 01139.079 01143.962 01148.653 -9999.0 -9999.0 -9999.0 -9999.0 -9999.000 01141.295 01131.266 01120.504 01108.807 01104.834 01102.131 01098.828 01093.425 01086.423 01078.820
-9999.0 -9999.0 -9999.0 -9999.0 -9999.0 -9999.0 -9999.0 01001.974 01007.548 01012.407 01016.673 01019.846 01024.611 01028.209 01031.625 01034.998 01037.886 01041.045 01044.670 01048.267 01052.243 01056.431 01059.724 01063.832 01067.913 01072.314 01077.037 01078.910 01084.069 01087.486 01091.055 01094.799 01098.454 01098.915 01101.129 01102.408 01103.664 01104.950 01106.237 01108.751 01113.638 01119.733 01124.685 01129.746 01135.025 01140.050 01145.010 -9999.000 -9999.0 -9999.0 -9999.0 01144.597 01134.798 01124.653 01114.423 01106.527 01103.954 01101.444 01098.686 01092.038 01085.323 01078.732
-9999.0 -9999.0 -9999.0 -9999.0 -9999.0 -9999.0 -9999.0 01002.824 01008.286 01013.053 01017.244 01020.076 01025.144 01028.714 01032.118 01035.475 01038.133 01041.646 01045.050 01048.681 01052.672 01056.704 01060.063 01064.173 01068.286 01072.673 01077.437 01078.936 01084.255 01087.403 01090.655 01093.970 01097.419 01098.830 01100.701 01101.937 01103.187 01104.412 01105.623 01106.855 01110.433 01115.614 01120.780 01125.728 01130.821 01136.118 01141.056 01146.055 -9999.000 -9999.0 -9999.000 01138.191 01128.019 01118.282 01108.777 01105.300 01102.996 01100.517 01097.115 01090.314 01083.832 01077.319
