examples/flatland/Outputs/centerIgnit/c_atmRAWS/singleWinds/flatland_centerIgnit_3mph60deg7hr_atmRAWS/flatland_centerIgnit_3mph60deg7hr_atmRAWS_HeatPerUnitArea.asc
NCOLS 100
NROWS 100
XLLCORNER 20000.000000
YLLCORNER 20000.000000
CELLSIZE 30.000000
NODATA_VALUE -9999.0
[rows 54 to 80 of 100, columns 0 to 61 of 100]
-9999.0 -9999.0 -9999.0 -9999.0 -9999.0 -9999.0 -9999.0 01003.608 01008.934 01013.589 01017.689 01020.243 01025.501 01029.024 01032.394 01035.748 01038.283 01041.984 01045.315 01048.949 01052.949 01056.894 01060.327 01064.421 01068.409 01072.532 01076.918 01078.879 01083.460 01086.510 01089.673 01092.978 01096.311 01098.729 01100.212 01101.419 01102.605 01103.804 01104.959 01106.051 01107.597 01111.210 01116.789 01121.779 01126.775 01131.918 01137.166 01142.087 01146.583 -9999.000 01141.358 01131.488 01121.522 01111.154 01106.083 01103.960 01101.821 01098.857 01094.562 01088.193 01082.227 01074.977
-9999.0 -9999.0 -9999.0 -9999.0 -9999.0 -9999.0 -9999.0 01004.066 01009.335 01013.943 01018.004 01020.365 01025.755 01029.235 01032.577 01035.913 01038.364 01042.120 01045.470 01049.128 01053.129 01056.830 01059.921 01063.727 01067.483 01071.518 01075.811 01078.802 01082.571 01085.587 01088.621 01091.755 01095.005 01098.268 01098.875 01100.829 01101.992 01103.055 01104.128 01105.203 01106.279 01108.342 01112.202 01117.900 01122.783 01127.821 01132.970 01136.670 01140.726 01139.417 01132.836 01124.451 01114.773 01106.798 01104.687 01102.613 01100.533 01098.083 01092.040 01085.922 01078.851 01072.555
-9999.0 -9999.0 -9999.0 -9999.0 -9999.0 -9999.0 -9999.0 01004.414 01009.604 01014.147 01018.156 01020.426 01025.892 01029.366 01032.710 01036.033 01038.421 01042.030 01045.156 01048.536 01052.217 01056.161 01059.003 01062.857 01066.505 01070.364 01074.485 01078.717 01078.985 01084.467 01087.461 01090.461 01093.504 01096.646 01098.743 01099.818 01101.194 01102.249 01103.297 01104.353 01105.422 01106.502 01109.097 01113.407 01118.810 01123.418 01127.078 01130.470 01134.395 01130.032 01124.245 01117.610 01108.722 01105.396 01103.310 01101.261 01098.782 01094.606 01089.122 01083.609 01077.700 01069.597
-9999.0 -9999.0 -9999.0 -9999.0 -9999.0 -9999.0 -9999.0 01004.584 01009.730 01014.244 01018.237 01020.453 01025.969 01029.263 01032.418 01035.574 01038.072 01041.163 01044.495 01047.783 01051.366 01055.286 01058.254 01061.805 01065.414 01069.139 01073.057 01077.229 01078.883 01083.265 01086.053 01088.931 01091.908 01094.864 01097.758 01098.808 01100.391 01101.421 01102.463 01103.514 01104.576 01105.643 01106.710 01109.699 01113.880 01117.889 01121.306 01124.052 01126.477 01121.402 01115.975 01109.857 01105.957 01104.005 01101.954 01098.933 01096.675 01091.257 01085.974 01078.928 01074.316 01066.732
-9999.0 -9999.0 -9999.0 -9999.0 -9999.0 -9999.0 -9999.0 01004.630 01009.778 01014.184 01017.970 01020.262 01025.323 01028.642 01031.809 01034.934 01037.694 01040.126 01043.785 01046.962 01050.391 01054.136 01057.445 01060.582 01064.145 01067.723 01071.538 01075.452 01078.757 01080.727 01084.595 01087.411 01090.075 01092.805 01095.601 01098.420 01098.856 01100.603 01101.634 01102.678 01103.733 01104.765 01105.796 01106.754 01108.933 01111.408 01114.369 01117.521 01117.118 01112.078 01108.394 01106.031 01104.449 01102.535 01100.601 01098.535 01093.075 01087.886 01082.939 01077.818 01070.693 01063.931
-9999.0 -9999.0 -9999.0 -9999.0 -9999.0 -9999.0 -9999.0 01004.043 01009.032 01013.384 01017.280 01019.980 01024.664 01027.972 01031.110 01034.190 01037.272 01038.961 01042.908 01045.990 01049.308 01052.820 01056.429 01059.163 01062.807 01066.146 01069.679 01073.446 01077.411 01078.881 01082.988 01085.491 01088.075 01090.735 01093.427 01096.182 01098.674 01098.903 01100.817 01101.838 01102.834 01103.857 01104.771 01105.530 01106.318 01106.891 01108.686 01110.441 01108.744 01106.591 01105.592 01104.263 01102.916 01101.087 01098.777 01094.862 01089.617 01084.626 01078.828 01073.473 01066.858 01060.681
-9999.0 -9999.0 -9999.0 -9999.0 -9999.0 -9999.0 -9999.0 01003.046 01008.135 01012.612 01016.535 01019.657 01022.774 01027.210 01030.319 01033.346 01036.392 01038.462 01041.953 01044.864 01048.009 01051.424 01055.148 01057.971 01061.120 01064.488 01067.880 01071.478 01075.177 01078.716 01078.947 01083.639 01086.115 01088.648 01091.270 01093.982 01096.770 01098.722 01099.062 01100.955 01101.945 01102.807 01103.577 01104.332 01104.953 01105.496 01105.981 01106.381 01105.567 01104.769 01103.821 01102.550 01101.214 01098.866 01096.309 01091.311 01086.288 01078.977 01075.980 01069.353 01063.235 01057.487
-9999.0 -9999.0 -9999.0 -9999.0 -9999.0 -9999.0 -9999.0 01001.978 01007.128 01011.662 01015.675 01019.221 01020.718 01026.252 01029.408 01032.451 01035.406 01037.864 01040.332 01043.758 01046.809 01049.975 01053.377 01056.695 01059.317 01062.743 01065.995 01069.225 01072.599 01076.142 01078.775 01079.470 01084.143 01086.632 01089.190 01091.814 01094.533 01097.209 01098.748 01099.508 01100.899 01101.642 01102.400 01103.023 01103.592 01104.034 01104.474 01104.438 01103.768 01102.971 01102.045 01100.851 01098.849 01097.331 01092.427 01087.702 01083.057 01078.336 01071.542 01065.375 01059.498 01054.229
-9999.0 -9999.0 -9999.0 -9999.0 -9999.0 -9999.0 -9999.0 -9999.0 01005.921 01010.500 01014.561 01018.188 01020.297 01025.261 01028.374 01031.343 01034.258 01037.212 01038.865 01042.516 01045.312 01048.312 01051.569 01055.084 01057.868 01060.778 01063.855 01066.876 01070.066 01073.424 01076.931 01078.821 01082.212 01084.643 01087.149 01089.683 01092.202 01094.792 01097.503 01098.727 01098.895 01100.487 01101.140 01101.689 01102.179 01102.596 01102.983 01102.606 01101.987 01101.215 01100.289 01098.764 01096.596 01092.972 01088.618 01084.202 01078.824 01073.713 01067.400 01061.568 01056.448 01050.476
-9999.0 -9999.0 -9999.0 -9999.0 -9999.0 -9999.0 -9999.0 -9999.0 01004.423 01009.181 01013.392 01017.088 01019.807 01023.268 01027.202 01030.208 01033.140 01035.963 01038.097 01040.749 01043.886 01046.757 01049.846 01053.119 01056.274 01058.563 01061.603 01064.608 01067.624 01070.780 01074.104 01077.662 01078.867 01082.707 01085.046 01087.464 01089.933 01092.437 01094.464 01096.552 01098.538 01098.790 01098.911 01100.344 01100.763 01101.128 01101.361 01100.842 01100.202 01098.834 01098.435 01095.457 01092.131 01088.663 01084.958 01078.909 01075.545 01069.387 01063.526 01057.936 01052.519 01046.933
-9999.0 -9999.0 -9999.0 -9999.0 -9999.0 -9999.0 -9999.0 -9999.0 01002.908 01007.727 01011.987 01015.783 01019.170 01020.649 01025.989 01028.937 01031.759 01034.545 01037.303 01038.840 01042.412 01045.153 01047.911 01050.862 01053.997 01056.885 01059.224 01062.299 01065.205 01068.260 01071.475 01074.827 01078.357 01078.902 01082.979 01085.254 01087.594 01089.538 01091.477 01093.432 01095.305 01096.833 01098.327 01098.716 01098.799 01098.869 01098.863 01098.750 01098.253 01096.207 01093.730 01090.996 01087.851 01084.588 01078.968 01076.751 01070.791 01065.174 01059.556 01054.631 01048.727 01043.630
-9999.0 -9999.0 -9999.0 -9999.0 -9999.0 -9999.0 -9999.0 -9999.0 -9999.0 01005.966 01010.390 01014.329 01017.863 01020.063 01024.489 01027.494 01030.349 01033.101 01035.866 01038.018 01040.299 01043.356 01045.937 01048.670 01051.620 01054.760 01057.365 01059.863 01062.901 01065.796 01068.888 01072.074 01075.321 01078.666 01078.918 01083.023 01084.835 01086.734 01088.524 01090.394 01091.827 01093.302 01094.533 01095.648 01096.500 01097.343 01096.511 01095.159 01093.541 01091.551 01089.225 01086.749 01083.766 01078.903 01077.079 01071.771 01066.253 01061.042 01056.411 01050.607 01045.263 01039.758
-9999.0 -9999.0 -9999.0 -9999.0 -9999.0 -9999.0 -9999.0 -9999.0 -9999.0 01004.064 01008.711 01012.695 01016.256 01019.403 01020.718 01025.956 01028.844 01031.620 01034.305 01036.880 01038.468 01041.330 01044.022 01046.613 01049.341 01052.239 01055.408 01057.823 01060.492 01063.486 01066.290 01069.265 01072.354 01075.548 01078.644 01078.876 01082.187 01083.926 01085.658 01087.128 01088.478 01089.800 01090.850 01091.708 01092.535 01092.928 01091.847 01090.636 01089.012 01087.178 01084.915 01082.685 01078.820 01076.054 01071.531 01067.143 01062.022 01057.319 01052.130 01046.943 01042.050 01037.499
-9999.0 -9999.0 -9999.0 -9999.0 -9999.0 -9999.0 -9999.0 -9999.0 -9999.0 01001.943 01006.616 01010.783 01014.518 01017.839 01020.023 01024.119 01027.301 01029.944 01032.503 01035.040 01037.430 01038.834 01042.107 01044.550 01047.158 01049.935 01052.896 01056.039 01058.248 01060.949 01063.795 01066.519 01069.417 01072.249 01074.785 01077.476 01078.791 01078.949 01082.650 01083.961 01085.255 01086.294 01087.247 01087.967 01088.641 01088.416 01087.516 01086.303 01084.713 01082.989 01078.918 01078.711 01074.607 01070.560 01066.417 01062.438 01057.942 01053.280 01048.108 01043.464 01038.376 01034.476
-9999.0 -9999.0 -9999.0 -9999.0 -9999.0 -9999.0 -9999.0 -9999.0 -9999.0 -9999.0 01004.310 01008.692 01012.593 01016.105 01019.278 01020.560 01025.378 01028.088 01030.657 01033.178 01035.678 01037.751 01039.335 01042.615 01045.054 01047.695 01050.513 01053.453 01056.339 01058.445 01061.142 01063.906 01066.350 01068.715 01071.141 01073.517 01075.979 01078.224 01078.801 01078.921 01081.643 01082.928 01083.690 01084.335 01084.894 01084.238 01083.368 01082.150 01078.897 01078.736 01076.023 01072.844 01069.170 01065.487 01061.680 01057.907 01054.131 01049.002 01044.425 01039.136 01036.021 01031.251
-9999.0 -9999.0 -9999.0 -9999.0 -9999.0 -9999.0 -9999.0 -9999.0 -9999.0 -9999.0 01001.239 01006.423 01010.537 01014.166 01017.293 01019.709 01021.403 01026.130 01028.775 01031.263 01033.713 01036.191 01038.033 01040.086 01043.111 01045.580 01048.110 01050.855 01053.712 01056.460 01058.526 01060.920 01063.191 01065.378 01067.580 01069.742 01071.946 01073.743 01075.630 01077.361 01078.713 01078.795 01078.860 01078.910 01078.935 01078.858 01078.774 01077.973 01075.659 01073.209 01070.263 01067.402 01064.206 01060.630 01057.325 01053.636 01049.538 01045.071 01040.414 01037.034 01032.575 01027.969
-9999.0 -9999.0 -9999.0 -9999.0 -9999.0 -9999.0 -9999.0 -9999.0 -9999.0 -9999.0 -9999.0 01003.941 01008.089 01011.806 01015.124 01018.123 01020.033 01023.397 01026.745 01029.297 01031.774 01034.216 01036.696 01038.308 01040.754 01043.463 01045.857 01048.296 01050.981 01053.822 01056.237 01057.944 01059.908 01062.117 01064.176 01066.146 01067.878 01069.534 01071.270 01072.618 01073.940 01074.976 01075.874 01076.645 01076.349 01075.167 01073.772 01072.141 01069.904 01067.742 01065.068 01062.389 01059.232 01056.485 01052.760 01048.873 01045.200 01041.300 01037.547 01033.515 01029.119 01024.293
-9999.0 -9999.0 -9999.0 -9999.0 -9999.0 -9999.0 -9999.0 -9999.0 -9999.0 -9999.0 -9999.0 -9999.0 01005.219 01009.182 01012.734 01015.965 01018.821 01020.290 01024.648 01027.285 01029.811 01032.272 01034.709 01037.110 01038.485 01041.088 01043.612 01045.947 01048.385 01050.644 01052.925 01055.312 01057.144 01058.692 01060.786 01062.470 01064.069 01065.591 01066.939 01068.202 01069.238 01070.123 01070.841 01071.555 01070.656 01069.598 01068.307 01066.753 01064.750 01062.707 01060.039 01057.683 01055.231 01051.521 01048.064 01044.618 01041.002 01037.854 01034.137 01029.967 01025.508 01019.726
-9999.0 -9999.0 -9999.0 -9999.0 -9999.0 -9999.0 -9999.0 -9999.0 -9999.0 -9999.0 -9999.0 -9999.0 01002.152 01006.359 01010.116 01013.490 01016.571 01019.371 01020.526 01025.193 01027.804 01030.295 01032.650 01034.997 01037.285 01038.558 01041.200 01043.646 01045.572 01047.606 01049.716 01051.801 01054.011 01056.157 01057.462 01058.678 01060.238 01061.706 01062.915 01064.031 01064.879 01065.558 01066.156 01066.311 01065.513 01064.559 01063.263 01061.776 01059.680 01057.909 01055.909 01053.036 01050.195 01046.927 01043.852 01040.102 01037.564 01034.397 01030.540 01026.276 01020.162 01016.308
-9999.0 -9999.0 -9999.0 -9999.0 -9999.0 -9999.0 -9999.0 -9999.0 -9999.0 -9999.0 -9999.0 -9999.0 -9999.0 01003.185 01007.256 01010.863 01014.147 01017.159 01019.606 01020.752 01025.668 01028.159 01030.543 01032.834 01035.121 01037.322 01038.543 01040.617 01042.923 01044.753 01046.671 01048.521 01050.560 01052.297 01054.074 01055.740 01056.993 01057.894 01058.784 01059.728 01060.591 01061.245 01061.797 01061.462 01060.658 01059.576 01058.348 01057.209 01055.536 01053.348 01050.705 01048.096 01045.639 01042.755 01038.931 01037.157 01033.866 01030.491 01026.820 01020.454 01017.254 01011.917
-9999.0 -9999.0 -9999.0 -9999.0 -9999.0 -9999.0 -9999.0 -9999.0 -9999.0 -9999.0 -9999.0 -9999.0 -9999.0 -9999.0 01004.039 01008.005 01011.595 01014.782 01017.714 01019.797 01021.369 01025.924 01028.328 01030.632 01032.896 01035.028 01036.946 01038.145 01039.477 01042.053 01043.768 01045.501 01047.159 01048.641 01050.213 01051.717 01053.080 01054.369 01055.489 01056.306 01056.835 01057.278 01057.664 01057.091 01056.465 01055.534 01054.008 01052.315 01050.350 01048.324 01046.041 01043.759 01041.268 01038.311 01036.233 01033.183 01029.945 01026.445 01020.623 01017.896 01012.819 01006.699
-9999.0 -9999.0 -9999.0 -9999.0 -9999.0 -9999.0 -9999.0 -9999.0 -9999.0 -9999.0 -9999.0 -9999.0 -9999.0 -9999.0 -9999.0 01004.875 01008.722 01012.213 01015.257 01018.031 01019.900 01021.824 01026.002 01028.373 01030.498 01032.419 01034.303 01036.181 01037.662 01038.621 01040.533 01042.563 01043.924 01045.273 01046.673 01047.913 01049.049 01050.216 01051.062 01051.847 01052.496 01053.039 01053.123 01052.310 01051.445 01050.413 01048.969 01047.489 01045.699 01043.949 01041.797 01038.820 01037.540 01035.079 01032.190 01029.208 01025.821 01020.390 01017.984 01013.464 01007.653 -9999.0
-9999.0 -9999.0 -9999.0 -9999.0 -9999.0 -9999.0 -9999.0 -9999.0 -9999.0 -9999.0 -9999.0 -9999.0 -9999.0 -9999.0 -9999.0 00998.695 01005.587 01009.215 01012.538 01015.507 01018.174 01019.928 01021.898 01025.807 01027.840 01029.791 01031.652 01033.454 01035.184 01036.897 01037.977 01038.738 01040.344 01042.127 01043.382 01044.372 01045.379 01046.283 01047.062 01047.667 01048.148 01048.582 01048.262 01047.627 01046.806 01045.790 01044.516 01043.167 01041.320 01038.911 01037.739 01035.926 01033.604 01031.011 01028.111 01024.966 01020.094 01017.396 01013.199 01008.326 00999.795 -9999.0
-9999.0 -9999.0 -9999.0 -9999.0 -9999.0 -9999.0 -9999.0 -9999.0 -9999.0 -9999.0 -9999.0 -9999.0 -9999.0 -9999.0 -9999.0 -9999.0 01002.071 01005.997 01009.473 01012.676 01015.560 01018.188 01019.823 01020.720 01025.052 01027.038 01028.927 01030.665 01032.379 01034.044 01035.454 01036.828 01037.747 01038.466 01039.145 01040.626 01041.966 01042.696 01043.364 01043.873 01044.256 01044.572 01044.051 01043.434 01042.608 01041.488 01039.688 01038.477 01037.550 01036.067 01033.940 01031.778 01029.470 01026.857 01022.484 01019.687 01016.605 01012.520 01007.662 01001.966 -9999.0 -9999.0
-9999.0 -9999.0 -9999.0 -9999.0 -9999.0 -9999.0 -9999.0 -9999.0 -9999.0 -9999.0 -9999.0 -9999.0 -9999.0 -9999.0 -9999.0 -9999.0 -9999.0 01002.333 01006.113 01009.521 01012.664 01015.231 01017.516 01019.495 01020.366 01023.522 01025.998 01027.806 01029.542 01030.982 01032.363 01033.676 01034.975 01036.131 01037.132 01037.737 01038.176 01038.579 01038.885 01039.387 01039.940 01039.919 01039.127 01038.695 01038.215 01037.632 01036.710 01035.275 01033.602 01031.891 01029.796 01027.571 01025.115 01020.502 01018.891 01015.491 01011.549 01006.781 -9999.0 -9999.0 -9999.0 -9999.0
-9999.0 -9999.0 -9999.0 -9999.0 -9999.0 -9999.0 -9999.0 -9999.0 -9999.0 -9999.0 -9999.0 -9999.0 -9999.0 -9999.0 -9999.0 -9999.0 -9999.0 -9999.0 01002.356 01006.084 01009.081 01011.854 01014.348 01016.634 01018.747 01019.912 01020.709 01024.784 01026.396 01027.851 01029.236 01030.533 01031.766 01032.780 01033.751 01034.649 01035.387 01036.050 01036.566 01036.945 01037.279 01036.979 01036.442 01035.758 01034.880 01033.775 01032.568 01031.104 01029.438 01027.661 01025.455 01020.778 01019.703 01017.508 01014.027 01010.095 01005.574 -9999.0 -9999.0 -9999.0 -9999.0 -9999.0
-9999.0 -9999.0 -9999.0 -9999.0 -9999.0 -9999.0 -9999.0 -9999.0 -9999.0 -9999.0 -9999.0 -9999.0 -9999.0 -9999.0 -9999.0 -9999.0 -9999.0 -9999.0 -9999.0 01000.842 01005.019 01008.071 01010.781 01013.269 01015.488 01017.503 01019.379 01020.111 01020.753 01024.546 01025.938 01027.309 01028.391 01029.414 01030.398 01031.142 01031.874 01032.418 01032.868 01033.241 01033.442 01032.971 01032.405 01031.671 01030.797 01029.652 01028.394 01026.842 01025.059 01020.804 01019.844 01018.098 01015.397 01012.378 01008.385 01003.788 -9999.0 -9999.0 -9999.0 -9999.0 -9999.0 -9999.0
