examples/flatland/Outputs/centerIgnit/c_atmRAWS/singleWinds/flatland_centerIgnit_3mph60deg7hr_atmRAWS/flatland_centerIgnit_3mph60deg7hr_atmRAWS_Intensity.asc
NCOLS 100
NROWS 100
XLLCORNER 20000.000000
YLLCORNER 20000.000000
CELLSIZE 30.000000
NODATA_VALUE -9999.0
[rows 54 to 80 of 100, columns 0 to 61 of 100]
-9999.0 -9999.0 -9999.0 -9999.0 -9999.0 -9999.0 -9999.0 00039.016 00039.685 00040.310 00040.900 00041.299 00042.117 00042.698 00043.334 00043.987 00044.478 00045.162 00045.797 00046.480 00047.219 00048.016 00048.915 00049.858 00050.491 00051.110 00051.958 00052.522 00053.530 00054.318 00054.736 00055.275 00055.908 00056.359 00056.678 00056.894 00057.084 00057.275 00057.421 00057.483 00057.604 00058.072 00058.818 00059.490 00060.163 00060.846 00061.342 00061.735 00057.945 -9999.000 00035.735 00033.265 00032.263 00031.503 00031.072 00030.504 00029.696 00028.947 00028.032 00027.255 00026.549 00025.842
-9999.0 -9999.0 -9999.0 -9999.0 -9999.0 -9999.0 -9999.0 00039.316 00039.991 00040.622 00041.219 00041.603 00042.469 00043.070 00043.783 00044.562 00045.091 00045.841 00046.527 00047.266 00048.070 00048.946 00049.697 00050.404 00051.038 00051.757 00052.673 00053.242 00053.883 00054.399 00054.897 00055.402 00055.964 00056.466 00056.575 00056.868 00057.047 00057.119 00057.184 00057.276 00057.399 00057.677 00058.199 00058.959 00059.588 00059.856 00059.975 00057.002 00052.859 00044.962 00037.203 00034.021 00032.052 00031.189 00031.027 00030.729 00030.090 00029.401 00028.637 00027.584 00026.723 00025.996
-9999.0 -9999.0 -9999.0 -9999.0 -9999.0 -9999.0 -9999.0 00039.631 00040.315 00040.951 00041.545 00041.924 00042.901 00043.651 00044.459 00045.161 00045.715 00046.489 00047.201 00047.980 00048.846 00049.680 00049.993 00050.729 00051.405 00052.076 00052.775 00053.470 00053.573 00054.407 00054.925 00055.395 00055.836 00056.290 00056.604 00056.710 00056.829 00056.898 00057.009 00057.138 00057.282 00057.428 00057.743 00058.214 00058.480 00058.508 00058.039 00055.811 00050.067 00041.093 00036.862 00034.415 00032.245 00031.277 00030.933 00030.772 00030.341 00029.649 00028.896 00027.943 00027.042 00026.153
-9999.0 -9999.0 -9999.0 -9999.0 -9999.0 -9999.0 -9999.0 00039.995 00040.716 00041.470 00042.222 00042.735 00043.833 00044.502 00045.053 00045.646 00046.260 00047.000 00047.772 00048.397 00049.050 00049.731 00050.238 00050.865 00051.505 00052.128 00052.749 00053.404 00053.708 00054.376 00054.811 00055.225 00055.659 00056.056 00056.394 00056.475 00056.636 00056.742 00056.881 00057.023 00057.161 00057.241 00057.151 00057.136 00057.114 00056.581 00055.452 00051.935 00047.334 00040.970 00036.998 00034.536 00032.793 00031.556 00030.892 00030.604 00030.387 00029.688 00028.943 00028.018 00027.193 00026.303
-9999.0 -9999.0 -9999.0 -9999.0 -9999.0 -9999.0 -9999.0 00040.448 00041.197 00042.048 00042.739 00043.169 00044.069 00044.732 00045.384 00046.073 00046.645 00047.151 00047.858 00048.458 00049.086 00049.756 00050.353 00050.886 00051.471 00052.053 00052.667 00053.275 00053.791 00054.103 00054.639 00055.041 00055.365 00055.686 00056.010 00056.355 00056.391 00056.628 00056.767 00056.869 00056.939 00056.756 00056.516 00056.086 00055.471 00054.806 00053.109 00049.177 00044.912 00038.661 00036.669 00034.782 00032.913 00031.916 00031.085 00030.605 00030.166 00029.648 00029.058 00028.482 00027.363 00026.440
-9999.0 -9999.0 -9999.0 -9999.0 -9999.0 -9999.0 -9999.0 00040.908 00041.720 00042.406 00042.935 00043.434 00044.281 00044.909 00045.532 00046.159 00046.778 00047.129 00047.890 00048.482 00049.099 00049.708 00050.322 00050.794 00051.397 00051.936 00052.492 00053.073 00053.633 00053.839 00054.385 00054.694 00055.011 00055.328 00055.658 00056.026 00056.365 00056.393 00056.576 00056.593 00056.390 00056.175 00055.763 00055.078 00054.300 00053.424 00051.511 00047.538 00042.051 00038.367 00036.697 00035.280 00033.196 00032.099 00031.189 00030.516 00029.933 00029.529 00028.933 00028.325 00027.522 00026.563
-9999.0 -9999.0 -9999.0 -9999.0 -9999.0 -9999.0 -9999.0 00041.184 00041.871 00042.500 00043.088 00043.621 00044.183 00044.991 00045.578 00046.162 00046.756 00047.180 00047.888 00048.428 00048.996 00049.598 00050.236 00050.713 00051.228 00051.770 00052.268 00052.786 00053.302 00053.766 00053.760 00054.373 00054.676 00054.994 00055.354 00055.722 00056.076 00056.252 00056.142 00056.200 00056.033 00055.461 00054.864 00054.203 00053.249 00052.056 00049.083 00045.692 00041.462 00038.507 00037.170 00035.580 00033.830 00032.532 00031.278 00030.485 00029.775 00029.118 00028.864 00028.155 00027.474 00026.691
-9999.0 -9999.0 -9999.0 -9999.0 -9999.0 -9999.0 -9999.0 00041.192 00041.887 00042.540 00043.156 00043.736 00044.010 00044.954 00045.544 00046.132 00046.715 00047.213 00047.706 00048.340 00048.901 00049.455 00050.034 00050.591 00051.004 00051.522 00051.990 00052.428 00052.877 00053.343 00053.677 00053.735 00054.370 00054.713 00055.062 00055.376 00055.683 00055.886 00055.841 00055.740 00055.281 00054.501 00053.964 00053.249 00052.226 00050.704 00048.511 00044.477 00039.696 00038.428 00037.178 00035.716 00034.288 00033.056 00031.425 00030.483 00029.749 00029.111 00028.535 00027.982 00027.327 00026.686
-9999.0 -9999.0 -9999.0 -9999.0 -9999.0 -9999.0 -9999.0 -9999.0 00041.887 00042.524 00043.124 00043.696 00044.061 00044.908 00045.489 00046.066 00046.641 00047.224 00047.575 00048.212 00048.721 00049.255 00049.797 00050.354 00050.790 00051.201 00051.610 00052.033 00052.460 00052.902 00053.361 00053.628 00054.098 00054.422 00054.709 00054.990 00055.261 00055.309 00055.341 00054.952 00054.223 00053.650 00052.959 00052.255 00051.510 00050.179 00046.502 00042.554 00039.824 00038.338 00037.160 00035.791 00034.423 00033.121 00031.695 00030.495 00029.652 00028.937 00028.249 00027.738 00027.208 00026.522
-9999.0 -9999.0 -9999.0 -9999.0 -9999.0 -9999.0 -9999.0 -9999.0 00041.802 00042.454 00043.069 00043.645 00044.102 00044.702 00045.407 00045.978 00046.552 00047.081 00047.484 00047.969 00048.528 00049.014 00049.525 00050.040 00050.485 00050.783 00051.215 00051.643 00052.051 00052.487 00052.961 00053.457 00053.593 00054.072 00054.319 00054.572 00054.538 00054.422 00054.205 00053.958 00053.505 00052.805 00052.108 00051.502 00050.663 00048.147 00045.071 00042.032 00039.750 00038.181 00037.114 00035.741 00034.327 00033.089 00031.870 00030.413 00029.661 00028.789 00028.050 00027.469 00026.977 00026.343
-9999.0 -9999.0 -9999.0 -9999.0 -9999.0 -9999.0 -9999.0 -9999.0 00041.713 00042.367 00042.982 00043.564 00044.112 00044.384 00045.301 00045.830 00046.348 00046.868 00047.378 00047.655 00048.282 00048.754 00049.174 00049.605 00050.065 00050.490 00050.820 00051.254 00051.677 00052.118 00052.575 00053.000 00053.440 00053.427 00053.859 00053.814 00053.729 00053.538 00053.317 00052.931 00052.485 00052.019 00051.519 00050.590 00049.133 00046.806 00044.044 00041.012 00039.434 00037.986 00036.794 00035.503 00034.182 00033.029 00031.381 00030.545 00029.533 00028.680 00027.905 00027.245 00026.665 00026.161
-9999.0 -9999.0 -9999.0 -9999.0 -9999.0 -9999.0 -9999.0 -9999.0 -9999.0 00042.244 00042.863 00043.449 00044.007 00044.361 00045.089 00045.617 00046.133 00046.626 00047.125 00047.514 00047.895 00048.384 00048.779 00049.206 00049.655 00050.121 00050.505 00050.882 00051.331 00051.733 00052.129 00052.517 00052.889 00053.163 00052.873 00053.072 00052.899 00052.708 00052.361 00051.967 00051.535 00051.086 00050.397 00049.511 00048.115 00046.659 00042.698 00040.346 00038.938 00037.599 00036.489 00035.045 00034.004 00033.010 00031.808 00030.425 00029.443 00028.555 00027.815 00027.064 00026.404 00025.833
-9999.0 -9999.0 -9999.0 -9999.0 -9999.0 -9999.0 -9999.0 -9999.0 -9999.0 00042.085 00042.722 00043.281 00043.806 00044.294 00044.517 00045.375 00045.873 00046.366 00046.842 00047.269 00047.514 00047.984 00048.419 00048.828 00049.250 00049.707 00050.199 00050.564 00050.925 00051.321 00051.651 00051.991 00052.195 00052.348 00052.441 00052.086 00052.119 00051.856 00051.457 00051.067 00050.651 00050.144 00049.433 00048.796 00047.054 00044.447 00041.559 00039.854 00038.562 00037.471 00036.218 00034.822 00033.813 00032.970 00031.779 00030.299 00029.325 00028.396 00027.634 00026.893 00026.220 00025.656
-9999.0 -9999.0 -9999.0 -9999.0 -9999.0 -9999.0 -9999.0 -9999.0 -9999.0 00041.875 00042.480 00043.048 00043.588 00044.080 00044.413 00045.071 00045.611 00046.044 00046.465 00046.885 00047.287 00047.510 00048.057 00048.452 00048.883 00049.330 00049.786 00050.231 00050.512 00050.829 00051.151 00051.295 00051.440 00051.524 00051.518 00051.503 00051.283 00050.892 00050.704 00050.183 00049.823 00049.173 00048.505 00047.900 00045.378 00042.972 00040.836 00039.330 00038.153 00037.109 00035.751 00034.631 00033.574 00032.624 00031.675 00030.287 00029.196 00028.188 00027.447 00026.734 00026.014 00025.432
-9999.0 -9999.0 -9999.0 -9999.0 -9999.0 -9999.0 -9999.0 -9999.0 -9999.0 -9999.0 00042.217 00042.792 00043.327 00043.826 00044.302 00044.486 00045.239 00045.670 00046.092 00046.514 00046.936 00047.283 00047.551 00048.117 00048.526 00048.931 00049.341 00049.739 00050.103 00050.309 00050.552 00050.710 00050.668 00050.668 00050.654 00050.605 00050.546 00050.302 00049.619 00048.981 00048.709 00048.265 00047.600 00046.186 00044.054 00042.073 00040.224 00038.831 00037.574 00036.731 00035.561 00034.249 00033.208 00032.289 00031.375 00030.387 00029.316 00027.961 00027.263 00026.480 00025.922 00025.253
-9999.0 -9999.0 -9999.0 -9999.0 -9999.0 -9999.0 -9999.0 -9999.0 -9999.0 -9999.0 00041.849 00042.502 00043.040 00043.541 00043.974 00044.310 00044.548 00045.296 00045.724 00046.139 00046.553 00046.992 00047.315 00047.665 00048.144 00048.518 00048.858 00049.215 00049.538 00049.810 00049.962 00049.892 00049.713 00049.844 00049.820 00049.749 00049.587 00049.142 00048.745 00048.362 00047.965 00047.289 00046.417 00044.906 00042.962 00040.305 00039.444 00038.302 00037.235 00036.219 00035.071 00033.872 00032.859 00031.823 00031.078 00030.198 00029.204 00027.995 00027.033 00026.423 00025.732 00025.066
-9999.0 -9999.0 -9999.0 -9999.0 -9999.0 -9999.0 -9999.0 -9999.0 -9999.0 -9999.0 -9999.0 00042.177 00042.691 00043.168 00043.615 00044.031 00044.296 00044.808 00045.343 00045.769 00046.202 00046.631 00047.049 00047.294 00047.672 00048.062 00048.376 00048.641 00048.922 00049.213 00049.163 00048.922 00048.974 00049.018 00049.005 00048.902 00048.514 00048.120 00047.753 00047.394 00047.014 00046.329 00045.411 00044.304 00042.020 00039.848 00038.780 00037.640 00036.646 00035.702 00034.611 00033.679 00032.584 00031.540 00030.754 00029.923 00028.983 00027.963 00026.922 00026.221 00025.533 00024.854
-9999.0 -9999.0 -9999.0 -9999.0 -9999.0 -9999.0 -9999.0 -9999.0 -9999.0 -9999.0 -9999.0 -9999.0 00042.290 00042.784 00043.241 00043.675 00044.078 00044.281 00044.974 00045.414 00045.845 00046.243 00046.637 00047.011 00047.188 00047.576 00047.881 00048.077 00048.331 00048.275 00048.190 00048.309 00048.316 00048.245 00048.235 00047.908 00047.542 00047.185 00046.841 00046.493 00045.956 00045.237 00044.230 00043.205 00040.758 00039.158 00038.082 00037.024 00036.089 00035.014 00034.124 00033.283 00032.356 00031.160 00030.398 00029.632 00028.735 00027.900 00026.881 00026.023 00025.320 00024.582
-9999.0 -9999.0 -9999.0 -9999.0 -9999.0 -9999.0 -9999.0 -9999.0 -9999.0 -9999.0 -9999.0 -9999.0 00041.872 00042.378 00042.851 00043.293 00043.719 00044.133 00044.304 00045.039 00045.443 00045.838 00046.195 00046.549 00046.894 00047.058 00047.245 00047.421 00047.444 00047.383 00047.503 00047.543 00047.585 00047.614 00047.315 00046.941 00046.625 00046.310 00045.991 00045.610 00045.057 00044.596 00043.246 00041.254 00039.645 00038.475 00037.512 00036.692 00035.512 00034.517 00033.740 00032.869 00031.981 00030.823 00030.065 00029.264 00028.538 00027.720 00026.757 00025.821 00024.980 00024.421
-9999.0 -9999.0 -9999.0 -9999.0 -9999.0 -9999.0 -9999.0 -9999.0 -9999.0 -9999.0 -9999.0 -9999.0 -9999.0 00041.947 00042.442 00042.914 00043.365 00043.792 00044.129 00044.270 00045.022 00045.387 00045.742 00046.083 00046.410 00046.516 00046.433 00046.525 00046.638 00046.748 00046.864 00046.945 00046.765 00046.660 00046.415 00046.156 00045.814 00045.485 00045.144 00044.676 00044.173 00043.725 00041.867 00040.260 00038.840 00037.780 00036.925 00036.129 00035.057 00034.052 00033.225 00032.403 00031.606 00030.544 00029.637 00029.051 00028.289 00027.490 00026.421 00025.461 00024.876 00024.190
-9999.0 -9999.0 -9999.0 -9999.0 -9999.0 -9999.0 -9999.0 -9999.0 -9999.0 -9999.0 -9999.0 -9999.0 -9999.0 -9999.0 00042.026 00042.526 00042.991 00043.404 00043.796 00044.060 00044.250 00044.931 00045.273 00045.550 00045.689 00045.799 00045.888 00045.843 00045.882 00046.125 00046.215 00045.987 00045.797 00045.677 00045.542 00045.396 00045.016 00044.670 00044.347 00043.887 00043.382 00042.343 00040.725 00039.416 00038.198 00037.189 00036.368 00035.525 00034.473 00033.526 00032.745 00031.975 00031.190 00030.196 00029.433 00028.713 00028.011 00027.453 00026.082 00025.405 00024.659 00023.940
-9999.0 -9999.0 -9999.0 -9999.0 -9999.0 -9999.0 -9999.0 -9999.0 -9999.0 -9999.0 -9999.0 -9999.0 -9999.0 -9999.0 -9999.0 00042.098 00042.561 00042.994 00043.370 00043.723 00043.944 00044.177 00044.701 00044.865 00044.992 00045.094 00045.185 00045.326 00045.395 00045.368 00045.251 00045.140 00045.022 00044.890 00044.751 00044.484 00044.072 00043.678 00043.348 00042.973 00042.474 00041.128 00039.784 00038.562 00037.437 00036.484 00035.724 00034.914 00033.932 00033.047 00032.292 00031.456 00030.826 00029.951 00029.075 00028.374 00027.703 00026.908 00026.135 00025.191 00024.419 -9999.0
-9999.0 -9999.0 -9999.0 -9999.0 -9999.0 -9999.0 -9999.0 -9999.0 -9999.0 -9999.0 -9999.0 -9999.0 -9999.0 -9999.0 -9999.0 00041.296 00042.103 00042.524 00042.920 00043.273 00043.597 00043.682 00043.774 00044.185 00044.305 00044.413 00044.554 00044.682 00044.791 00044.704 00044.452 00044.261 00044.195 00044.146 00043.970 00043.579 00043.197 00042.857 00042.539 00042.070 00041.393 00040.486 00038.639 00037.418 00036.658 00035.847 00035.123 00034.257 00033.402 00032.470 00031.841 00031.158 00030.425 00029.596 00028.714 00028.016 00027.221 00026.702 00025.965 00024.948 00023.940 -9999.0
-9999.0 -9999.0 -9999.0 -9999.0 -9999.0 -9999.0 -9999.0 -9999.0 -9999.0 -9999.0 -9999.0 -9999.0 -9999.0 -9999.0 -9999.0 -9999.0 00041.599 00042.041 00042.425 00042.781 00042.999 00043.182 00043.226 00043.161 00043.632 00043.785 00043.922 00044.030 00043.987 00043.853 00043.782 00043.701 00043.532 00043.322 00042.952 00042.674 00042.392 00042.091 00041.728 00041.215 00040.432 00039.544 00037.609 00036.777 00036.087 00035.360 00034.394 00033.585 00032.928 00032.139 00031.411 00030.707 00030.023 00029.061 00028.208 00027.576 00026.979 00026.348 00025.703 00024.702 -9999.0 -9999.0
-9999.0 -9999.0 -9999.0 -9999.0 -9999.0 -9999.0 -9999.0 -9999.0 -9999.0 -9999.0 -9999.0 -9999.0 -9999.0 -9999.0 -9999.0 -9999.0 -9999.0 00041.496 00041.874 00042.140 00042.376 00042.546 00042.683 00042.775 00042.740 00043.054 00043.267 00043.266 00043.171 00043.099 00043.034 00042.947 00042.847 00042.632 00042.309 00041.922 00041.578 00041.247 00040.757 00040.167 00039.445 00038.284 00036.715 00036.030 00035.447 00034.765 00033.949 00033.154 00032.426 00031.644 00030.952 00030.350 00029.654 00028.469 00027.933 00027.268 00026.611 00025.958 -9999.0 -9999.0 -9999.0 -9999.0
-9999.0 -9999.0 -9999.0 -9999.0 -9999.0 -9999.0 -9999.0 -9999.0 -9999.0 -9999.0 -9999.0 -9999.0 -9999.0 -9999.0 -9999.0 -9999.0 -9999.0 -9999.0 00041.273 00041.520 00041.707 00041.890 00042.046 00042.204 00042.342 00042.334 00042.192 00042.466 00042.412 00042.364 00042.299 00042.211 00042.073 00041.781 00041.478 00041.188 00040.928 00040.593 00040.120 00039.448 00038.738 00037.412 00036.224 00035.530 00034.919 00034.172 00033.357 00032.604 00031.901 00031.149 00030.493 00029.630 00029.159 00028.244 00027.557 00026.876 00026.195 -9999.0 -9999.0 -9999.0 -9999.0 -9999.0
-9999.0 -9999.0 -9999.0 -9999.0 -9999.0 -9999.0 -9999.0 -9999.0 -9999.0 -9999.0 -9999.0 -9999.0 -9999.0 -9999.0 -9999.0 -9999.0 -9999.0 -9999.0 -9999.0 00040.618 00040.968 00041.221 00041.415 00041.586 00041.714 00041.763 00041.705 00041.509 00041.338 00041.633 00041.565 00041.487 00041.238 00040.963 00040.677 00040.429 00040.180 00039.784 00039.318 00038.644 00037.700 00036.445 00035.548 00034.885 00034.300 00033.556 00032.775 00032.057 00031.370 00030.389 00029.904 00029.382 00028.802 00027.865 00027.138 00026.435 -9999.0 -9999.0 -9999.0 -9999.0 -9999.0 -9999.0
