examples/flatland/Outputs/centerIgnit/c_atmRAWS/singleWinds/flatland_centerIgnit_3mph60deg7hr_atmRAWS/flatland_centerIgnit_3mph60deg7hr_atmRAWS_SpreadDirection.asc
NCOLS 100
NROWS 100
XLLCORNER 20000.000000
YLLCORNER 20000.000000
CELLSIZE 30.000000
NODATA_VALUE -9999.0
[rows 38 to 75 of 100, columns 0 to 85 of 100]
-9999 -9999 -9999 -9999 -9999 -9999 -9999 -9999 -9999 -9999 -9999 -9999 -9999 304 305 305 305 305 305 305 305 308 308 308 308 308 308 310 310 310 310 310 310 321 321 322 322 325 325 325 333 333 333 339 341 340 012 014 021 021 030 032 032 044 045 045 048 048 048 048 048 050 050 051 051 058 058 -9999 -9999 -9999 -9999 -9999 -9999 -9999 -9999 -9999 -9999 -9999 -9999 -9999 -9999 -9999 -9999 -9999 -9999 -9999
-9999 -9999 -9999 -9999 -9999 -9999 -9999 -9999 -9999 -9999 -9999 -9999 -9999 304 304 304 304 304 304 305 305 305 305 304 304 308 308 308 308 308 310 310 310 310 310 322 322 322 322 325 325 333 333 333 339 338 014 014 021 021 031 032 045 045 045 048 048 048 048 048 050 050 051 051 058 058 058 -9999 -9999 -9999 -9999 -9999 -9999 -9999 -9999 -9999 -9999 -9999 -9999 -9999 -9999 -9999 -9999 -9999 -9999 -9999
-9999 -9999 -9999 -9999 -9999 -9999 -9999 -9999 -9999 -9999 -9999 -9999 303 303 303 303 304 304 304 304 304 304 304 304 304 304 304 304 304 308 308 308 308 310 310 309 309 309 322 322 322 324 324 333 333 336 335 018 020 020 031 031 045 045 048 048 048 048 048 050 050 051 051 058 058 058 061 061 -9999 -9999 -9999 -9999 -9999 -9999 -9999 -9999 -9999 -9999 -9999 -9999 -9999 -9999 -9999 -9999 -9999 -9999
-9999 -9999 -9999 -9999 -9999 -9999 -9999 -9999 -9999 -9999 -9999 -9999 301 301 301 303 303 303 303 303 303 304 304 304 304 304 304 304 304 304 304 304 308 308 308 308 308 309 308 308 323 323 324 324 333 333 333 022 020 031 031 045 045 048 048 048 048 048 050 050 050 059 059 058 058 061 061 061 061 -9999 -9999 -9999 -9999 -9999 -9999 -9999 -9999 -9999 -9999 -9999 -9999 -9999 -9999 -9999 -9999 -9999
-9999 -9999 -9999 -9999 -9999 -9999 -9999 -9999 -9999 -9999 -9999 300 301 301 301 301 301 301 301 301 303 303 303 303 303 304 304 304 304 304 304 304 304 304 304 304 308 308 308 308 308 308 324 324 325 325 329 325 025 030 030 046 048 048 048 048 048 050 050 050 059 059 059 060 060 060 061 066 066 -9999 -9999 -9999 -9999 -9999 -9999 -9999 -9999 -9999 -9999 -9999 -9999 -9999 -9999 -9999 -9999 -9999
-9999 -9999 -9999 -9999 -9999 -9999 -9999 -9999 -9999 -9999 299 300 300 300 300 300 300 300 301 301 301 301 301 301 301 303 303 304 304 304 304 304 304 304 304 304 304 304 304 304 308 307 307 307 306 325 325 322 039 030 047 048 048 048 048 048 050 050 050 059 059 060 060 060 067 066 066 066 067 -9999 -9999 -9999 -9999 -9999 -9999 -9999 -9999 -9999 -9999 -9999 -9999 -9999 -9999 -9999 -9999 -9999
-9999 -9999 -9999 -9999 -9999 -9999 -9999 -9999 -9999 -9999 293 293 293 300 300 300 300 300 300 300 300 300 300 300 301 301 301 301 301 301 304 304 304 304 304 304 304 304 304 304 304 304 304 304 306 305 304 316 -9999 -9999 048 048 048 048 048 049 050 060 059 060 060 060 067 067 067 067 067 067 067 072 -9999 -9999 -9999 -9999 -9999 -9999 -9999 -9999 -9999 -9999 -9999 -9999 -9999 -9999 -9999 -9999
-9999 -9999 -9999 -9999 -9999 -9999 -9999 -9999 -9999 293 293 293 293 293 293 293 293 293 293 293 293 293 300 300 300 300 300 300 301 301 301 301 301 301 301 304 304 304 304 304 304 304 304 304 304 304 304 -9999 -9999 -9999 -9999 048 048 048 049 049 060 060 060 060 067 067 067 067 067 067 072 072 072 072 -9999 -9999 -9999 -9999 -9999 -9999 -9999 -9999 -9999 -9999 -9999 -9999 -9999 -9999 -9999 -9999
-9999 -9999 -9999 -9999 -9999 -9999 -9999 -9999 -9999 293 293 293 293 293 293 293 293 293 293 293 293 293 292 292 292 292 292 292 292 292 292 301 301 301 301 301 301 301 302 302 304 304 304 304 304 304 -9999 -9999 -9999 -9999 -9999 -9999 048 048 049 060 060 060 067 067 067 067 072 072 072 072 072 072 072 072 -9999 -9999 -9999 -9999 -9999 -9999 -9999 -9999 -9999 -9999 -9999 -9999 -9999 -9999 -9999 -9999
-9999 -9999 -9999 -9999 -9999 -9999 -9999 -9999 -9999 291 291 291 291 290 291 291 291 291 291 291 291 291 291 291 291 291 291 292 292 292 292 292 291 291 291 291 291 291 291 302 302 302 303 303 303 304 -9999 -9999 -9999 -9999 -9999 -9999 -9999 059 060 060 067 067 067 072 072 072 072 072 072 075 075 075 075 075 075 -9999 -9999 -9999 -9999 -9999 -9999 -9999 -9999 -9999 -9999 -9999 -9999 -9999 -9999 -9999
-9999 -9999 -9999 -9999 -9999 -9999 -9999 -9999 290 290 290 290 290 291 291 291 291 291 291 291 291 291 291 291 291 291 291 291 291 291 291 291 291 291 291 291 291 291 291 291 291 291 292 294 298 -9999 -9999 -9999 -9999 -9999 -9999 -9999 -9999 056 060 066 067 070 072 072 074 075 075 075 075 075 078 078 078 078 078 -9999 -9999 -9999 -9999 -9999 -9999 -9999 -9999 -9999 -9999 -9999 -9999 -9999 -9999 -9999
-9999 -9999 -9999 -9999 -9999 -9999 -9999 -9999 285 285 285 285 285 285 285 285 285 285 285 285 285 284 284 284 284 284 284 284 284 284 284 284 284 284 284 284 284 284 284 285 287 291 292 239 236 -9999 -9999 -9999 -9999 -9999 -9999 -9999 -9999 114 110 106 104 100 071 072 074 075 075 075 077 077 078 078 078 079 079 -9999 -9999 -9999 -9999 -9999 -9999 -9999 -9999 -9999 -9999 -9999 -9999 -9999 -9999 -9999
-9999 -9999 -9999 -9999 -9999 -9999 -9999 -9999 284 284 284 284 284 284 284 284 284 284 284 284 284 284 284 284 284 284 284 284 279 279 278 278 278 279 279 280 280 281 285 285 244 243 242 239 239 232 -9999 -9999 -9999 -9999 -9999 -9999 -9999 114 110 105 101 100 099 096 096 095 094 093 092 092 092 091 091 090 090 -9999 -9999 -9999 -9999 -9999 -9999 -9999 -9999 -9999 -9999 -9999 -9999 -9999 -9999 -9999
-9999 -9999 -9999 -9999 -9999 -9999 -9999 -9999 284 284 284 284 284 284 284 279 279 279 279 279 279 279 279 279 279 279 279 279 279 279 278 277 278 279 279 280 250 249 249 248 246 244 243 232 232 232 232 -9999 -9999 -9999 -9999 -9999 123 123 110 110 104 104 099 099 099 095 095 095 092 092 092 091 091 090 090 -9999 -9999 -9999 -9999 -9999 -9999 -9999 -9999 -9999 -9999 -9999 -9999 -9999 -9999 -9999
-9999 -9999 -9999 -9999 -9999 -9999 -9999 279 279 279 279 279 279 279 279 279 279 279 279 279 279 279 279 275 275 275 275 276 276 276 276 277 254 253 252 251 250 249 249 244 244 233 232 232 232 232 232 -9999 -9999 -9999 -9999 123 123 123 122 110 110 104 104 104 099 099 099 095 095 095 095 092 092 092 092 -9999 -9999 -9999 -9999 -9999 -9999 -9999 -9999 -9999 -9999 -9999 -9999 -9999 -9999 -9999
-9999 -9999 -9999 -9999 -9999 -9999 -9999 279 279 279 279 279 279 279 279 275 275 275 275 275 275 275 275 274 275 275 275 276 255 255 254 254 254 253 250 250 250 244 244 244 233 233 232 232 232 232 232 232 -9999 -9999 -9999 123 123 123 122 121 110 110 110 104 104 104 099 099 099 099 095 095 095 095 092 -9999 -9999 -9999 -9999 -9999 -9999 -9999 -9999 -9999 -9999 -9999 -9999 -9999 -9999 -9999
-9999 -9999 -9999 -9999 -9999 -9999 -9999 275 275 275 275 275 275 275 275 275 275 273 273 273 273 274 274 274 257 257 256 256 255 254 254 254 250 250 250 244 244 244 233 233 232 232 232 232 232 232 232 232 223 -9999 140 125 123 123 123 121 121 110 111 110 104 104 104 104 099 099 099 099 095 095 095 -9999 -9999 -9999 -9999 -9999 -9999 -9999 -9999 -9999 -9999 -9999 -9999 -9999 -9999 -9999
-9999 -9999 -9999 -9999 -9999 -9999 -9999 275 275 275 275 273 273 273 273 273 273 273 273 273 258 257 257 257 257 257 256 254 254 254 250 250 250 243 243 244 233 233 233 232 232 232 232 232 232 231 231 213 217 140 143 126 123 123 123 123 121 121 111 111 110 110 104 104 104 104 099 099 099 099 099 -9999 -9999 -9999 -9999 -9999 -9999 -9999 -9999 -9999 -9999 -9999 -9999 -9999 -9999 -9999
-9999 -9999 -9999 -9999 -9999 -9999 -9999 273 273 273 273 272 272 272 273 273 259 259 258 258 258 257 257 257 254 254 254 250 250 250 250 243 243 243 243 234 234 232 232 232 232 232 232 230 230 212 212 213 213 148 143 126 127 123 123 123 123 121 121 111 111 110 110 104 104 104 104 104 099 099 099 -9999 -9999 -9999 -9999 -9999 -9999 -9999 -9999 -9999 -9999 -9999 -9999 -9999 -9999 -9999
-9999 -9999 -9999 -9999 -9999 -9999 -9999 271 271 271 271 272 272 259 259 259 259 259 257 257 257 254 254 254 254 250 250 250 250 243 243 243 243 234 234 234 232 232 232 232 232 232 230 230 213 212 205 208 148 150 143 143 127 123 123 123 123 121 121 120 111 112 110 110 110 104 104 104 103 103 099 -9999 -9999 -9999 -9999 -9999 -9999 -9999 -9999 -9999 -9999 -9999 -9999 -9999 -9999 -9999
-9999 -9999 -9999 -9999 -9999 -9999 -9999 271 271 260 260 260 260 259 259 257 257 257 257 254 254 254 254 250 250 250 250 244 243 243 243 234 234 234 234 232 232 232 232 232 232 229 230 213 213 203 203 205 152 152 143 142 127 127 123 123 123 123 120 120 120 112 112 110 110 110 104 104 105 103 103 -9999 -9999 -9999 -9999 -9999 -9999 -9999 -9999 -9999 -9999 -9999 -9999 -9999 -9999 -9999
-9999 -9999 -9999 -9999 -9999 -9999 -9999 260 260 260 260 260 260 257 257 257 254 254 254 254 249 249 250 250 250 244 244 243 243 243 234 234 234 232 232 232 232 232 232 229 229 229 213 213 213 203 201 201 154 152 142 142 142 127 127 123 123 123 123 120 120 120 112 112 112 110 110 110 105 105 -9999 -9999 -9999 -9999 -9999 -9999 -9999 -9999 -9999 -9999 -9999 -9999 -9999 -9999 -9999 -9999
-9999 -9999 -9999 -9999 -9999 -9999 -9999 260 260 260 257 257 257 257 254 254 254 254 249 249 249 249 249 244 244 244 243 243 234 234 234 234 232 232 232 232 232 232 229 229 229 213 213 213 203 198 199 156 157 152 152 143 141 128 127 123 123 123 123 123 120 120 120 112 112 112 110 110 110 105 -9999 -9999 -9999 -9999 -9999 -9999 -9999 -9999 -9999 -9999 -9999 -9999 -9999 -9999 -9999 -9999
-9999 -9999 -9999 -9999 -9999 -9999 -9999 257 257 257 257 254 254 254 254 254 250 249 249 249 249 244 244 244 242 243 243 234 234 234 232 232 232 232 232 232 232 229 229 229 214 213 213 203 203 197 198 157 157 152 152 143 141 128 129 127 123 123 123 123 120 121 119 119 112 112 112 110 110 109 -9999 -9999 -9999 -9999 -9999 -9999 -9999 -9999 -9999 -9999 -9999 -9999 -9999 -9999 -9999 -9999
-9999 -9999 -9999 -9999 -9999 -9999 -9999 -9999 254 254 254 254 254 250 250 250 249 249 249 244 244 244 242 242 242 234 234 234 234 232 232 232 232 232 232 229 229 228 229 214 213 213 203 203 197 195 197 162 157 152 152 143 141 141 129 127 127 123 123 123 123 121 121 119 119 112 112 112 110 -9999 -9999 -9999 -9999 -9999 -9999 -9999 -9999 -9999 -9999 -9999 -9999 -9999 -9999 -9999 -9999 -9999
-9999 -9999 -9999 -9999 -9999 -9999 -9999 -9999 254 254 254 250 250 250 249 249 249 244 244 244 242 242 242 234 234 234 234 232 232 232 232 232 232 232 229 229 228 215 215 215 213 203 203 197 197 194 163 163 158 152 152 143 141 140 129 129 127 124 124 123 123 123 121 119 119 119 112 113 112 -9999 -9999 -9999 -9999 -9999 -9999 -9999 -9999 -9999 -9999 -9999 -9999 -9999 -9999 -9999 -9999 -9999
-9999 -9999 -9999 -9999 -9999 -9999 -9999 -9999 254 250 250 250 249 249 249 244 244 244 242 242 242 242 235 235 234 234 232 232 232 232 232 232 229 229 228 228 215 215 215 213 203 203 203 197 193 193 163 163 157 152 152 143 143 140 140 129 127 127 124 124 123 123 123 121 119 119 119 113 113 -9999 -9999 -9999 -9999 -9999 -9999 -9999 -9999 -9999 -9999 -9999 -9999 -9999 -9999 -9999 -9999 -9999
-9999 -9999 -9999 -9999 -9999 -9999 -9999 -9999 -9999 250 249 249 249 244 244 244 242 242 242 242 235 235 234 234 232 232 232 232 232 232 232 229 229 227 227 215 215 215 213 213 203 203 197 192 192 192 165 163 157 152 152 143 143 140 140 129 129 127 127 124 123 123 123 123 121 119 119 119 -9999 -9999 -9999 -9999 -9999 -9999 -9999 -9999 -9999 -9999 -9999 -9999 -9999 -9999 -9999 -9999 -9999 -9999
-9999 -9999 -9999 -9999 -9999 -9999 -9999 -9999 -9999 249 249 244 244 244 244 242 242 242 235 235 235 234 234 232 232 232 232 232 232 232 229 229 227 227 215 215 215 212 212 203 203 197 197 192 192 166 166 163 157 152 151 143 143 140 140 129 129 129 127 124 124 123 123 123 121 121 119 119 -9999 -9999 -9999 -9999 -9999 -9999 -9999 -9999 -9999 -9999 -9999 -9999 -9999 -9999 -9999 -9999 -9999 -9999
-9999 -9999 -9999 -9999 -9999 -9999 -9999 -9999 -9999 244 244 244 244 242 242 242 242 235 235 234 234 232 232 232 232 232 232 232 229 229 227 227 227 215 215 215 212 212 203 203 203 197 192 192 191 167 167 163 157 152 151 151 143 140 139 139 130 129 127 127 124 124 123 123 123 121 121 -9999 -9999 -9999 -9999 -9999 -9999 -9999 -9999 -9999 -9999 -9999 -9999 -9999 -9999 -9999 -9999 -9999 -9999 -9999
-9999 -9999 -9999 -9999 -9999 -9999 -9999 -9999 -9999 -9999 244 242 242 242 242 235 235 235 234 234 232 232 232 232 232 232 232 229 229 227 227 227 215 215 215 212 212 204 204 203 197 197 192 190 190 168 163 163 157 152 152 151 143 143 140 139 130 130 129 127 127 124 123 123 123 123 -9999 -9999 -9999 -9999 -9999 -9999 -9999 -9999 -9999 -9999 -9999 -9999 -9999 -9999 -9999 -9999 -9999 -9999 -9999 -9999
-9999 -9999 -9999 -9999 -9999 -9999 -9999 -9999 -9999 -9999 242 242 242 235 235 235 234 234 232 232 232 232 232 232 232 232 229 229 227 227 227 216 215 215 212 212 204 204 203 197 197 192 189 189 168 168 163 163 157 152 152 151 143 143 140 139 139 130 129 127 127 124 124 123 123 123 -9999 -9999 -9999 -9999 -9999 -9999 -9999 -9999 -9999 -9999 -9999 -9999 -9999 -9999 -9999 -9999 -9999 -9999 -9999 -9999
-9999 -9999 -9999 -9999 -9999 -9999 -9999 -9999 -9999 -9999 -9999 242 235 235 235 234 234 232 232 232 232 232 232 232 229 229 229 227 227 227 216 215 215 212 212 204 204 203 197 197 192 192 189 189 169 168 163 163 157 152 152 151 144 143 140 139 139 130 130 129 127 127 124 124 123 -9999 -9999 -9999 -9999 -9999 -9999 -9999 -9999 -9999 -9999 -9999 -9999 -9999 -9999 -9999 -9999 -9999 -9999 -9999 -9999 -9999
-9999 -9999 -9999 -9999 -9999 -9999 -9999 -9999 -9999 -9999 -9999 -9999 235 234 234 234 232 232 232 232 232 232 232 229 229 226 226 227 227 216 215 215 212 212 212 204 203 203 197 197 192 189 189 189 170 168 163 163 157 152 152 151 144 143 140 140 139 130 131 129 127 127 124 124 -9999 -9999 -9999 -9999 -9999 -9999 -9999 -9999 -9999 -9999 -9999 -9999 -9999 -9999 -9999 -9999 -9999 -9999 -9999 -9999 -9999 -9999
-9999 -9999 -9999 -9999 -9999 -9999 -9999 -9999 -9999 -9999 -9999 -9999 234 234 232 232 232 232 232 232 232 232 229 229 226 226 226 216 216 215 215 212 212 212 204 204 203 197 197 192 192 188 189 170 170 168 163 158 157 152 152 151 144 144 143 140 139 139 131 131 129 127 127 124 -9999 -9999 -9999 -9999 -9999 -9999 -9999 -9999 -9999 -9999 -9999 -9999 -9999 -9999 -9999 -9999 -9999 -9999 -9999 -9999 -9999 -9999
-9999 -9999 -9999 -9999 -9999 -9999 -9999 -9999 -9999 -9999 -9999 -9999 -9999 232 232 232 232 232 232 232 229 229 229 227 226 226 217 217 215 215 212 212 212 204 204 203 197 197 197 192 188 188 188 170 168 168 163 158 157 152 152 151 151 144 143 140 139 139 131 131 129 129 127 -9999 -9999 -9999 -9999 -9999 -9999 -9999 -9999 -9999 -9999 -9999 -9999 -9999 -9999 -9999 -9999 -9999 -9999 -9999 -9999 -9999 -9999 -9999
-9999 -9999 -9999 -9999 -9999 -9999 -9999 -9999 -9999 -9999 -9999 -9999 -9999 -9999 232 232 232 232 232 229 229 227 227 226 226 217 217 215 215 212 212 212 204 204 203 203 197 197 192 192 189 187 187 171 168 168 163 158 157 157 152 151 151 144 143 140 140 139 138 131 131 129 -9999 -9999 -9999 -9999 -9999 -9999 -9999 -9999 -9999 -9999 -9999 -9999 -9999 -9999 -9999 -9999 -9999 -9999 -9999 -9999 -9999 -9999 -9999 -9999
-9999 -9999 -9999 -9999 -9999 -9999 -9999 -9999 -9999 -9999 -9999 -9999 -9999 -9999 -9999 232 232 229 229 229 227 227 226 226 217 217 215 215 212 212 212 204 204 203 203 197 197 192 192 189 189 187 171 171 168 163 163 158 157 157 152 150 150 144 143 140 140 139 138 131 131 -9999 -9999 -9999 -9999 -9999 -9999 -9999 -9999 -9999 -9999 -9999 -9999 -9999 -9999 -9999 -9999 -9999 -9999 -9999 -9999 -9999 -9999 -9999 -9999 -9999
