examples/flatland/Outputs/centerIgnit/c_atmRAWS/singleWinds/flatland_centerIgnit_3mph60deg7hr_atmRAWS/flatland_centerIgnit_3mph60deg7hr_atmRAWS_ArrivalTime.asc
NCOLS 100
NROWS 100
XLLCORNER 20000.000000
YLLCORNER 20000.000000
CELLSIZE 30.000000
NODATA_VALUE -9999.0
[rows 28 to 55 of 100, columns 0 to 61 of 100]
-9999.0 -9999.0 -9999.0 -9999.0 -9999.0 -9999.0 -9999.0 -9999.0 -9999.0 -9999.0 -9999.0 -9999.0 -9999.0 -9999.0 -9999.0 -9999.0 -9999.0 -9999.0 -9999.0 -9999.0 -9999.0 -9999.0 -9999.0 00416.852 00406.881 00397.006 00388.246 00379.584 00371.012 00362.755 00354.654 00346.626 00339.714 00332.885 00326.244 00320.131 00314.515 00309.185 00304.640 00300.591 00296.995 00293.891 00295.012 00296.330 00298.468 00301.917 00305.806 00311.296 00317.107 00324.611 00332.905 00342.101 00351.684 00364.006 00376.661 00390.059 00404.438 00419.624 -9999.0 -9999.0 -9999.0 -9999.0
-9999.0 -9999.0 -9999.0 -9999.0 -9999.0 -9999.0 -9999.0 -9999.0 -9999.0 -9999.0 -9999.0 -9999.0 -9999.0 -9999.0 -9999.0 -9999.0 -9999.0 -9999.0 -9999.0 -9999.0 -9999.0 -9999.0 00412.594 00402.460 00392.516 00382.742 00373.049 00363.974 00355.475 00347.080 00338.890 00330.954 00323.066 00316.173 00309.492 00302.954 00297.028 00291.501 00286.470 00281.994 00278.256 00274.605 00274.125 00275.314 00277.346 00280.459 00284.089 00289.537 00295.195 00302.691 00310.949 00319.965 00330.012 00342.145 00354.689 00368.366 00382.713 00397.683 00413.835 -9999.0 -9999.0 -9999.0
-9999.0 -9999.0 -9999.0 -9999.0 -9999.0 -9999.0 -9999.0 -9999.0 -9999.0 -9999.0 -9999.0 -9999.0 -9999.0 -9999.0 -9999.0 -9999.0 -9999.0 -9999.0 -9999.0 -9999.0 -9999.0 00409.331 00398.735 00388.467 00378.537 00368.684 00359.058 00349.534 00340.147 00331.842 00323.607 00315.493 00307.702 00299.949 00293.044 00286.508 00280.056 00274.317 00268.886 00264.135 00259.865 00256.205 00253.410 00254.752 00256.560 00259.349 00262.864 00268.118 00273.642 00281.116 00289.362 00298.205 00308.741 00320.789 00333.274 00347.032 00361.406 00376.111 00393.812 00412.241 -9999.0 -9999.0
-9999.0 -9999.0 -9999.0 -9999.0 -9999.0 -9999.0 -9999.0 -9999.0 -9999.0 -9999.0 -9999.0 -9999.0 -9999.0 -9999.0 -9999.0 -9999.0 -9999.0 -9999.0 -9999.0 00417.947 00406.997 00396.155 00385.650 00375.255 00364.940 00355.028 00345.367 00335.831 00326.475 00317.172 00308.645 00300.566 00292.535 00284.850 00277.228 00270.321 00263.909 00257.553 00251.991 00246.660 00242.190 00238.164 00234.436 00234.393 00236.116 00238.588 00242.046 00247.047 00252.434 00259.898 00268.103 00276.788 00287.847 00299.800 00312.559 00326.207 00340.427 00356.268 00374.200 00392.525 00411.582 -9999.0
-9999.0 -9999.0 -9999.0 -9999.0 -9999.0 -9999.0 -9999.0 -9999.0 -9999.0 -9999.0 -9999.0 -9999.0 -9999.0 -9999.0 -9999.0 -9999.0 -9999.0 -9999.0 00416.482 00405.406 00394.445 00383.621 00372.980 00362.421 00352.192 00342.064 00332.017 00322.501 00313.102 00303.854 00294.686 00285.841 00277.908 00270.024 00262.387 00254.892 00247.986 00241.700 00235.444 00230.038 00224.839 00220.584 00216.690 00214.096 00215.966 00218.123 00221.515 00226.288 00231.572 00239.035 00247.174 00255.694 00267.318 00279.127 00292.167 00305.795 00319.771 00337.302 00355.052 00373.406 00392.421 00412.175
-9999.0 -9999.0 -9999.0 -9999.0 -9999.0 -9999.0 -9999.0 -9999.0 -9999.0 -9999.0 -9999.0 -9999.0 -9999.0 -9999.0 -9999.0 -9999.0 -9999.0 00417.496 00405.586 00393.780 00382.136 00371.377 00360.733 00350.216 00339.850 00329.575 00319.630 00309.761 00300.043 00290.800 00281.621 00272.598 00263.623 00255.626 00247.893 00240.320 00232.927 00226.023 00219.826 00213.669 00208.414 00203.490 00199.319 00195.214 00196.023 00198.018 00201.276 00205.814 00211.017 00218.468 00226.547 00235.580 00247.136 00259.090 00272.119 00285.612 00301.404 00318.713 00336.362 00354.802 00373.860 00393.839
-9999.0 -9999.0 -9999.0 -9999.0 -9999.0 -9999.0 -9999.0 -9999.0 -9999.0 -9999.0 -9999.0 -9999.0 -9999.0 -9999.0 -9999.0 -9999.0 00419.176 00407.097 00395.260 00383.558 00371.957 00360.450 00349.046 00338.213 00327.895 00317.696 00307.592 00297.588 00287.884 00278.246 00268.859 00259.835 00250.902 00242.063 00233.713 00226.115 00218.598 00211.291 00204.383 00198.287 00192.225 00187.124 00182.427 00178.165 00176.135 00178.337 00181.338 00185.641 00190.759 00198.200 00206.183 00215.838 00227.260 00239.518 00252.421 00266.418 00283.326 00300.415 00318.324 00336.680 00356.071 00375.853
-9999.0 -9999.0 -9999.0 -9999.0 -9999.0 -9999.0 -9999.0 -9999.0 -9999.0 -9999.0 -9999.0 -9999.0 -9999.0 -9999.0 -9999.0 -9999.0 00409.170 00397.194 00385.339 00373.596 00361.957 00350.521 00339.218 00328.010 00316.888 00305.909 00295.880 00285.947 00276.098 00266.360 00256.878 00247.465 00238.412 00229.603 00220.852 00212.149 00204.632 00197.221 00189.990 00183.078 00177.077 00171.157 00166.124 00161.523 00157.078 00158.721 00161.638 00165.723 00170.784 00178.237 00186.087 00196.379 00207.669 00220.197 00232.900 00248.844 00265.540 00282.845 00300.596 00319.448 00338.619 00358.159
-9999.0 -9999.0 -9999.0 -9999.0 -9999.0 -9999.0 -9999.0 -9999.0 -9999.0 -9999.0 -9999.0 -9999.0 -9999.0 -9999.0 -9999.0 00412.014 00399.833 00387.777 00375.837 00364.006 00352.384 00340.948 00329.618 00318.392 00307.344 00296.386 00285.506 00274.690 00264.620 00254.939 00245.348 00235.866 00226.593 00217.372 00208.613 00199.977 00191.398 00183.451 00176.183 00169.008 00162.045 00156.114 00150.322 00145.359 00140.649 00138.984 00142.147 00146.004 00150.996 00158.511 00166.208 00177.205 00188.761 00201.092 00215.154 00231.545 00248.312 00265.526 00283.839 00302.492 00321.460 00340.740
-9999.0 -9999.0 -9999.0 -9999.0 -9999.0 -9999.0 -9999.0 -9999.0 -9999.0 -9999.0 -9999.0 -9999.0 -9999.0 -9999.0 00415.452 00402.995 00390.667 00378.593 00366.736 00354.967 00343.339 00331.821 00320.410 00309.152 00298.103 00287.146 00276.278 00265.541 00254.888 00244.301 00234.084 00224.640 00215.269 00206.017 00196.925 00187.938 00179.428 00170.953 00162.498 00155.354 00148.254 00141.219 00135.370 00129.702 00124.639 00119.406 00122.681 00126.484 00131.406 00138.945 00147.185 00158.254 00170.058 00182.216 00198.278 00214.646 00231.430 00249.167 00267.328 00285.808 00304.556 00323.610
-9999.0 -9999.0 -9999.0 -9999.0 -9999.0 -9999.0 -9999.0 -9999.0 -9999.0 -9999.0 -9999.0 -9999.0 -9999.0 00419.519 00406.983 00394.617 00382.378 00370.253 00358.227 00346.328 00334.542 00323.031 00311.697 00300.468 00289.328 00278.282 00267.327 00256.616 00246.005 00235.477 00225.017 00214.613 00204.277 00194.900 00185.784 00176.784 00167.847 00159.119 00150.715 00142.330 00134.730 00127.718 00120.739 00114.840 00109.195 00103.729 00102.955 00107.122 00112.110 00119.581 00128.492 00139.624 00151.492 00165.661 00181.763 00198.146 00215.376 00233.091 00251.080 00269.333 00287.891 00306.973
-9999.0 -9999.0 -9999.0 -9999.0 -9999.0 -9999.0 -9999.0 -9999.0 -9999.0 -9999.0 -9999.0 -9999.0 -9999.0 00411.269 00398.806 00386.473 00374.261 00362.161 00350.175 00338.356 00326.650 00315.051 00303.559 00292.148 00280.844 00269.830 00258.945 00248.157 00237.459 00226.838 00216.385 00206.056 00195.794 00185.597 00175.431 00165.705 00156.811 00147.978 00139.210 00130.717 00122.404 00114.310 00107.352 00100.413 00094.388 00088.534 00082.649 00087.822 00092.889 00100.309 00110.012 00121.286 00133.509 00149.527 00165.615 00182.364 00199.661 00217.249 00235.051 00253.105 00271.681 00290.907
-9999.0 -9999.0 -9999.0 -9999.0 -9999.0 -9999.0 -9999.0 -9999.0 -9999.0 -9999.0 -9999.0 -9999.0 00415.672 00403.137 00390.737 00378.460 00366.310 00354.267 00342.367 00330.581 00318.908 00307.343 00295.869 00284.520 00273.281 00262.135 00251.085 00240.133 00229.260 00218.690 00208.203 00197.797 00187.473 00177.260 00167.164 00157.092 00147.042 00137.008 00128.266 00119.608 00110.999 00102.644 00094.327 00087.065 00080.164 00073.779 00067.341 00067.761 00073.715 00081.054 00091.641 00102.871 00117.722 00133.628 00150.002 00167.004 00184.201 00201.576 00219.212 00237.343 00256.057 00275.222
-9999.0 -9999.0 -9999.0 -9999.0 -9999.0 -9999.0 -9999.0 -9999.0 -9999.0 -9999.0 -9999.0 -9999.0 00407.830 00395.249 00382.800 00370.579 00358.482 00346.514 00334.664 00322.926 00311.299 00299.799 00288.397 00277.089 00265.877 00254.763 00243.749 00232.819 00222.000 00211.258 00200.595 00190.014 00179.541 00169.330 00159.173 00149.074 00139.032 00129.081 00119.139 00109.153 00100.006 00091.448 00083.011 00074.687 00066.829 00059.992 00053.068 00046.888 00054.664 00062.237 00073.280 00086.121 00102.064 00118.177 00134.912 00151.817 00168.873 00186.111 00203.817 00222.102 00240.717 00260.008
-9999.0 -9999.0 -9999.0 -9999.0 -9999.0 -9999.0 -9999.0 -9999.0 -9999.0 -9999.0 -9999.0 00413.129 00400.432 00387.931 00375.554 00363.292 00351.141 00339.124 00327.221 00315.431 00303.841 00292.369 00281.010 00269.747 00258.582 00247.521 00236.564 00225.687 00214.890 00204.174 00193.542 00182.994 00172.528 00162.123 00151.772 00141.475 00131.285 00121.339 00111.403 00101.476 00091.558 00081.614 00071.708 00063.370 00055.108 00046.961 00039.629 00031.787 00034.821 00044.103 00054.948 00070.602 00086.666 00103.289 00119.979 00136.752 00153.690 00171.053 00188.908 00207.022 00226.583 00247.412
-9999.0 -9999.0 -9999.0 -9999.0 -9999.0 -9999.0 -9999.0 -9999.0 -9999.0 -9999.0 00418.822 00406.053 00393.432 00380.939 00368.568 00356.294 00344.166 00332.164 00320.281 00308.561 00296.938 00285.416 00273.991 00262.663 00251.435 00240.386 00229.463 00218.623 00207.865 00197.191 00186.610 00176.106 00165.660 00155.270 00144.937 00134.660 00124.445 00114.279 00104.130 00093.996 00083.966 00074.071 00064.158 00054.244 00044.364 00035.730 00027.713 00019.274 00013.612 00026.218 00039.433 00055.385 00071.887 00088.469 00105.111 00121.815 00138.864 00156.402 00174.130 00193.917 00214.328 00235.102
-9999.0 -9999.0 -9999.0 -9999.0 -9999.0 -9999.0 -9999.0 -9999.0 -9999.0 -9999.0 00412.254 00399.368 00386.612 00374.048 00361.731 00349.537 00337.471 00325.524 00313.692 00301.970 00290.344 00278.828 00267.414 00256.107 00244.913 00233.835 00222.840 00211.926 00201.094 00190.348 00179.753 00169.272 00158.849 00148.486 00138.183 00127.945 00117.754 00107.588 00097.442 00087.318 00077.214 00067.135 00057.088 00047.130 00037.308 00027.594 00017.876 00008.419 0.0 00000.000 00024.799 00040.869 00057.178 00073.698 00090.289 00107.156 00124.384 00142.028 00161.998 00182.070 00202.510 00223.313
-9999.0 -9999.0 -9999.0 -9999.0 -9999.0 -9999.0 -9999.0 -9999.0 -9999.0 00419.764 00406.798 00393.985 00381.302 00368.740 00356.274 00343.953 00331.755 00319.670 00307.697 00295.824 00284.058 00272.390 00261.005 00249.741 00238.582 00227.509 00216.523 00205.627 00194.825 00184.119 00173.489 00162.917 00152.405 00141.955 00131.565 00121.276 00111.093 00100.934 00090.798 00080.685 00070.594 00060.525 00050.535 00040.637 00030.827 00021.107 00011.475 00000.000 0.0 0.0 00000.000 00026.550 00042.635 00058.974 00075.671 00092.697 00110.993 00130.682 00150.524 00170.581 00191.546 00213.326
-9999.0 -9999.0 -9999.0 -9999.0 -9999.0 -9999.0 -9999.0 -9999.0 -9999.0 00414.489 00401.575 00388.801 00376.156 00363.632 00351.225 00338.956 00326.808 00314.777 00302.860 00291.034 00279.321 00267.708 00256.197 00244.791 00233.472 00222.239 00211.089 00200.025 00189.054 00178.152 00167.301 00156.746 00146.262 00135.834 00125.460 00115.134 00104.838 00094.572 00084.337 00074.135 00063.989 00053.960 00044.027 00034.184 00024.430 00014.769 00000.000 0.0 0.0 0.0 0.0 00000.000 00028.300 00044.502 00061.177 00080.223 00099.811 00119.434 00140.090 00161.230 00182.583 00204.208
-9999.0 -9999.0 -9999.0 -9999.0 -9999.0 -9999.0 -9999.0 -9999.0 -9999.0 00409.700 00396.810 00384.056 00371.429 00358.924 00346.546 00334.292 00322.158 00310.148 00298.248 00286.450 00274.753 00263.159 00251.670 00240.290 00228.999 00217.794 00206.675 00195.655 00184.731 00173.876 00163.079 00152.336 00141.647 00131.010 00120.431 00109.878 00099.345 00088.832 00078.340 00067.946 00057.767 00047.692 00037.720 00027.850 00018.101 00008.479 0.0 0.0 0.0 0.0 0.0 0.0 00000.000 00030.564 00049.747 00069.161 00089.783 00110.553 00131.396 00152.677 00174.508 00196.590
-9999.0 -9999.0 -9999.0 -9999.0 -9999.0 -9999.0 -9999.0 -9999.0 00418.035 00405.044 00392.196 00379.480 00366.888 00354.400 00342.069 00329.860 00317.769 00305.796 00293.912 00282.146 00270.486 00258.930 00247.480 00236.128 00224.861 00213.674 00202.572 00191.560 00180.640 00169.783 00158.987 00148.255 00137.583 00126.978 00116.419 00105.885 00095.372 00084.880 00074.410 00063.957 00053.556 00043.252 00033.047 00022.730 00012.473 00000.000 0.0 0.0 0.0 0.0 0.0 0.0 00000.000 00019.002 00039.358 00060.187 00081.371 00102.679 00124.262 00145.873 00167.777 00190.063
-9999.0 -9999.0 -9999.0 -9999.0 -9999.0 -9999.0 -9999.0 -9999.0 00414.367 00401.419 00388.612 00375.935 00363.379 00350.940 00338.637 00326.456 00314.393 00302.447 00290.598 00278.861 00267.227 00255.697 00244.275 00232.941 00221.697 00210.535 00199.466 00188.489 00177.594 00166.761 00155.988 00145.274 00134.618 00124.022 00113.464 00102.931 00092.420 00081.930 00071.471 00060.939 00050.433 00039.898 00029.119 00018.673 00010.343 00000.000 0.0 0.0 0.0 0.0 0.0 0.0 0.0 00015.861 00034.819 00054.501 00075.148 00096.069 00117.233 00139.094 00161.585 00184.212
-9999.0 -9999.0 -9999.0 -9999.0 -9999.0 -9999.0 -9999.0 -9999.0 00411.031 00398.133 00385.372 00372.739 00360.224 00347.841 00335.582 00323.442 00311.418 00299.511 00287.706 00276.000 00264.395 00252.893 00241.497 00230.184 00218.962 00207.828 00196.782 00185.828 00174.953 00164.213 00153.533 00142.915 00132.359 00121.849 00111.351 00100.855 00090.355 00079.751 00068.980 00058.261 00049.129 00040.365 00031.840 00023.419 00015.328 00008.050 00000.000 0.0 0.0 0.0 0.0 0.0 00000.000 00023.382 00041.253 00060.010 00079.649 00099.799 00120.377 00141.265 00162.530 00184.156
-9999.0 -9999.0 -9999.0 -9999.0 -9999.0 -9999.0 -9999.0 -9999.0 00407.997 00395.127 00382.398 00369.797 00357.299 00344.941 00332.705 00320.597 00308.688 00296.880 00285.177 00273.574 00262.072 00250.674 00239.386 00228.182 00217.061 00206.023 00195.073 00184.215 00173.429 00162.705 00152.042 00141.473 00130.914 00120.343 00109.768 00099.182 00089.334 00080.177 00071.069 00062.006 00053.134 00044.602 00036.161 00028.272 00020.977 00013.750 00006.576 0.0 0.0 0.0 0.0 00000.000 00017.640 00032.001 00047.804 00065.812 00084.473 00103.904 00123.635 00144.166 00164.892 00186.187
-9999.0 -9999.0 -9999.0 -9999.0 -9999.0 -9999.0 -9999.0 00418.413 00405.515 00392.760 00380.138 00367.639 00355.239 00342.996 00330.871 00318.863 00306.971 00295.173 00283.485 00271.897 00260.415 00249.041 00237.767 00226.653 00215.638 00204.702 00193.838 00183.049 00172.311 00161.614 00150.954 00140.246 00130.240 00120.730 00111.298 00101.967 00092.763 00083.673 00074.631 00065.905 00057.338 00048.951 00041.454 00034.048 00026.743 00019.485 00012.272 00000.000 0.0 0.0 0.0 00012.855 00027.062 00041.458 00056.335 00072.574 00090.705 00108.864 00128.393 00148.054 00168.239 00189.231
-9999.0 -9999.0 -9999.0 -9999.0 -9999.0 -9999.0 -9999.0 00416.496 00403.632 00390.906 00378.309 00365.831 00353.457 00341.228 00329.120 00317.215 00305.434 00293.741 00282.163 00270.688 00259.315 00248.046 00236.874 00225.792 00214.794 00203.833 00192.934 00182.108 00171.729 00161.915 00152.209 00142.623 00133.113 00123.677 00114.387 00105.287 00096.196 00087.429 00078.824 00070.226 00062.371 00054.771 00047.297 00039.895 00032.540 00025.240 00017.995 00010.795 00000.000 0.0 00000.000 00022.234 00036.569 00051.091 00065.856 00081.146 00097.561 00115.739 00133.950 00153.128 00173.047 00193.172
-9999.0 -9999.0 -9999.0 -9999.0 -9999.0 -9999.0 -9999.0 00414.711 00401.965 00389.356 00376.874 00364.510 00352.255 00340.140 00328.142 00316.259 00304.489 00292.837 00281.343 00269.937 00258.620 00247.393 00236.233 00225.099 00214.344 00204.192 00194.128 00184.176 00174.326 00164.603 00155.002 00145.445 00136.123 00126.966 00117.840 00109.044 00100.415 00091.793 00083.575 00075.886 00068.237 00060.697 00053.203 00045.768 00038.379 00031.037 00023.765 00016.539 00010.388 00000.000 00017.804 00031.716 00046.161 00060.813 00075.623 00090.653 00106.126 00122.679 00140.922 00159.362 00178.186 00198.383
-9999.0 -9999.0 -9999.0 -9999.0 -9999.0 -9999.0 -9999.0 00413.665 00400.931 00388.333 00375.861 00363.554 00351.404 00339.388 00327.489 00315.695 00303.998 00292.377 00280.861 00269.431 00258.187 00247.662 00237.262 00226.968 00216.756 00206.627 00196.595 00186.801 00177.093 00167.431 00158.104 00148.841 00139.620 00130.756 00122.096 00113.446 00104.891 00097.141 00089.420 00081.793 00074.233 00066.684 00059.151 00051.666 00044.239 00036.963 00029.700 00024.455 00018.763 00020.716 00029.939 00041.798 00055.848 00070.607 00085.445 00100.333 00115.615 00131.254 00148.064 00166.439 00185.102 00204.099
