examples/flatland/Outputs/centerIgnit/c_atmRAWS/singleWinds/flatland_centerIgnit_3mph60deg7hr_atmRAWS/flatland_centerIgnit_3mph60deg7hr_atmRAWS_Intensity.asc
NCOLS 100
NROWS 100
XLLCORNER 20000.000000
YLLCORNER 20000.000000
CELLSIZE 30.000000
NODATA_VALUE -9999.0
[rows 27 to 53 of 100, columns 0 to 61 of 100]
-9999.0 -9999.0 -9999.0 -9999.0 -9999.0 -9999.0 -9999.0 -9999.0 -9999.0 -9999.0 -9999.0 -9999.0 -9999.0 -9999.0 -9999.0 -9999.0 -9999.0 -9999.0 -9999.0 -9999.0 -9999.0 -9999.0 -9999.0 -9999.0 -9999.0 00027.634 00027.660 00027.781 00027.853 00027.903 00027.910 00027.674 00027.668 00027.616 00027.512 00027.413 00027.296 00027.075 00026.842 00026.613 00025.835 00025.021 00024.412 00023.998 00023.592 00023.246 00022.883 00022.448 00022.010 00021.598 00021.202 00020.728 00020.341 00019.904 00019.481 00019.059 -9999.0 -9999.0 -9999.0 -9999.0 -9999.0 -9999.0
-9999.0 -9999.0 -9999.0 -9999.0 -9999.0 -9999.0 -9999.0 -9999.0 -9999.0 -9999.0 -9999.0 -9999.0 -9999.0 -9999.0 -9999.0 -9999.0 -9999.0 -9999.0 -9999.0 -9999.0 -9999.0 -9999.0 -9999.0 00028.404 00028.588 00028.739 00028.613 00028.485 00028.566 00028.478 00028.734 00028.740 00028.603 00028.445 00028.315 00028.189 00028.070 00027.886 00027.567 00027.284 00026.787 00025.699 00025.138 00024.593 00024.104 00023.734 00023.406 00023.005 00022.538 00022.108 00021.703 00021.304 00020.897 00020.255 00019.934 00019.538 00019.111 00018.429 -9999.0 -9999.0 -9999.0 -9999.0
-9999.0 -9999.0 -9999.0 -9999.0 -9999.0 -9999.0 -9999.0 -9999.0 -9999.0 -9999.0 -9999.0 -9999.0 -9999.0 -9999.0 -9999.0 -9999.0 -9999.0 -9999.0 -9999.0 -9999.0 -9999.0 -9999.0 00029.047 00029.233 00029.387 00029.514 00029.614 00029.411 00029.516 00029.530 00029.531 00029.528 00029.513 00029.360 00029.148 00028.903 00028.758 00028.664 00028.429 00028.066 00027.540 00026.954 00026.161 00025.280 00024.779 00024.368 00023.990 00023.514 00022.999 00022.531 00022.199 00021.785 00021.333 00020.798 00020.392 00019.920 00019.550 00019.111 00018.619 -9999.0 -9999.0 -9999.0
-9999.0 -9999.0 -9999.0 -9999.0 -9999.0 -9999.0 -9999.0 -9999.0 -9999.0 -9999.0 -9999.0 -9999.0 -9999.0 -9999.0 -9999.0 -9999.0 -9999.0 -9999.0 -9999.0 -9999.0 -9999.0 00029.623 00029.862 00030.045 00030.174 00030.230 00030.213 00030.380 00030.373 00030.377 00030.365 00030.344 00030.280 00030.140 00030.064 00029.820 00029.634 00029.465 00029.299 00029.009 00028.605 00027.951 00027.187 00026.110 00025.438 00024.990 00024.581 00024.070 00023.533 00023.069 00022.643 00022.169 00021.730 00021.230 00020.829 00020.411 00019.817 00019.517 00019.001 00018.474 -9999.0 -9999.0
-9999.0 -9999.0 -9999.0 -9999.0 -9999.0 -9999.0 -9999.0 -9999.0 -9999.0 -9999.0 -9999.0 -9999.0 -9999.0 -9999.0 -9999.0 -9999.0 -9999.0 -9999.0 -9999.0 00029.868 00030.145 00030.388 00030.601 00030.786 00030.832 00031.134 00031.252 00031.331 00031.320 00031.281 00031.216 00031.065 00031.108 00031.058 00031.007 00030.818 00030.545 00030.405 00030.264 00029.972 00029.575 00028.995 00028.182 00026.981 00026.016 00025.546 00025.071 00024.648 00024.100 00023.594 00023.118 00022.684 00022.102 00021.559 00021.257 00020.816 00020.371 00019.849 00019.312 00018.893 00018.424 -9999.0
-9999.0 -9999.0 -9999.0 -9999.0 -9999.0 -9999.0 -9999.0 -9999.0 -9999.0 -9999.0 -9999.0 -9999.0 -9999.0 -9999.0 -9999.0 -9999.0 -9999.0 -9999.0 00030.625 00030.852 00031.067 00031.117 00031.314 00031.340 00031.748 00031.927 00032.089 00032.195 00032.294 00032.191 00032.144 00032.065 00032.005 00031.934 00031.883 00031.750 00031.521 00031.326 00031.157 00030.869 00030.529 00030.164 00029.226 00027.882 00026.788 00026.209 00025.640 00025.151 00024.689 00024.115 00023.594 00023.060 00022.509 00022.051 00021.641 00021.133 00020.676 00020.166 00019.707 00019.261 00018.832 00018.354
-9999.0 -9999.0 -9999.0 -9999.0 -9999.0 -9999.0 -9999.0 -9999.0 -9999.0 -9999.0 -9999.0 -9999.0 -9999.0 -9999.0 -9999.0 -9999.0 -9999.0 00031.666 00031.874 00032.061 00032.306 00032.310 00032.055 00032.260 00032.479 00032.726 00032.915 00033.027 00032.989 00033.182 00033.247 00033.141 00033.006 00032.935 00032.838 00032.633 00032.438 00032.233 00032.050 00031.858 00031.509 00031.163 00030.777 00029.098 00027.943 00026.965 00026.289 00025.724 00025.221 00024.616 00024.021 00023.459 00023.008 00022.532 00022.040 00021.482 00020.934 00020.555 00020.084 00019.645 00019.189 00018.750
-9999.0 -9999.0 -9999.0 -9999.0 -9999.0 -9999.0 -9999.0 -9999.0 -9999.0 -9999.0 -9999.0 -9999.0 -9999.0 -9999.0 -9999.0 -9999.0 00031.697 00032.314 00032.592 00032.871 00033.119 00033.129 00033.650 00033.713 00033.601 00033.751 00033.781 00033.761 00033.942 00034.043 00034.143 00034.240 00034.268 00033.997 00033.793 00033.724 00033.496 00033.253 00033.021 00032.827 00032.621 00032.056 00031.206 00030.355 00029.111 00027.675 00026.714 00026.227 00025.811 00025.139 00024.478 00023.884 00023.361 00022.914 00022.418 00021.813 00021.320 00020.793 00020.449 00020.006 00019.547 00019.108
-9999.0 -9999.0 -9999.0 -9999.0 -9999.0 -9999.0 -9999.0 -9999.0 -9999.0 -9999.0 -9999.0 -9999.0 -9999.0 -9999.0 -9999.0 -9999.0 00032.637 00033.013 00033.345 00033.649 00033.743 00034.266 00034.520 00034.665 00034.693 00034.702 00034.769 00034.868 00034.899 00034.929 00035.064 00035.164 00035.180 00035.233 00035.063 00035.063 00034.778 00034.427 00034.157 00033.628 00033.486 00033.148 00032.649 00031.668 00030.286 00028.430 00027.315 00026.734 00026.214 00025.571 00024.857 00024.337 00023.767 00023.235 00022.727 00022.179 00021.662 00021.196 00020.700 00020.355 00019.920 00019.400
-9999.0 -9999.0 -9999.0 -9999.0 -9999.0 -9999.0 -9999.0 -9999.0 -9999.0 -9999.0 -9999.0 -9999.0 -9999.0 -9999.0 -9999.0 00032.893 00033.314 00033.695 00034.041 00034.215 00034.744 00035.058 00035.364 00035.673 00035.803 00035.866 00035.991 00036.014 00036.060 00036.118 00036.078 00036.009 00036.068 00036.036 00036.062 00036.082 00036.096 00035.650 00035.274 00034.809 00034.574 00034.173 00033.673 00033.319 00031.333 00029.238 00028.075 00027.216 00026.489 00025.899 00025.248 00024.677 00024.171 00023.630 00023.060 00022.488 00022.030 00021.553 00021.099 00020.627 00020.286 00019.867
-9999.0 -9999.0 -9999.0 -9999.0 -9999.0 -9999.0 -9999.0 -9999.0 -9999.0 -9999.0 -9999.0 -9999.0 -9999.0 -9999.0 00033.100 00033.562 00033.981 00034.355 00034.598 00035.098 00035.452 00035.791 00036.123 00036.416 00036.599 00036.988 00037.296 00037.453 00037.520 00037.434 00037.310 00037.454 00037.320 00037.071 00037.121 00037.107 00036.995 00036.956 00036.497 00036.068 00035.718 00035.325 00034.793 00034.043 00032.520 00030.859 00029.059 00027.655 00026.921 00026.281 00025.659 00024.981 00024.444 00023.839 00023.362 00022.792 00022.343 00021.929 00021.454 00021.030 00020.595 00020.218
-9999.0 -9999.0 -9999.0 -9999.0 -9999.0 -9999.0 -9999.0 -9999.0 -9999.0 -9999.0 -9999.0 -9999.0 -9999.0 00032.903 00033.743 00034.187 00034.591 00034.939 00035.216 00035.778 00036.153 00036.508 00036.856 00037.007 00037.440 00037.744 00038.062 00038.418 00038.737 00039.031 00038.953 00039.025 00039.213 00039.013 00038.381 00038.526 00038.293 00038.011 00037.679 00037.296 00036.908 00036.447 00035.789 00035.233 00034.338 00032.247 00029.759 00027.734 00027.096 00026.464 00025.938 00025.233 00024.621 00024.123 00023.459 00023.169 00022.685 00022.238 00021.860 00021.399 00020.965 00020.527
-9999.0 -9999.0 -9999.0 -9999.0 -9999.0 -9999.0 -9999.0 -9999.0 -9999.0 -9999.0 -9999.0 -9999.0 -9999.0 00033.729 00034.236 00034.698 00035.123 00035.338 00036.030 00036.425 00036.808 00037.190 00037.432 00037.858 00038.198 00038.538 00038.893 00039.227 00039.458 00039.730 00039.915 00040.141 00040.374 00040.313 00040.051 00039.880 00039.681 00039.432 00039.124 00038.757 00038.092 00037.495 00036.873 00036.213 00035.256 00033.100 00031.165 00029.084 00027.282 00026.493 00025.953 00025.287 00024.800 00024.326 00023.849 00023.367 00023.054 00022.606 00022.184 00021.786 00021.302 00020.858
-9999.0 -9999.0 -9999.0 -9999.0 -9999.0 -9999.0 -9999.0 -9999.0 -9999.0 -9999.0 -9999.0 -9999.0 00033.750 00034.245 00034.697 00035.113 00035.414 00036.022 00036.478 00036.926 00037.360 00037.733 00038.110 00038.546 00038.914 00039.304 00039.719 00039.977 00040.338 00040.624 00040.924 00041.240 00041.449 00041.631 00041.583 00041.480 00041.303 00041.024 00040.705 00040.097 00039.561 00038.819 00038.079 00037.403 00036.750 00035.193 00032.792 00029.736 00027.263 00026.497 00025.864 00025.293 00024.879 00024.571 00024.132 00023.744 00023.327 00022.999 00022.535 00022.086 00021.667 00021.160
-9999.0 -9999.0 -9999.0 -9999.0 -9999.0 -9999.0 -9999.0 -9999.0 -9999.0 -9999.0 -9999.0 -9999.0 00034.346 00034.829 00035.257 00035.641 00035.925 00036.543 00036.956 00037.363 00037.773 00038.021 00038.582 00039.021 00039.479 00039.962 00040.359 00040.770 00041.123 00041.484 00041.862 00042.260 00042.302 00042.633 00042.819 00043.024 00043.253 00043.094 00042.502 00042.380 00041.855 00040.813 00039.877 00039.242 00038.392 00037.809 00034.768 00032.124 00028.622 00026.676 00025.819 00025.296 00024.922 00024.648 00024.401 00024.042 00023.704 00023.296 00022.884 00022.426 00021.934 00021.474
-9999.0 -9999.0 -9999.0 -9999.0 -9999.0 -9999.0 -9999.0 -9999.0 -9999.0 -9999.0 -9999.0 00034.415 00034.963 00035.442 00035.860 00036.083 00036.735 00037.152 00037.559 00037.967 00038.249 00038.712 00039.097 00039.504 00039.937 00040.358 00040.746 00041.207 00041.663 00042.132 00042.631 00042.804 00043.279 00043.510 00043.742 00043.974 00044.204 00044.131 00043.930 00043.625 00043.431 00042.709 00042.032 00041.448 00040.830 00040.180 00038.313 00034.908 00029.970 00027.149 00026.071 00025.239 00024.907 00024.725 00024.531 00024.358 00023.980 00023.603 00023.222 00022.733 00022.223 00021.761
-9999.0 -9999.0 -9999.0 -9999.0 -9999.0 -9999.0 -9999.0 -9999.0 -9999.0 -9999.0 00034.479 00035.036 00035.639 00036.080 00036.428 00036.922 00037.392 00037.807 00038.218 00038.589 00038.897 00039.355 00039.750 00040.174 00040.630 00040.939 00041.353 00041.739 00042.147 00042.577 00042.906 00043.345 00043.698 00044.060 00044.429 00044.815 00044.985 00045.023 00044.930 00044.877 00044.789 00044.480 00044.281 00044.276 00044.062 00043.608 00041.767 00038.392 00032.811 00028.228 00026.446 00025.514 00024.986 00024.844 00024.708 00024.505 00024.247 00023.844 00023.469 00023.049 00022.499 00022.007
-9999.0 -9999.0 -9999.0 -9999.0 -9999.0 -9999.0 -9999.0 -9999.0 -9999.0 -9999.0 00035.529 00035.933 00036.310 00036.726 00036.933 00037.649 00038.085 00038.513 00039.071 00039.347 00039.825 00040.187 00040.562 00040.955 00041.273 00041.638 00042.034 00042.440 00042.874 00043.340 00043.419 00043.970 00044.219 00044.476 00044.743 00045.080 00045.241 00045.386 00045.528 00045.677 00045.831 00045.955 00046.417 00047.104 00047.550 00047.457 00047.581 00048.869 -9999.0 -9999.000 00026.735 00026.067 00025.401 00024.968 00024.814 00024.627 00024.395 00024.075 00023.663 00023.139 00022.801 00022.300
-9999.0 -9999.0 -9999.0 -9999.0 -9999.0 -9999.0 -9999.0 -9999.0 -9999.0 00035.208 00036.240 00036.751 00037.228 00037.607 00038.129 00038.623 00039.055 00039.481 00039.911 00040.302 00040.785 00041.228 00041.667 00042.120 00042.411 00042.793 00043.139 00043.487 00043.833 00043.861 00044.578 00044.840 00045.106 00045.432 00045.663 00045.578 00045.666 00045.682 00045.708 00045.796 00045.949 00046.434 00047.226 00047.934 00048.672 00049.413 00050.129 -9999.000 -9999.0 -9999.0 -9999.000 00026.658 00025.994 00025.310 00024.889 00024.672 00024.487 00024.313 00023.889 00023.502 00023.125 00022.575
-9999.0 -9999.0 -9999.0 -9999.0 -9999.0 -9999.0 -9999.0 -9999.0 -9999.0 00036.174 00036.756 00037.295 00037.797 00038.102 00038.900 00039.407 00039.910 00040.298 00040.564 00041.118 00041.576 00042.060 00042.575 00043.015 00043.442 00043.892 00044.351 00044.834 00045.280 00045.241 00045.467 00045.758 00046.182 00046.729 00046.844 00046.866 00046.821 00046.747 00046.638 00046.484 00046.554 00047.142 00047.765 00048.418 00049.171 00049.878 -9999.000 -9999.0 -9999.0 -9999.0 -9999.0 -9999.000 00026.582 00025.862 00025.085 00024.741 00024.570 00024.364 00024.134 00023.734 00023.232 00022.855
-9999.0 -9999.0 -9999.0 -9999.0 -9999.0 -9999.0 -9999.0 -9999.0 -9999.0 00036.646 00037.216 00037.744 00038.235 00038.585 00039.461 00039.971 00040.477 00040.921 00041.264 00041.857 00042.352 00042.879 00043.443 00043.845 00044.367 00044.865 00045.371 00045.908 00046.181 00046.669 00047.004 00047.339 00047.649 00048.012 00048.008 00048.173 00048.217 00048.243 00048.247 00048.272 00048.660 00049.194 00049.646 00049.817 00049.859 00050.358 -9999.0 -9999.0 -9999.0 -9999.0 -9999.0 -9999.0 -9999.000 00026.368 00025.529 00024.832 00024.674 00024.552 00024.414 00023.972 00023.581 00023.156
-9999.0 -9999.0 -9999.0 -9999.0 -9999.0 -9999.0 -9999.0 -9999.0 00036.797 00037.418 00037.992 00038.527 00038.928 00039.502 00040.035 00040.558 00041.080 00041.500 00042.030 00042.544 00043.071 00043.633 00044.175 00044.629 00045.281 00045.897 00046.460 00047.056 00047.166 00047.876 00048.290 00048.688 00048.874 00049.202 00049.378 00049.521 00049.662 00049.808 00050.023 00050.386 00050.956 00051.251 00053.349 00053.776 00053.823 -9999.000 -9999.0 -9999.0 -9999.0 -9999.0 -9999.0 -9999.0 -9999.000 00027.436 00026.475 00025.616 00025.052 00024.972 00024.788 00024.284 00023.902 00023.561
-9999.0 -9999.0 -9999.0 -9999.0 -9999.0 -9999.0 -9999.0 -9999.0 00037.351 00037.975 00038.554 00039.097 00039.430 00040.135 00040.687 00041.233 00041.786 00042.166 00042.803 00043.338 00043.906 00044.513 00045.038 00045.572 00046.170 00046.745 00047.353 00047.912 00048.390 00048.836 00049.299 00049.717 00050.182 00050.512 00050.765 00050.954 00051.089 00051.135 00052.089 00052.958 00054.120 00056.012 00057.783 00059.831 00061.221 -9999.000 -9999.0 -9999.0 -9999.0 -9999.0 -9999.0 -9999.0 -9999.0 00029.563 00027.886 00026.794 00025.831 00025.730 00025.436 00024.810 00024.569 00023.991
-9999.0 -9999.0 -9999.0 -9999.0 -9999.0 -9999.0 -9999.0 -9999.0 00037.833 00038.456 00039.035 00039.579 00039.845 00040.770 00041.350 00041.918 00042.496 00042.858 00043.556 00044.125 00044.731 00045.379 00045.889 00046.482 00046.919 00047.530 00048.180 00048.627 00049.239 00049.730 00050.236 00050.750 00051.545 00051.926 00052.294 00052.615 00053.242 00053.892 00054.678 00055.962 00057.657 00058.963 00059.495 00060.846 00062.322 00063.034 -9999.000 -9999.0 -9999.0 -9999.0 -9999.0 -9999.0 -9999.000 00031.522 00029.812 00027.916 00027.543 00026.695 00026.113 00025.792 00025.165 00024.477
-9999.0 -9999.0 -9999.0 -9999.0 -9999.0 -9999.0 -9999.0 -9999.0 00038.292 00038.914 00039.495 00040.003 00040.537 00041.383 00041.979 00042.570 00043.107 00043.574 00044.216 00044.795 00045.412 00046.072 00046.558 00047.148 00047.694 00048.381 00049.067 00049.461 00050.142 00050.647 00051.126 00051.732 00053.000 00053.404 00053.979 00054.511 00055.843 00056.295 00056.265 00057.206 00058.746 00059.468 00060.320 00061.302 00061.845 00062.482 00063.117 -9999.0 -9999.0 -9999.0 -9999.0 -9999.000 00033.707 00032.171 00030.441 00028.800 00028.072 00027.464 00026.860 00026.388 00025.697 00024.970
-9999.0 -9999.0 -9999.0 -9999.0 -9999.0 -9999.0 -9999.0 00038.107 00038.786 00039.421 00040.020 00040.502 00041.251 00041.842 00042.428 00043.019 00043.532 00044.084 00044.703 00045.303 00045.946 00046.606 00047.131 00047.761 00048.470 00049.284 00050.038 00050.448 00051.284 00051.934 00053.024 00054.122 00054.427 00054.758 00055.434 00056.112 00056.652 00056.896 00057.359 00057.908 00058.611 00059.448 00059.998 00060.569 00061.276 00061.953 00062.623 -9999.000 -9999.0 -9999.0 -9999.0 00033.950 00033.232 00032.428 00030.803 00029.443 00028.655 00028.023 00027.467 00026.705 00026.051 00025.400
-9999.0 -9999.0 -9999.0 -9999.0 -9999.0 -9999.0 -9999.0 00038.604 00039.284 00039.919 00040.518 00040.956 00041.739 00042.267 00042.866 00043.477 00043.978 00044.611 00045.215 00045.838 00046.499 00047.147 00047.664 00048.286 00049.319 00050.249 00051.089 00051.529 00052.499 00053.250 00054.155 00054.820 00055.358 00055.867 00056.543 00056.823 00057.061 00057.276 00057.492 00057.705 00058.124 00058.718 00059.364 00060.022 00060.710 00061.424 00062.089 00062.765 -9999.000 -9999.0 -9999.000 00033.501 00032.737 00032.024 00031.087 00030.031 00029.223 00028.537 00027.823 00026.978 00026.318 00025.687
