examples/flatland/Outputs/centerIgnit/c_atmRAWS/singleWinds/flatland_centerIgnit_3mph240deg7hr_atmRAWS/flatland_centerIgnit_3mph240deg7hr_atmRAWS_ReactionIntensity.asc
NCOLS 100
NROWS 100
XLLCORNER 20000.000000
YLLCORNER 20000.000000
CELLSIZE 30.000000
NODATA_VALUE -9999.0
[rows 28 to 55 of 100, columns 0 to 62 of 100]
-9999.0 -9999.0 -9999.0 -9999.0 -9999.0 -9999.0 -9999.0 -9999.0 -9999.0 -9999.0 -9999.0 -9999.0 -9999.0 -9999.0 -9999.0 -9999.0 -9999.0 -9999.0 -9999.0 -9999.0 -9999.0 -9999.0 -9999.0 -9999.0 -9999.0 -9999.0 -9999.0 -9999.0 -9999.0 -9999.0 -9999.0 -9999.0 -9999.0 00153.253 00154.257 00154.958 00155.943 00156.657 00157.332 00157.805 00158.557 00159.214 00159.805 00160.442 00160.877 00161.434 00161.913 00162.351 00162.784 00163.145 00163.504 00163.787 00163.883 00163.897 00163.891 00163.884 00163.876 00163.715 00163.521 00163.265 00163.008 00162.750 00162.422
-9999.0 -9999.0 -9999.0 -9999.0 -9999.0 -9999.0 -9999.0 -9999.0 -9999.0 -9999.0 -9999.0 -9999.0 -9999.0 -9999.0 -9999.0 -9999.0 -9999.0 -9999.0 -9999.0 -9999.0 -9999.0 -9999.0 -9999.0 -9999.0 -9999.0 -9999.0 -9999.0 -9999.0 -9999.0 -9999.0 -9999.0 -9999.0 00152.857 00153.928 00154.820 00155.690 00156.452 00157.178 00157.733 00158.460 00159.125 00159.861 00160.533 00161.036 00161.630 00162.175 00162.722 00163.187 00163.670 00163.886 00163.908 00164.416 00164.571 00164.661 00164.587 00164.498 00164.390 00163.912 00163.897 00163.880 00163.695 00163.352 00163.006
-9999.0 -9999.0 -9999.0 -9999.0 -9999.0 -9999.0 -9999.0 -9999.0 -9999.0 -9999.0 -9999.0 -9999.0 -9999.0 -9999.0 -9999.0 -9999.0 -9999.0 -9999.0 -9999.0 -9999.0 -9999.0 -9999.0 -9999.0 -9999.0 -9999.0 -9999.0 -9999.0 -9999.0 -9999.0 -9999.0 -9999.0 00152.348 00153.554 00154.523 00155.069 00156.204 00156.944 00157.629 00158.312 00159.001 00159.747 00160.527 00161.158 00161.767 00162.374 00162.979 00163.604 00163.889 00164.047 00164.606 00164.842 00165.047 00165.206 00165.225 00165.138 00165.041 00164.907 00164.766 00164.583 00164.395 00163.904 00163.881 00163.611
-9999.0 -9999.0 -9999.0 -9999.0 -9999.0 -9999.0 -9999.0 -9999.0 -9999.0 -9999.0 -9999.0 -9999.0 -9999.0 -9999.0 -9999.0 -9999.0 -9999.0 -9999.0 -9999.0 -9999.0 -9999.0 -9999.0 -9999.0 -9999.0 -9999.0 -9999.0 -9999.0 -9999.0 -9999.0 -9999.0 -9999.0 00153.079 00154.162 00154.942 00155.934 00156.693 00157.430 00158.006 00158.822 00159.592 00160.434 00161.077 00161.852 00162.511 00163.176 00163.851 00163.914 00164.632 00164.967 00165.246 00165.498 00165.703 00165.877 00165.807 00165.709 00165.591 00165.447 00165.261 00165.071 00164.850 00164.605 00164.184 00163.896
-9999.0 -9999.0 -9999.0 -9999.0 -9999.0 -9999.0 -9999.0 -9999.0 -9999.0 -9999.0 -9999.0 -9999.0 -9999.0 -9999.0 -9999.0 -9999.0 -9999.0 -9999.0 -9999.0 -9999.0 -9999.0 -9999.0 -9999.0 -9999.0 -9999.0 -9999.0 -9999.0 -9999.0 -9999.0 -9999.0 00152.511 00153.722 00154.696 00155.593 00156.430 00157.173 00157.764 00158.579 00159.356 00160.244 00160.928 00161.734 00162.530 00163.338 00163.885 00164.444 00164.891 00165.269 00165.627 00165.922 00166.182 00166.392 00166.528 00166.413 00166.303 00166.158 00165.983 00165.777 00165.566 00165.298 00165.038 00164.766 00164.495
-9999.0 -9999.0 -9999.0 -9999.0 -9999.0 -9999.0 -9999.0 -9999.0 -9999.0 -9999.0 -9999.0 -9999.0 -9999.0 -9999.0 -9999.0 -9999.0 -9999.0 -9999.0 -9999.0 -9999.0 -9999.0 -9999.0 -9999.0 -9999.0 -9999.0 -9999.0 -9999.0 -9999.0 -9999.0 -9999.0 00153.133 00154.294 00154.999 00156.105 00156.888 00157.621 00158.328 00159.084 00159.942 00160.746 00161.572 00162.397 00163.269 00163.895 00164.571 00165.059 00165.530 00165.944 00166.316 00166.634 00166.895 00166.921 00166.924 00166.914 00166.898 00166.740 00166.526 00166.312 00166.038 00165.758 00165.476 00165.185 00164.835
-9999.0 -9999.0 -9999.0 -9999.0 -9999.0 -9999.0 -9999.0 -9999.0 -9999.0 -9999.0 -9999.0 -9999.0 -9999.0 -9999.0 -9999.0 -9999.0 -9999.0 -9999.0 -9999.0 -9999.0 -9999.0 -9999.0 -9999.0 -9999.0 -9999.0 -9999.0 -9999.0 -9999.0 -9999.0 00152.300 00153.665 00154.741 00155.735 00156.556 00157.345 00157.940 00158.809 00159.634 00160.525 00161.313 00162.193 00163.096 00163.886 00164.617 00165.181 00165.696 00166.198 00166.655 00166.914 00166.940 00167.164 00167.255 00167.222 00167.172 00167.023 00166.935 00166.918 00166.812 00166.523 00166.223 00165.911 00165.548 00165.188
-9999.0 -9999.0 -9999.0 -9999.0 -9999.0 -9999.0 -9999.0 -9999.0 -9999.0 -9999.0 -9999.0 -9999.0 -9999.0 -9999.0 -9999.0 -9999.0 -9999.0 -9999.0 -9999.0 -9999.0 -9999.0 -9999.0 -9999.0 -9999.0 -9999.0 -9999.0 -9999.0 -9999.0 -9999.0 00152.878 00154.128 00154.980 00156.148 00156.999 00157.695 00158.506 00159.317 00160.236 00161.000 00161.890 00162.831 00163.848 00164.501 00165.163 00165.819 00166.357 00166.893 00166.941 00167.215 00167.331 00167.435 00167.501 00167.449 00167.392 00167.325 00167.248 00167.154 00166.936 00166.912 00166.679 00166.290 00165.911 00165.543
-9999.0 -9999.0 -9999.0 -9999.0 -9999.0 -9999.0 -9999.0 -9999.0 -9999.0 -9999.0 -9999.0 -9999.0 -9999.0 -9999.0 -9999.0 -9999.0 -9999.0 -9999.0 -9999.0 -9999.0 -9999.0 -9999.0 -9999.0 -9999.0 -9999.0 -9999.0 -9999.0 -9999.0 -9999.0 00153.366 00154.542 00155.520 00156.513 00157.390 00158.112 00158.965 00159.856 00160.725 00161.591 00162.497 00163.511 00163.944 00165.027 00165.730 00166.456 00166.915 00167.153 00167.338 00167.481 00167.601 00167.709 00167.731 00167.672 00167.612 00167.531 00167.444 00167.335 00167.228 00166.965 00166.916 00166.678 00166.281 00165.886
-9999.0 -9999.0 -9999.0 -9999.0 -9999.0 -9999.0 -9999.0 -9999.0 -9999.0 -9999.0 -9999.0 -9999.0 -9999.0 -9999.0 -9999.0 -9999.0 -9999.0 -9999.0 -9999.0 -9999.0 -9999.0 -9999.0 -9999.0 -9999.0 -9999.0 -9999.0 -9999.0 -9999.0 00152.416 00153.820 00154.880 00155.955 00156.867 00157.671 00158.553 00159.462 00160.433 00161.243 00162.174 00163.147 00163.895 00164.808 00165.566 00166.309 00166.917 00167.210 00167.411 00167.608 00167.750 00167.879 00167.995 00167.961 00167.899 00167.822 00167.736 00167.628 00167.518 00167.390 00167.246 00166.961 00166.915 00166.644 00166.238
-9999.0 -9999.0 -9999.0 -9999.0 -9999.0 -9999.0 -9999.0 -9999.0 -9999.0 -9999.0 -9999.0 -9999.0 -9999.0 -9999.0 -9999.0 -9999.0 -9999.0 -9999.0 -9999.0 -9999.0 -9999.0 -9999.0 -9999.0 -9999.0 -9999.0 -9999.0 -9999.0 -9999.0 00152.822 00154.177 00155.032 00156.293 00157.197 00157.913 00158.917 00159.924 00160.840 00161.787 00162.768 00163.840 00164.559 00165.304 00166.096 00166.904 00167.185 00167.467 00167.673 00167.873 00168.028 00168.159 00168.508 00168.256 00168.116 00168.035 00167.925 00167.814 00167.682 00167.534 00167.389 00167.239 00166.944 00166.912 00166.599
-9999.0 -9999.0 -9999.0 -9999.0 -9999.0 -9999.0 -9999.0 -9999.0 -9999.0 -9999.0 -9999.0 -9999.0 -9999.0 -9999.0 -9999.0 -9999.0 -9999.0 -9999.0 -9999.0 -9999.0 -9999.0 -9999.0 -9999.0 -9999.0 -9999.0 -9999.0 -9999.0 -9999.0 00153.191 00154.473 00155.540 00156.601 00157.523 00158.356 00159.292 00160.377 00161.314 00162.347 00163.401 00163.915 00165.044 00165.818 00166.643 00167.002 00167.405 00167.693 00167.936 00168.141 00168.635 00169.272 00169.518 00169.063 00168.717 00168.375 00168.115 00167.978 00167.828 00167.678 00167.524 00167.372 00167.222 00166.941 00166.908
-9999.0 -9999.0 -9999.0 -9999.0 -9999.0 -9999.0 -9999.0 -9999.0 -9999.0 -9999.0 -9999.0 -9999.0 -9999.0 -9999.0 -9999.0 -9999.0 -9999.0 -9999.0 -9999.0 -9999.0 -9999.0 -9999.0 -9999.0 -9999.0 -9999.0 -9999.0 -9999.0 -9999.0 00153.518 00154.737 00155.859 00156.843 00157.702 00158.678 00159.674 00160.704 00161.734 00162.852 00163.886 00164.744 00165.539 00166.352 00166.927 00167.316 00167.628 00167.922 00168.309 00169.061 00169.969 00170.673 00170.564 00170.172 00169.693 00169.100 00168.547 00168.126 00167.970 00167.815 00167.660 00167.507 00167.356 00167.206 00166.937
-9999.0 -9999.0 -9999.0 -9999.0 -9999.0 -9999.0 -9999.0 -9999.0 -9999.0 -9999.0 -9999.0 -9999.0 -9999.0 -9999.0 -9999.0 -9999.0 -9999.0 -9999.0 -9999.0 -9999.0 -9999.0 -9999.0 -9999.0 -9999.0 -9999.0 -9999.0 -9999.0 00152.222 00153.773 00154.911 00156.099 00157.072 00157.835 00158.941 00160.059 00161.050 00162.144 00163.334 00164.227 00165.209 00166.035 00166.903 00167.210 00167.520 00167.838 00168.151 00169.296 00170.401 00171.290 00172.112 00171.569 00171.090 00170.573 00169.932 00169.138 00168.510 00168.110 00167.953 00167.798 00167.644 00167.491 00167.335 00167.181
-9999.0 -9999.0 -9999.0 -9999.0 -9999.0 -9999.0 -9999.0 -9999.0 -9999.0 -9999.0 -9999.0 -9999.0 -9999.0 -9999.0 -9999.0 -9999.0 -9999.0 -9999.0 -9999.0 -9999.0 -9999.0 -9999.0 -9999.0 -9999.0 -9999.0 -9999.0 -9999.0 00152.465 00153.964 00154.980 00156.284 00157.292 00158.161 00159.191 00160.362 00161.399 00162.556 00163.814 00164.699 00165.615 00166.549 00166.945 00167.413 00167.727 00168.048 00168.852 00170.408 00171.652 00172.630 00173.127 00172.547 00172.005 00171.312 00170.581 00169.871 00169.045 00168.451 00168.093 00167.936 00167.779 00167.623 00167.462 00167.287
-9999.0 -9999.0 -9999.0 -9999.0 -9999.0 -9999.0 -9999.0 -9999.0 -9999.0 -9999.0 -9999.0 -9999.0 -9999.0 -9999.0 -9999.0 -9999.0 -9999.0 -9999.0 -9999.0 -9999.0 -9999.0 -9999.0 -9999.0 -9999.0 -9999.0 -9999.0 -9999.0 00152.649 00154.134 00155.048 00156.432 00157.438 00158.375 00159.437 00160.592 00161.675 00162.895 00163.899 00165.034 00165.983 00166.910 00167.287 00167.613 00167.937 00168.484 00169.956 00171.446 00172.958 00174.063 00174.061 00173.449 00172.745 00171.982 00171.232 00170.503 00169.793 00168.953 00168.395 00168.075 00167.914 00167.738 00167.560 00167.385
-9999.0 -9999.0 -9999.0 -9999.0 -9999.0 -9999.0 -9999.0 -9999.0 -9999.0 -9999.0 -9999.0 -9999.0 -9999.0 -9999.0 -9999.0 -9999.0 -9999.0 -9999.0 -9999.0 -9999.0 -9999.0 -9999.0 -9999.0 -9999.0 -9999.0 -9999.0 -9999.0 00152.791 00154.245 00155.164 00156.549 00157.577 00158.519 00159.608 00160.747 00161.925 00163.209 00164.179 00165.319 00166.350 00166.941 00167.450 00167.814 00168.146 00169.396 00170.923 00172.475 00173.972 -9999.0 -9999.000 00174.115 00173.380 00172.667 00171.898 00171.151 00170.425 00169.705 00168.849 00168.297 00168.022 00167.841 00167.655 00167.466
-9999.0 -9999.0 -9999.0 -9999.0 -9999.0 -9999.0 -9999.0 -9999.0 -9999.0 -9999.0 -9999.0 -9999.0 -9999.0 -9999.0 -9999.0 -9999.0 -9999.0 -9999.0 -9999.0 -9999.0 -9999.0 -9999.0 -9999.0 -9999.0 -9999.0 -9999.0 -9999.0 00152.866 00154.318 00155.388 00156.635 00157.624 00158.619 00159.751 00160.883 00162.108 00163.456 00164.562 00165.568 00166.633 00167.206 00167.592 00167.980 00168.791 00170.418 00171.929 00173.450 -9999.000 -9999.0 -9999.0 -9999.000 00174.028 00173.302 00172.582 00171.814 00171.075 00170.342 00169.481 00168.637 00168.118 00167.923 00167.731 00167.537
-9999.0 -9999.0 -9999.0 -9999.0 -9999.0 -9999.0 -9999.0 -9999.0 -9999.0 -9999.0 -9999.0 -9999.0 -9999.0 -9999.0 -9999.0 -9999.0 -9999.0 -9999.0 -9999.0 -9999.0 -9999.0 -9999.0 -9999.0 -9999.0 -9999.0 -9999.0 -9999.0 00152.901 00154.353 00155.500 00156.674 00157.655 00158.686 00159.846 00160.989 00162.242 00163.645 00164.702 00165.744 00166.873 00167.302 00167.713 00168.126 00169.658 00171.387 00172.947 -9999.000 -9999.0 -9999.0 -9999.0 -9999.0 -9999.000 00173.947 00173.225 00172.502 00171.669 00170.812 00169.983 00168.978 00168.285 00168.003 00167.808 00167.610
-9999.0 -9999.0 -9999.0 -9999.0 -9999.0 -9999.0 -9999.0 -9999.0 -9999.0 -9999.0 -9999.0 -9999.0 -9999.0 -9999.0 -9999.0 -9999.0 -9999.0 -9999.0 -9999.0 -9999.0 -9999.0 -9999.0 -9999.0 -9999.0 -9999.0 -9999.0 -9999.0 00152.882 00154.368 00155.572 00156.710 00157.678 00158.731 00159.914 00161.072 00162.350 00163.771 00164.803 00165.881 00166.914 00167.375 00167.808 00168.410 00170.322 00172.227 00173.922 -9999.0 -9999.0 -9999.0 -9999.0 -9999.0 -9999.0 -9999.000 00173.869 00173.082 00172.202 00171.301 00170.401 00169.456 00168.483 00168.026 00167.794 00167.569
-9999.0 -9999.0 -9999.0 -9999.0 -9999.0 -9999.0 -9999.0 -9999.0 -9999.0 -9999.0 -9999.0 -9999.0 -9999.0 -9999.0 -9999.0 -9999.0 -9999.0 -9999.0 -9999.0 -9999.0 -9999.0 -9999.0 -9999.0 -9999.0 -9999.0 -9999.0 -9999.0 00152.570 00154.123 00155.065 00156.530 00157.588 00158.599 00159.775 00160.963 00162.268 00163.737 00164.822 00165.962 00166.925 00167.444 00167.891 00168.761 00170.889 00172.993 -9999.000 -9999.0 -9999.0 -9999.0 -9999.0 -9999.0 -9999.0 -9999.000 00174.461 00173.594 00172.546 00171.400 00170.316 00169.160 00168.277 00167.969 00167.743 00167.522
-9999.0 -9999.0 -9999.0 -9999.0 -9999.0 -9999.0 -9999.0 -9999.0 -9999.0 -9999.0 -9999.0 -9999.0 -9999.0 -9999.0 -9999.0 -9999.0 -9999.0 -9999.0 -9999.0 -9999.0 -9999.0 -9999.0 -9999.0 -9999.0 -9999.0 -9999.0 -9999.0 00152.231 00153.859 00154.970 00156.318 00157.381 00158.373 00159.499 00160.713 00161.948 00163.358 00164.549 00165.625 00166.802 00167.308 00167.754 00168.333 00170.391 00172.540 -9999.000 -9999.0 -9999.0 -9999.0 -9999.0 -9999.0 -9999.0 -9999.0 00174.287 00173.210 00172.104 00170.997 00169.959 00168.803 00168.130 00167.903 00167.679 00167.459
-9999.0 -9999.0 -9999.0 -9999.0 -9999.0 -9999.0 -9999.0 -9999.0 -9999.0 -9999.0 -9999.0 -9999.0 -9999.0 -9999.0 -9999.0 -9999.0 -9999.0 -9999.0 -9999.0 -9999.0 -9999.0 -9999.0 -9999.0 -9999.0 -9999.0 -9999.0 -9999.0 -9999.0 00153.522 00154.847 00156.062 00157.131 00158.041 00159.194 00160.463 00161.612 00162.941 00163.910 00165.292 00166.410 00167.150 00167.586 00168.027 00169.334 00171.403 00173.280 -9999.000 -9999.0 -9999.0 -9999.0 -9999.0 -9999.0 -9999.000 00173.632 00172.634 00171.561 00170.532 00169.488 00168.512 00168.044 00167.817 00167.594 00167.373
-9999.0 -9999.0 -9999.0 -9999.0 -9999.0 -9999.0 -9999.0 -9999.0 -9999.0 -9999.0 -9999.0 -9999.0 -9999.0 -9999.0 -9999.0 -9999.0 -9999.0 -9999.0 -9999.0 -9999.0 -9999.0 -9999.0 -9999.0 -9999.0 -9999.0 -9999.0 -9999.0 -9999.0 00153.113 00154.514 00155.740 00156.822 00157.742 00158.857 00160.075 00161.207 00162.463 00163.875 00164.882 00165.969 00166.919 00167.384 00167.808 00168.372 00170.084 00171.849 00173.628 -9999.0 -9999.0 -9999.0 -9999.0 -9999.000 00173.980 00172.977 00171.928 00170.891 00169.895 00168.786 00168.132 00167.911 00167.693 00167.477 00167.264
-9999.0 -9999.0 -9999.0 -9999.0 -9999.0 -9999.0 -9999.0 -9999.0 -9999.0 -9999.0 -9999.0 -9999.0 -9999.0 -9999.0 -9999.0 -9999.0 -9999.0 -9999.0 -9999.0 -9999.0 -9999.0 -9999.0 -9999.0 -9999.0 -9999.0 -9999.0 -9999.0 -9999.0 00152.606 00154.131 00155.062 00156.490 00157.520 00158.478 00159.586 00160.750 00161.957 00163.301 00164.435 00165.433 00166.515 00167.171 00167.550 00167.931 00168.656 00170.441 00172.231 -9999.000 -9999.0 -9999.0 -9999.0 00174.328 00173.312 00172.290 00171.238 00170.229 00169.140 00168.305 00167.987 00167.770 00167.556 00167.344 00167.108
-9999.0 -9999.0 -9999.0 -9999.0 -9999.0 -9999.0 -9999.0 -9999.0 -9999.0 -9999.0 -9999.0 -9999.0 -9999.0 -9999.0 -9999.0 -9999.0 -9999.0 -9999.0 -9999.0 -9999.0 -9999.0 -9999.0 -9999.0 -9999.0 -9999.0 -9999.0 -9999.0 -9999.0 -9999.0 00153.644 00154.877 00156.084 00157.116 00157.982 00159.128 00160.328 00161.398 00162.609 00163.882 00164.906 00165.899 00166.899 00167.270 00167.637 00168.011 00168.951 00170.797 00172.613 -9999.000 -9999.0 -9999.000 00173.645 00172.650 00171.586 00170.565 00169.541 00168.553 00168.061 00167.844 00167.628 00167.416 00167.206 00166.924
-9999.0 -9999.0 -9999.0 -9999.0 -9999.0 -9999.0 -9999.0 -9999.0 -9999.0 -9999.0 -9999.0 -9999.0 -9999.0 -9999.0 -9999.0 -9999.0 -9999.0 -9999.0 -9999.0 -9999.0 -9999.0 -9999.0 -9999.0 -9999.0 -9999.0 -9999.0 -9999.0 -9999.0 -9999.0 00153.060 00154.444 00155.649 00156.704 00157.641 00158.610 00159.695 00160.792 00161.951 00163.242 00163.916 00165.198 00166.151 00166.922 00167.345 00167.713 00168.090 00169.373 00171.142 00172.750 -9999.000 00173.618 00172.720 00171.842 00170.863 00169.871 00168.775 00168.133 00167.917 00167.701 00167.488 00167.277 00166.940 00166.792
-9999.0 -9999.0 -9999.0 -9999.0 -9999.0 -9999.0 -9999.0 -9999.0 -9999.0 -9999.0 -9999.0 -9999.0 -9999.0 -9999.0 -9999.0 -9999.0 -9999.0 -9999.0 -9999.0 -9999.0 -9999.0 -9999.0 -9999.0 -9999.0 -9999.0 -9999.0 -9999.0 -9999.0 -9999.0 00152.389 00153.898 00154.949 00156.200 00157.192 00158.022 00159.101 00160.271 00161.287 00162.372 00163.589 00164.533 00165.410 00166.348 00166.938 00167.421 00167.790 00168.155 00169.678 00170.854 00171.993 00172.359 00171.469 00170.659 00169.850 00168.889 00168.238 00167.969 00167.755 00167.545 00167.338 00167.103 00166.909 00166.411
