examples/flatland/Outputs/centerIgnit/c_atmRAWS/singleWinds/flatland_centerIgnit_3mph240deg7hr_atmRAWS/flatland_centerIgnit_3mph240deg7hr_atmRAWS_HeatPerUnitArea.asc
NCOLS 100
NROWS 100
XLLCORNER 20000.000000
YLLCORNER 20000.000000
CELLSIZE 30.000000
NODATA_VALUE -9999.0
[rows 28 to 55 of 100, columns 0 to 62 of 100]
-9999.0 -9999.0 -9999.0 -9999.0 -9999.0 -9999.0 -9999.0 -9999.0 -9999.0 -9999.0 -9999.0 -9999.0 -9999.0 -9999.0 -9999.0 -9999.0 -9999.0 -9999.0 -9999.0 -9999.0 -9999.0 -9999.0 -9999.0 -9999.0 -9999.0 -9999.0 -9999.0 -9999.0 -9999.0 -9999.0 -9999.0 -9999.0 -9999.0 01008.804 01015.402 01020.017 01026.509 01031.201 01035.651 01038.761 01043.710 01048.033 01051.925 01056.114 01058.980 01062.649 01065.797 01068.686 01071.539 01073.912 01076.280 01078.140 01078.767 01078.856 01078.820 01078.775 01078.717 01077.669 01076.395 01074.699 01073.012 01071.316 01069.156
-9999.0 -9999.0 -9999.0 -9999.0 -9999.0 -9999.0 -9999.0 -9999.0 -9999.0 -9999.0 -9999.0 -9999.0 -9999.0 -9999.0 -9999.0 -9999.0 -9999.0 -9999.0 -9999.0 -9999.0 -9999.0 -9999.0 -9999.0 -9999.0 -9999.0 -9999.0 -9999.0 -9999.0 -9999.0 -9999.0 -9999.0 -9999.0 01006.195 01013.246 01019.113 01024.838 01029.858 01034.631 01038.285 01043.073 01047.453 01052.295 01056.720 01060.033 01063.943 01067.530 01071.128 01074.183 01077.371 01078.786 01078.933 01082.273 01083.296 01083.889 01083.403 01082.816 01082.106 01078.955 01078.860 01078.748 01077.537 01075.276 01072.998
-9999.0 -9999.0 -9999.0 -9999.0 -9999.0 -9999.0 -9999.0 -9999.0 -9999.0 -9999.0 -9999.0 -9999.0 -9999.0 -9999.0 -9999.0 -9999.0 -9999.0 -9999.0 -9999.0 -9999.0 -9999.0 -9999.0 -9999.0 -9999.0 -9999.0 -9999.0 -9999.0 -9999.0 -9999.0 -9999.0 -9999.0 01002.845 01010.779 01017.164 01020.745 01028.224 01033.093 01037.603 01042.096 01046.637 01051.547 01056.676 01060.829 01064.845 01068.842 01072.825 01076.937 01078.803 01079.847 01083.528 01085.081 01086.428 01087.480 01087.604 01087.035 01086.393 01085.511 01084.581 01083.376 01082.138 01078.903 01078.754 01076.982
-9999.0 -9999.0 -9999.0 -9999.0 -9999.0 -9999.0 -9999.0 -9999.0 -9999.0 -9999.0 -9999.0 -9999.0 -9999.0 -9999.0 -9999.0 -9999.0 -9999.0 -9999.0 -9999.0 -9999.0 -9999.0 -9999.0 -9999.0 -9999.0 -9999.0 -9999.0 -9999.0 -9999.0 -9999.0 -9999.0 -9999.0 01007.653 01014.783 01019.914 01026.448 01031.440 01036.292 01040.084 01045.452 01050.525 01056.065 01060.307 01065.399 01069.734 01074.113 01078.553 01078.970 01083.698 01085.903 01087.738 01089.398 01090.745 01091.903 01091.432 01090.787 01090.011 01089.063 01087.840 01086.587 01085.130 01083.524 01080.749 01078.852
-9999.0 -9999.0 -9999.0 -9999.0 -9999.0 -9999.0 -9999.0 -9999.0 -9999.0 -9999.0 -9999.0 -9999.0 -9999.0 -9999.0 -9999.0 -9999.0 -9999.0 -9999.0 -9999.0 -9999.0 -9999.0 -9999.0 -9999.0 -9999.0 -9999.0 -9999.0 -9999.0 -9999.0 -9999.0 -9999.0 01003.922 01011.885 01018.299 01024.202 01029.712 01034.598 01038.491 01043.860 01048.974 01054.819 01059.316 01064.627 01069.862 01075.186 01078.782 01082.460 01085.405 01087.892 01090.247 01092.189 01093.899 01095.288 01096.160 01095.419 01094.700 01093.742 01092.590 01091.234 01089.849 01088.082 01086.374 01084.583 01082.798
-9999.0 -9999.0 -9999.0 -9999.0 -9999.0 -9999.0 -9999.0 -9999.0 -9999.0 -9999.0 -9999.0 -9999.0 -9999.0 -9999.0 -9999.0 -9999.0 -9999.0 -9999.0 -9999.0 -9999.0 -9999.0 -9999.0 -9999.0 -9999.0 -9999.0 -9999.0 -9999.0 -9999.0 -9999.0 -9999.0 01008.009 01015.645 01020.291 01027.567 01032.730 01037.545 01042.200 01047.182 01052.829 01058.120 01063.562 01068.990 01074.729 01078.847 01083.296 01086.510 01089.619 01092.338 01094.782 01096.880 01098.592 01098.766 01098.781 01098.718 01098.611 01097.579 01096.170 01094.758 01092.958 01091.111 01089.256 01087.338 01085.032
-9999.0 -9999.0 -9999.0 -9999.0 -9999.0 -9999.0 -9999.0 -9999.0 -9999.0 -9999.0 -9999.0 -9999.0 -9999.0 -9999.0 -9999.0 -9999.0 -9999.0 -9999.0 -9999.0 -9999.0 -9999.0 -9999.0 -9999.0 -9999.0 -9999.0 -9999.0 -9999.0 -9999.0 -9999.0 01002.526 01011.504 01018.596 01025.140 01030.541 01035.733 01039.649 01045.366 01050.805 01056.662 01061.853 01067.649 01073.589 01078.783 01083.600 01087.312 01090.702 01094.012 01097.017 01098.718 01098.886 01100.361 01100.963 01100.749 01100.419 01099.438 01098.854 01098.741 01098.049 01096.149 01094.177 01092.121 01089.730 01087.359
-9999.0 -9999.0 -9999.0 -9999.0 -9999.0 -9999.0 -9999.0 -9999.0 -9999.0 -9999.0 -9999.0 -9999.0 -9999.0 -9999.0 -9999.0 -9999.0 -9999.0 -9999.0 -9999.0 -9999.0 -9999.0 -9999.0 -9999.0 -9999.0 -9999.0 -9999.0 -9999.0 -9999.0 -9999.0 01006.333 01014.562 01020.166 01027.849 01033.455 01038.036 01043.376 01048.710 01054.767 01059.796 01065.647 01071.847 01078.534 01082.839 01087.195 01091.513 01095.052 01098.582 01098.896 01100.697 01101.465 01102.147 01102.581 01102.242 01101.862 01101.425 01100.917 01100.295 01098.860 01098.702 01097.173 01094.610 01092.119 01089.700
-9999.0 -9999.0 -9999.0 -9999.0 -9999.0 -9999.0 -9999.0 -9999.0 -9999.0 -9999.0 -9999.0 -9999.0 -9999.0 -9999.0 -9999.0 -9999.0 -9999.0 -9999.0 -9999.0 -9999.0 -9999.0 -9999.0 -9999.0 -9999.0 -9999.0 -9999.0 -9999.0 -9999.0 -9999.0 01009.552 01017.287 01023.719 01030.259 01036.034 01040.783 01046.400 01052.258 01057.982 01063.684 01069.641 01076.323 01079.168 01086.301 01090.925 01095.707 01098.726 01100.292 01101.506 01102.450 01103.251 01103.958 01104.093 01103.695 01103.314 01102.782 01102.208 01101.488 01100.785 01099.051 01098.733 01097.169 01094.551 01091.951
-9999.0 -9999.0 -9999.0 -9999.0 -9999.0 -9999.0 -9999.0 -9999.0 -9999.0 -9999.0 -9999.0 -9999.0 -9999.0 -9999.0 -9999.0 -9999.0 -9999.0 -9999.0 -9999.0 -9999.0 -9999.0 -9999.0 -9999.0 -9999.0 -9999.0 -9999.0 -9999.0 -9999.0 01003.292 01012.530 01019.505 01026.588 01032.593 01037.877 01043.687 01049.669 01056.059 01061.396 01067.521 01073.922 01078.848 01084.857 01089.850 01094.734 01098.735 01100.666 01101.992 01103.281 01104.223 01105.070 01105.835 01105.608 01105.206 01104.698 01104.130 01103.418 01102.694 01101.851 01100.906 01099.029 01098.726 01096.945 01094.271
-9999.0 -9999.0 -9999.0 -9999.0 -9999.0 -9999.0 -9999.0 -9999.0 -9999.0 -9999.0 -9999.0 -9999.0 -9999.0 -9999.0 -9999.0 -9999.0 -9999.0 -9999.0 -9999.0 -9999.0 -9999.0 -9999.0 -9999.0 -9999.0 -9999.0 -9999.0 -9999.0 -9999.0 01005.964 01014.885 01020.505 01028.810 01034.757 01039.472 01046.081 01052.709 01058.738 01064.976 01071.436 01078.485 01083.221 01088.120 01093.340 01098.649 01100.503 01102.361 01103.711 01105.033 01106.050 01106.915 01109.216 01107.553 01106.631 01106.100 01105.370 01104.646 01103.775 01102.796 01101.843 01100.856 01098.918 01098.702 01096.649
-9999.0 -9999.0 -9999.0 -9999.0 -9999.0 -9999.0 -9999.0 -9999.0 -9999.0 -9999.0 -9999.0 -9999.0 -9999.0 -9999.0 -9999.0 -9999.0 -9999.0 -9999.0 -9999.0 -9999.0 -9999.0 -9999.0 -9999.0 -9999.0 -9999.0 -9999.0 -9999.0 -9999.0 01008.392 01016.830 01023.854 01030.831 01036.903 01042.386 01048.546 01055.692 01061.859 01068.659 01075.599 01078.974 01086.414 01091.506 01096.937 01099.297 01101.953 01103.849 01105.448 01106.792 01110.050 01114.306 01115.847 01112.824 01110.590 01108.339 01106.626 01105.722 01104.737 01103.744 01102.734 01101.734 01100.745 01098.894 01098.678
-9999.0 -9999.0 -9999.0 -9999.0 -9999.0 -9999.0 -9999.0 -9999.0 -9999.0 -9999.0 -9999.0 -9999.0 -9999.0 -9999.0 -9999.0 -9999.0 -9999.0 -9999.0 -9999.0 -9999.0 -9999.0 -9999.0 -9999.0 -9999.0 -9999.0 -9999.0 -9999.0 -9999.0 01010.544 01018.568 01025.958 01032.431 01038.083 01044.504 01051.066 01057.843 01064.624 01071.990 01078.785 01084.431 01089.672 01095.018 01098.800 01101.363 01103.416 01105.350 01107.904 01112.859 01118.827 01123.461 01122.752 01120.184 01117.017 01113.115 01109.475 01106.696 01105.672 01104.648 01103.632 01102.624 01101.625 01100.639 01098.866
-9999.0 -9999.0 -9999.0 -9999.0 -9999.0 -9999.0 -9999.0 -9999.0 -9999.0 -9999.0 -9999.0 -9999.0 -9999.0 -9999.0 -9999.0 -9999.0 -9999.0 -9999.0 -9999.0 -9999.0 -9999.0 -9999.0 -9999.0 -9999.0 -9999.0 -9999.0 -9999.0 01002.007 01012.221 01019.708 01027.528 01033.932 01038.955 01046.243 01053.603 01060.126 01067.327 01075.156 01081.031 01087.494 01092.934 01098.646 01100.666 01102.708 01104.798 01106.861 01114.408 01121.676 01127.517 01132.947 01129.364 01126.226 01122.812 01118.595 01113.371 01109.229 01106.594 01105.559 01104.536 01103.523 01102.514 01101.487 01100.479
-9999.0 -9999.0 -9999.0 -9999.0 -9999.0 -9999.0 -9999.0 -9999.0 -9999.0 -9999.0 -9999.0 -9999.0 -9999.0 -9999.0 -9999.0 -9999.0 -9999.0 -9999.0 -9999.0 -9999.0 -9999.0 -9999.0 -9999.0 -9999.0 -9999.0 -9999.0 -9999.0 01003.617 01013.484 01020.165 01028.750 01035.386 01041.103 01047.883 01055.589 01062.412 01070.031 01078.317 01084.141 01090.172 01096.314 01098.924 01102.003 01104.071 01106.183 01111.472 01121.724 01129.907 01136.380 01139.637 01135.757 01132.232 01127.680 01122.860 01118.188 01112.756 01108.845 01106.482 01105.447 01104.415 01103.383 01102.325 01101.170
-9999.0 -9999.0 -9999.0 -9999.0 -9999.0 -9999.0 -9999.0 -9999.0 -9999.0 -9999.0 -9999.0 -9999.0 -9999.0 -9999.0 -9999.0 -9999.0 -9999.0 -9999.0 -9999.0 -9999.0 -9999.0 -9999.0 -9999.0 -9999.0 -9999.0 -9999.0 -9999.0 01004.829 01014.603 01020.610 01029.726 01036.351 01042.511 01049.508 01057.106 01064.243 01072.271 01078.872 01086.347 01092.592 01098.693 01101.176 01103.320 01105.452 01109.059 01118.751 01128.559 01138.469 01145.776 01145.799 01141.754 01137.106 01132.092 01127.155 01122.348 01117.670 01112.144 01108.473 01106.360 01105.303 01104.143 01102.973 01101.818
-9999.0 -9999.0 -9999.0 -9999.0 -9999.0 -9999.0 -9999.0 -9999.0 -9999.0 -9999.0 -9999.0 -9999.0 -9999.0 -9999.0 -9999.0 -9999.0 -9999.0 -9999.0 -9999.0 -9999.0 -9999.0 -9999.0 -9999.0 -9999.0 -9999.0 -9999.0 -9999.0 01005.761 01015.324 01021.375 01030.497 01037.254 01043.465 01050.630 01058.125 01065.877 01074.328 01080.720 01088.216 01095.004 01098.895 01102.248 01104.641 01106.831 01115.070 01125.116 01135.330 01145.166 -9999.0 -9999.000 01146.130 01141.293 01136.590 01131.532 01126.624 01121.842 01117.092 01111.456 01107.828 01106.011 01104.818 01103.593 01102.351
-9999.0 -9999.0 -9999.0 -9999.0 -9999.0 -9999.0 -9999.0 -9999.0 -9999.0 -9999.0 -9999.0 -9999.0 -9999.0 -9999.0 -9999.0 -9999.0 -9999.0 -9999.0 -9999.0 -9999.0 -9999.0 -9999.0 -9999.0 -9999.0 -9999.0 -9999.0 -9999.0 01006.253 01015.807 01022.853 01031.053 01037.570 01044.120 01051.572 01059.020 01067.086 01075.962 01083.236 01089.860 01096.875 01100.638 01103.182 01105.737 01111.077 01121.798 01131.738 01141.752 -9999.000 -9999.0 -9999.0 -9999.000 01145.557 01140.781 01136.036 01130.976 01126.118 01121.295 01115.628 01110.069 01106.646 01105.360 01104.098 01102.820
-9999.0 -9999.0 -9999.0 -9999.0 -9999.0 -9999.0 -9999.0 -9999.0 -9999.0 -9999.0 -9999.0 -9999.0 -9999.0 -9999.0 -9999.0 -9999.0 -9999.0 -9999.0 -9999.0 -9999.0 -9999.0 -9999.0 -9999.0 -9999.0 -9999.0 -9999.0 -9999.0 01006.485 01016.034 01023.594 01031.312 01037.772 01044.560 01052.197 01059.720 01067.966 01077.206 01084.159 01091.019 01098.445 01101.272 01103.975 01106.698 01116.787 01128.172 01138.441 -9999.000 -9999.0 -9999.0 -9999.0 -9999.0 -9999.000 01145.025 01140.270 01135.510 01130.019 01124.372 01118.931 01112.312 01107.746 01105.886 01104.608 01103.302
-9999.0 -9999.0 -9999.0 -9999.0 -9999.0 -9999.0 -9999.0 -9999.0 -9999.0 -9999.0 -9999.0 -9999.0 -9999.0 -9999.0 -9999.0 -9999.0 -9999.0 -9999.0 -9999.0 -9999.0 -9999.0 -9999.0 -9999.0 -9999.0 -9999.0 -9999.0 -9999.0 01006.359 01016.136 01024.060 01031.557 01037.926 01044.855 01052.648 01060.267 01068.680 01078.036 01084.821 01091.916 01098.717 01101.755 01104.606 01108.575 01121.173 01133.722 01144.878 -9999.0 -9999.0 -9999.0 -9999.0 -9999.0 -9999.0 -9999.000 01144.503 01139.327 01133.539 01127.595 01121.682 01115.463 01109.050 01106.041 01104.513 01103.032
-9999.0 -9999.0 -9999.0 -9999.0 -9999.0 -9999.0 -9999.0 -9999.0 -9999.0 -9999.0 -9999.0 -9999.0 -9999.0 -9999.0 -9999.0 -9999.0 -9999.0 -9999.0 -9999.0 -9999.0 -9999.0 -9999.0 -9999.0 -9999.0 -9999.0 -9999.0 -9999.0 01004.313 01014.526 01020.719 01030.370 01037.332 01043.989 01051.730 01059.552 01068.147 01077.810 01084.948 01092.456 01098.792 01102.206 01105.146 01110.876 01124.901 01138.749 -9999.000 -9999.0 -9999.0 -9999.0 -9999.0 -9999.0 -9999.0 -9999.000 01148.395 01142.690 01135.800 01128.282 01121.117 01113.511 01107.691 01105.661 01104.176 01102.719
-9999.0 -9999.0 -9999.0 -9999.0 -9999.0 -9999.0 -9999.0 -9999.0 -9999.0 -9999.0 -9999.0 -9999.0 -9999.0 -9999.0 -9999.0 -9999.0 -9999.0 -9999.0 -9999.0 -9999.0 -9999.0 -9999.0 -9999.0 -9999.0 -9999.0 -9999.0 -9999.0 01002.070 01012.790 01020.096 01028.978 01035.976 01042.498 01049.918 01057.906 01066.027 01075.314 01083.155 01090.245 01097.986 01101.312 01104.250 01108.063 01121.613 01135.759 -9999.000 -9999.0 -9999.0 -9999.0 -9999.0 -9999.0 -9999.0 -9999.0 01147.244 01140.155 01132.883 01125.644 01118.767 01111.154 01106.720 01105.229 01103.757 01102.303
-9999.0 -9999.0 -9999.0 -9999.0 -9999.0 -9999.0 -9999.0 -9999.0 -9999.0 -9999.0 -9999.0 -9999.0 -9999.0 -9999.0 -9999.0 -9999.0 -9999.0 -9999.0 -9999.0 -9999.0 -9999.0 -9999.0 -9999.0 -9999.0 -9999.0 -9999.0 -9999.0 -9999.0 01010.572 01019.287 01027.288 01034.321 01040.318 01047.905 01056.256 01063.821 01072.574 01078.944 01088.041 01095.402 01100.274 01103.139 01106.046 01114.656 01128.283 01140.633 -9999.000 -9999.0 -9999.0 -9999.0 -9999.0 -9999.0 -9999.000 01142.940 01136.374 01129.313 01122.540 01115.670 01109.246 01106.154 01104.664 01103.193 01101.742
-9999.0 -9999.0 -9999.0 -9999.0 -9999.0 -9999.0 -9999.0 -9999.0 -9999.0 -9999.0 -9999.0 -9999.0 -9999.0 -9999.0 -9999.0 -9999.0 -9999.0 -9999.0 -9999.0 -9999.0 -9999.0 -9999.0 -9999.0 -9999.0 -9999.0 -9999.0 -9999.0 -9999.0 01007.879 01017.099 01025.172 01032.292 01038.342 01045.687 01053.707 01061.159 01069.421 01078.716 01085.346 01092.501 01098.748 01101.813 01104.600 01108.322 01119.599 01131.214 01142.915 -9999.0 -9999.0 -9999.0 -9999.0 -9999.000 01145.242 01138.635 01131.737 01124.907 01118.349 01111.041 01106.733 01105.281 01103.845 01102.425 01101.023
-9999.0 -9999.0 -9999.0 -9999.0 -9999.0 -9999.0 -9999.0 -9999.0 -9999.0 -9999.0 -9999.0 -9999.0 -9999.0 -9999.0 -9999.0 -9999.0 -9999.0 -9999.0 -9999.0 -9999.0 -9999.0 -9999.0 -9999.0 -9999.0 -9999.0 -9999.0 -9999.0 -9999.0 01004.549 01014.581 01020.699 01030.106 01036.882 01043.196 01050.485 01058.148 01066.087 01074.938 01082.399 01088.974 01096.094 01100.412 01102.906 01105.413 01110.194 01121.944 01133.734 -9999.000 -9999.0 -9999.0 -9999.0 01147.529 01140.843 01134.121 01127.194 01120.553 01113.383 01107.878 01105.783 01104.355 01102.944 01101.550 01099.994
-9999.0 -9999.0 -9999.0 -9999.0 -9999.0 -9999.0 -9999.0 -9999.0 -9999.0 -9999.0 -9999.0 -9999.0 -9999.0 -9999.0 -9999.0 -9999.0 -9999.0 -9999.0 -9999.0 -9999.0 -9999.0 -9999.0 -9999.0 -9999.0 -9999.0 -9999.0 -9999.0 -9999.0 -9999.0 01011.369 01019.487 01027.431 01034.225 01039.930 01047.472 01055.367 01062.409 01070.383 01078.757 01085.501 01092.038 01098.621 01101.060 01103.479 01105.940 01112.133 01124.282 01136.236 -9999.000 -9999.0 -9999.000 01143.024 01136.480 01129.478 01122.756 01116.021 01109.514 01106.271 01104.837 01103.421 01102.023 01100.642 01098.787
-9999.0 -9999.0 -9999.0 -9999.0 -9999.0 -9999.0 -9999.0 -9999.0 -9999.0 -9999.0 -9999.0 -9999.0 -9999.0 -9999.0 -9999.0 -9999.0 -9999.0 -9999.0 -9999.0 -9999.0 -9999.0 -9999.0 -9999.0 -9999.0 -9999.0 -9999.0 -9999.0 -9999.0 -9999.0 01007.527 01016.636 01024.568 01031.514 01037.683 01044.062 01051.203 01058.419 01066.047 01074.546 01078.984 01087.428 01093.702 01098.768 01101.558 01103.979 01106.457 01114.914 01126.562 01137.132 -9999.000 01142.851 01136.939 01131.154 01124.723 01118.187 01110.973 01106.740 01105.320 01103.899 01102.496 01101.110 01098.888 01097.920
-9999.0 -9999.0 -9999.0 -9999.0 -9999.0 -9999.0 -9999.0 -9999.0 -9999.0 -9999.0 -9999.0 -9999.0 -9999.0 -9999.0 -9999.0 -9999.0 -9999.0 -9999.0 -9999.0 -9999.0 -9999.0 -9999.0 -9999.0 -9999.0 -9999.0 -9999.0 -9999.0 -9999.0 -9999.0 01003.118 01013.049 01019.958 01028.197 01034.725 01040.191 01047.294 01054.998 01061.681 01068.825 01076.841 01083.048 01088.821 01094.994 01098.874 01102.057 01104.484 01106.886 01116.913 01124.656 01132.224 01134.539 01128.720 01123.372 01118.048 01111.721 01107.434 01105.662 01104.254 01102.873 01101.511 01099.961 01098.688 01095.411
