examples/flatland/Outputs/centerIgnit/c_atmRAWS/singleWinds/flatland_centerIgnit_3mph240deg7hr_atmRAWS/flatland_centerIgnit_3mph240deg7hr_atmRAWS_ArrivalTime.asc
NCOLS 100
NROWS 100
XLLCORNER 20000.000000
YLLCORNER 20000.000000
CELLSIZE 30.000000
NODATA_VALUE -9999.0
[rows 28 to 55 of 100, columns 0 to 62 of 100]
-9999.0 -9999.0 -9999.0 -9999.0 -9999.0 -9999.0 -9999.0 -9999.0 -9999.0 -9999.0 -9999.0 -9999.0 -9999.0 -9999.0 -9999.0 -9999.0 -9999.0 -9999.0 -9999.0 -9999.0 -9999.0 -9999.0 -9999.0 -9999.0 -9999.0 -9999.0 -9999.0 -9999.0 -9999.0 -9999.0 -9999.0 -9999.0 -9999.0 00402.280 00384.071 00366.285 00348.843 00332.368 00316.585 00301.468 00286.894 00272.660 00261.270 00250.193 00239.730 00229.929 00221.116 00213.633 00206.540 00200.784 00195.511 00191.324 00188.042 00184.926 00186.221 00187.729 00189.741 00192.380 00195.241 00198.995 00202.998 00207.078 00212.391
-9999.0 -9999.0 -9999.0 -9999.0 -9999.0 -9999.0 -9999.0 -9999.0 -9999.0 -9999.0 -9999.0 -9999.0 -9999.0 -9999.0 -9999.0 -9999.0 -9999.0 -9999.0 -9999.0 -9999.0 -9999.0 -9999.0 -9999.0 -9999.0 -9999.0 -9999.0 -9999.0 -9999.0 -9999.0 -9999.0 -9999.0 -9999.0 00408.752 00390.336 00372.258 00354.470 00337.172 00320.133 00304.472 00289.077 00274.526 00260.291 00248.004 00236.956 00226.344 00216.621 00207.523 00200.119 00193.065 00187.347 00182.190 00178.042 00174.834 00172.928 00174.505 00176.318 00178.566 00181.400 00184.753 00188.683 00192.696 00197.724 00203.016
-9999.0 -9999.0 -9999.0 -9999.0 -9999.0 -9999.0 -9999.0 -9999.0 -9999.0 -9999.0 -9999.0 -9999.0 -9999.0 -9999.0 -9999.0 -9999.0 -9999.0 -9999.0 -9999.0 -9999.0 -9999.0 -9999.0 -9999.0 -9999.0 -9999.0 -9999.0 -9999.0 -9999.0 -9999.0 -9999.0 -9999.0 00416.441 00397.179 00378.551 00360.560 00342.935 00325.616 00308.737 00292.447 00277.142 00262.378 00248.182 00234.837 00223.855 00213.211 00203.433 00194.049 00186.760 00179.720 00174.026 00168.967 00164.931 00161.654 00161.273 00162.990 00164.969 00167.669 00170.615 00174.531 00178.469 00183.215 00188.451 00193.936
-9999.0 -9999.0 -9999.0 -9999.0 -9999.0 -9999.0 -9999.0 -9999.0 -9999.0 -9999.0 -9999.0 -9999.0 -9999.0 -9999.0 -9999.0 -9999.0 -9999.0 -9999.0 -9999.0 -9999.0 -9999.0 -9999.0 -9999.0 -9999.0 -9999.0 -9999.0 -9999.0 -9999.0 -9999.0 -9999.0 -9999.0 00405.238 00385.883 00367.091 00349.044 00331.514 00314.317 00297.441 00280.898 00265.370 00250.371 00236.243 00222.247 00210.877 00200.290 00190.372 00180.864 00173.501 00166.482 00160.791 00155.845 00151.912 00148.485 00149.801 00151.715 00154.040 00156.822 00160.472 00164.373 00168.819 00174.035 00179.422 00185.051
-9999.0 -9999.0 -9999.0 -9999.0 -9999.0 -9999.0 -9999.0 -9999.0 -9999.0 -9999.0 -9999.0 -9999.0 -9999.0 -9999.0 -9999.0 -9999.0 -9999.0 -9999.0 -9999.0 -9999.0 -9999.0 -9999.0 -9999.0 -9999.0 -9999.0 -9999.0 -9999.0 -9999.0 -9999.0 -9999.0 00414.023 00394.246 00374.890 00356.034 00337.693 00320.243 00303.153 00286.316 00269.843 00253.701 00238.847 00224.431 00210.529 00197.971 00187.495 00177.446 00167.987 00160.320 00153.329 00147.645 00142.809 00138.916 00136.493 00138.509 00140.508 00143.265 00146.517 00150.380 00154.523 00159.711 00165.038 00170.600 00176.393
-9999.0 -9999.0 -9999.0 -9999.0 -9999.0 -9999.0 -9999.0 -9999.0 -9999.0 -9999.0 -9999.0 -9999.0 -9999.0 -9999.0 -9999.0 -9999.0 -9999.0 -9999.0 -9999.0 -9999.0 -9999.0 -9999.0 -9999.0 -9999.0 -9999.0 -9999.0 -9999.0 -9999.0 -9999.0 -9999.0 00404.343 00383.366 00364.149 00345.227 00326.926 00309.093 00292.088 00275.377 00258.889 00242.822 00227.404 00212.823 00198.932 00185.234 00174.785 00164.613 00155.205 00147.222 00140.268 00134.591 00129.861 00125.779 00125.247 00127.361 00129.806 00132.666 00136.498 00140.337 00145.496 00150.753 00156.262 00162.071 00169.121
-9999.0 -9999.0 -9999.0 -9999.0 -9999.0 -9999.0 -9999.0 -9999.0 -9999.0 -9999.0 -9999.0 -9999.0 -9999.0 -9999.0 -9999.0 -9999.0 -9999.0 -9999.0 -9999.0 -9999.0 -9999.0 -9999.0 -9999.0 -9999.0 -9999.0 -9999.0 -9999.0 -9999.0 -9999.0 00417.164 00395.284 00373.963 00353.471 00334.730 00316.300 00298.464 00281.166 00264.532 00248.182 00232.092 00216.305 00201.576 00187.453 00173.819 00162.134 00151.986 00142.502 00134.207 00127.310 00121.624 00116.902 00112.567 00114.131 00116.455 00119.159 00122.720 00126.530 00131.376 00136.583 00142.029 00147.855 00154.897 00161.960
-9999.0 -9999.0 -9999.0 -9999.0 -9999.0 -9999.0 -9999.0 -9999.0 -9999.0 -9999.0 -9999.0 -9999.0 -9999.0 -9999.0 -9999.0 -9999.0 -9999.0 -9999.0 -9999.0 -9999.0 -9999.0 -9999.0 -9999.0 -9999.0 -9999.0 -9999.0 -9999.0 -9999.0 -9999.0 00408.433 00386.529 00365.157 00344.253 00324.310 00306.027 00288.023 00270.598 00253.828 00237.566 00221.530 00205.782 00190.416 00176.233 00162.514 00149.537 00139.486 00129.887 00121.278 00114.422 00108.702 00103.903 00100.676 00103.214 00105.835 00109.004 00112.799 00117.350 00122.523 00127.883 00133.769 00140.784 00147.815 00154.924
-9999.0 -9999.0 -9999.0 -9999.0 -9999.0 -9999.0 -9999.0 -9999.0 -9999.0 -9999.0 -9999.0 -9999.0 -9999.0 -9999.0 -9999.0 -9999.0 -9999.0 -9999.0 -9999.0 -9999.0 -9999.0 -9999.0 -9999.0 -9999.0 -9999.0 -9999.0 -9999.0 -9999.0 -9999.0 00400.367 00378.158 00356.605 00335.742 00315.284 00295.799 00277.915 00260.373 00243.330 00227.052 00211.101 00195.369 00179.943 00165.245 00151.326 00137.763 00127.055 00117.376 00108.394 00101.567 00095.821 00090.827 00089.725 00092.499 00095.332 00099.108 00103.364 00108.535 00113.820 00119.804 00126.786 00133.778 00140.921 00148.291
-9999.0 -9999.0 -9999.0 -9999.0 -9999.0 -9999.0 -9999.0 -9999.0 -9999.0 -9999.0 -9999.0 -9999.0 -9999.0 -9999.0 -9999.0 -9999.0 -9999.0 -9999.0 -9999.0 -9999.0 -9999.0 -9999.0 -9999.0 -9999.0 -9999.0 -9999.0 -9999.0 -9999.0 00415.430 00392.414 00370.284 00348.577 00327.417 00307.038 00286.950 00267.866 00250.392 00233.318 00216.629 00200.757 00185.138 00169.692 00154.490 00140.402 00126.764 00114.642 00104.922 00095.535 00088.732 00082.885 00077.455 00078.943 00081.908 00085.452 00089.411 00094.588 00099.784 00105.896 00112.871 00119.839 00127.029 00134.349 00141.708
-9999.0 -9999.0 -9999.0 -9999.0 -9999.0 -9999.0 -9999.0 -9999.0 -9999.0 -9999.0 -9999.0 -9999.0 -9999.0 -9999.0 -9999.0 -9999.0 -9999.0 -9999.0 -9999.0 -9999.0 -9999.0 -9999.0 -9999.0 -9999.0 -9999.0 -9999.0 -9999.0 -9999.0 00409.294 00385.593 00362.480 00340.887 00319.698 00298.880 00278.921 00259.220 00240.520 00223.462 00206.759 00190.524 00174.974 00159.583 00144.384 00129.604 00115.900 00102.210 00092.525 00083.078 00075.914 00069.808 00065.043 00068.416 00071.844 00075.569 00080.648 00085.811 00092.012 00098.995 00105.962 00113.220 00120.509 00127.816 00135.153
-9999.0 -9999.0 -9999.0 -9999.0 -9999.0 -9999.0 -9999.0 -9999.0 -9999.0 -9999.0 -9999.0 -9999.0 -9999.0 -9999.0 -9999.0 -9999.0 -9999.0 -9999.0 -9999.0 -9999.0 -9999.0 -9999.0 -9999.0 -9999.0 -9999.0 -9999.0 -9999.0 -9999.0 00403.355 00379.626 00356.448 00333.689 00312.169 00291.455 00271.068 00251.389 00232.081 00213.710 00197.033 00180.692 00164.889 00149.551 00134.375 00119.392 00105.180 00091.489 00080.086 00070.690 00063.135 00056.685 00054.543 00058.274 00061.978 00066.752 00071.878 00078.162 00085.160 00092.193 00099.451 00106.724 00114.011 00121.308 00128.619
-9999.0 -9999.0 -9999.0 -9999.0 -9999.0 -9999.0 -9999.0 -9999.0 -9999.0 -9999.0 -9999.0 -9999.0 -9999.0 -9999.0 -9999.0 -9999.0 -9999.0 -9999.0 -9999.0 -9999.0 -9999.0 -9999.0 -9999.0 -9999.0 -9999.0 -9999.0 -9999.0 -9999.0 00397.796 00374.036 00350.715 00328.012 00305.755 00284.072 00263.796 00243.855 00224.443 00205.457 00187.399 00171.105 00155.021 00139.582 00124.480 00109.464 00094.573 00080.796 00067.647 00058.318 00050.405 00043.225 00044.395 00048.422 00052.930 00057.991 00064.366 00071.375 00078.483 00085.725 00092.980 00100.245 00107.521 00114.812 00122.283
-9999.0 -9999.0 -9999.0 -9999.0 -9999.0 -9999.0 -9999.0 -9999.0 -9999.0 -9999.0 -9999.0 -9999.0 -9999.0 -9999.0 -9999.0 -9999.0 -9999.0 -9999.0 -9999.0 -9999.0 -9999.0 -9999.0 -9999.0 -9999.0 -9999.0 -9999.0 -9999.0 00418.338 00393.289 00368.715 00345.356 00322.577 00300.235 00278.415 00256.911 00236.712 00217.154 00197.992 00179.329 00161.547 00145.537 00129.694 00114.620 00099.633 00084.713 00070.192 00056.349 00046.033 00037.584 00029.946 00034.733 00039.302 00044.251 00050.674 00057.660 00064.817 00072.038 00079.271 00086.518 00093.775 00101.089 00108.535 00116.012
-9999.0 -9999.0 -9999.0 -9999.0 -9999.0 -9999.0 -9999.0 -9999.0 -9999.0 -9999.0 -9999.0 -9999.0 -9999.0 -9999.0 -9999.0 -9999.0 -9999.0 -9999.0 -9999.0 -9999.0 -9999.0 -9999.0 -9999.0 -9999.0 -9999.0 -9999.0 -9999.0 00414.694 00389.664 00365.149 00341.098 00317.513 00295.036 00273.148 00251.668 00230.580 00210.103 00190.915 00172.048 00153.585 00136.080 00120.301 00104.791 00089.823 00074.915 00060.065 00045.963 00033.833 00025.045 00020.389 00025.722 00030.678 00037.177 00044.126 00051.237 00058.398 00065.605 00072.829 00080.064 00087.402 00094.818 00102.485 00110.919
-9999.0 -9999.0 -9999.0 -9999.0 -9999.0 -9999.0 -9999.0 -9999.0 -9999.0 -9999.0 -9999.0 -9999.0 -9999.0 -9999.0 -9999.0 -9999.0 -9999.0 -9999.0 -9999.0 -9999.0 -9999.0 -9999.0 -9999.0 -9999.0 -9999.0 -9999.0 -9999.0 00411.913 00386.412 00361.633 00337.647 00314.128 00291.024 00268.315 00246.586 00225.523 00204.773 00184.325 00165.121 00146.517 00128.162 00110.880 00095.275 00080.036 00065.155 00050.380 00035.810 00021.926 00011.592 00011.519 00017.192 00023.861 00030.809 00037.836 00044.903 00052.014 00059.182 00066.395 00073.741 00081.120 00089.313 00097.730 00106.154
-9999.0 -9999.0 -9999.0 -9999.0 -9999.0 -9999.0 -9999.0 -9999.0 -9999.0 -9999.0 -9999.0 -9999.0 -9999.0 -9999.0 -9999.0 -9999.0 -9999.0 -9999.0 -9999.0 -9999.0 -9999.0 -9999.0 -9999.0 -9999.0 -9999.0 -9999.0 -9999.0 00409.761 00384.305 00359.351 00334.893 00310.899 00287.718 00265.067 00242.807 00220.885 00199.803 00179.432 00159.288 00139.626 00121.301 00103.047 00085.833 00070.406 00055.437 00040.793 00026.346 00012.147 0.0 00000.000 00010.765 00017.655 00024.585 00031.574 00038.607 00045.681 00052.824 00060.099 00067.793 00076.188 00084.587 00093.311 00102.293
-9999.0 -9999.0 -9999.0 -9999.0 -9999.0 -9999.0 -9999.0 -9999.0 -9999.0 -9999.0 -9999.0 -9999.0 -9999.0 -9999.0 -9999.0 -9999.0 -9999.0 -9999.0 -9999.0 -9999.0 -9999.0 -9999.0 -9999.0 -9999.0 -9999.0 -9999.0 -9999.0 00408.626 00382.870 00357.626 00332.889 00308.947 00285.431 00262.312 00239.625 00217.766 00196.216 00174.974 00154.477 00134.592 00114.869 00096.259 00078.061 00060.928 00045.826 00031.291 00016.971 00000.000 0.0 0.0 00000.000 00011.515 00018.412 00025.349 00032.338 00039.418 00046.583 00054.754 00063.105 00071.737 00080.697 00089.679 00098.832
-9999.0 -9999.0 -9999.0 -9999.0 -9999.0 -9999.0 -9999.0 -9999.0 -9999.0 -9999.0 -9999.0 -9999.0 -9999.0 -9999.0 -9999.0 -9999.0 -9999.0 -9999.0 -9999.0 -9999.0 -9999.0 -9999.0 -9999.0 -9999.0 -9999.0 -9999.0 -9999.0 00408.094 00382.161 00356.761 00331.969 00307.711 00283.887 00260.540 00237.786 00215.466 00193.455 00171.989 00151.027 00130.263 00110.171 00090.556 00071.359 00053.237 00036.438 00021.872 00000.000 0.0 0.0 0.0 0.0 00000.000 00012.266 00019.170 00026.139 00033.658 00041.882 00050.255 00059.016 00067.997 00077.032 00086.190 00095.490
-9999.0 -9999.0 -9999.0 -9999.0 -9999.0 -9999.0 -9999.0 -9999.0 -9999.0 -9999.0 -9999.0 -9999.0 -9999.0 -9999.0 -9999.0 -9999.0 -9999.0 -9999.0 -9999.0 -9999.0 -9999.0 -9999.0 -9999.0 -9999.0 -9999.0 -9999.0 -9999.0 00408.403 00381.852 00356.206 00331.172 00306.751 00282.834 00259.392 00236.395 00213.728 00191.566 00169.826 00148.428 00127.365 00106.630 00086.190 00066.303 00046.895 00028.775 00012.546 0.0 0.0 0.0 0.0 0.0 0.0 00000.000 00013.022 00020.799 00029.005 00037.436 00046.107 00055.020 00065.328 00076.169 00086.798 00097.343
-9999.0 -9999.0 -9999.0 -9999.0 -9999.0 -9999.0 -9999.0 -9999.0 -9999.0 -9999.0 -9999.0 -9999.0 -9999.0 -9999.0 -9999.0 -9999.0 -9999.0 -9999.0 -9999.0 -9999.0 -9999.0 -9999.0 -9999.0 -9999.0 -9999.0 -9999.0 -9999.0 00413.155 00386.697 00360.774 00335.357 00310.427 00285.935 00261.863 00238.238 00215.063 00192.100 00169.406 00146.908 00124.880 00103.394 00082.368 00061.391 00041.300 00021.623 00000.000 0.0 0.0 0.0 0.0 0.0 0.0 00000.000 00007.539 00015.621 00025.786 00036.470 00046.993 00057.529 00068.108 00078.581 00089.071 00099.579
-9999.0 -9999.0 -9999.0 -9999.0 -9999.0 -9999.0 -9999.0 -9999.0 -9999.0 -9999.0 -9999.0 -9999.0 -9999.0 -9999.0 -9999.0 -9999.0 -9999.0 -9999.0 -9999.0 -9999.0 -9999.0 -9999.0 -9999.0 -9999.0 -9999.0 -9999.0 -9999.0 00418.195 00391.652 00365.687 00340.306 00315.456 00291.071 00267.132 00243.626 00220.465 00197.680 00175.301 00153.342 00131.567 00109.907 00088.552 00067.371 00046.259 00025.843 00000.000 0.0 0.0 0.0 0.0 0.0 0.0 0.0 00009.351 00019.591 00029.900 00040.145 00050.403 00060.761 00071.202 00081.662 00092.143 00102.645
-9999.0 -9999.0 -9999.0 -9999.0 -9999.0 -9999.0 -9999.0 -9999.0 -9999.0 -9999.0 -9999.0 -9999.0 -9999.0 -9999.0 -9999.0 -9999.0 -9999.0 -9999.0 -9999.0 -9999.0 -9999.0 -9999.0 -9999.0 -9999.0 -9999.0 -9999.0 -9999.0 -9999.0 00397.727 00371.696 00346.189 00321.206 00296.891 00273.074 00249.680 00226.694 00204.050 00181.769 00159.840 00138.557 00117.497 00096.547 00075.939 00056.004 00036.295 00018.692 00000.000 0.0 0.0 0.0 0.0 0.0 00000.000 00015.204 00024.906 00034.734 00044.664 00054.698 00064.840 00075.191 00085.675 00096.178 00106.700
-9999.0 -9999.0 -9999.0 -9999.0 -9999.0 -9999.0 -9999.0 -9999.0 -9999.0 -9999.0 -9999.0 -9999.0 -9999.0 -9999.0 -9999.0 -9999.0 -9999.0 -9999.0 -9999.0 -9999.0 -9999.0 -9999.0 -9999.0 -9999.0 -9999.0 -9999.0 -9999.0 -9999.0 00404.667 00378.766 00353.361 00328.495 00304.114 00280.162 00256.630 00233.959 00211.690 00189.766 00168.166 00146.774 00126.300 00106.191 00086.125 00066.756 00049.156 00032.012 00015.240 0.0 0.0 0.0 0.0 00000.000 00011.959 00021.585 00031.299 00041.102 00050.995 00060.982 00071.106 00081.287 00091.500 00101.744 00112.018
-9999.0 -9999.0 -9999.0 -9999.0 -9999.0 -9999.0 -9999.0 -9999.0 -9999.0 -9999.0 -9999.0 -9999.0 -9999.0 -9999.0 -9999.0 -9999.0 -9999.0 -9999.0 -9999.0 -9999.0 -9999.0 -9999.0 -9999.0 -9999.0 -9999.0 -9999.0 -9999.0 -9999.0 00412.557 00386.477 00360.926 00336.298 00312.247 00288.662 00265.488 00242.721 00220.311 00198.468 00177.641 00157.075 00136.699 00116.502 00098.192 00080.326 00062.772 00045.521 00028.542 00000.000 0.0 0.0 0.0 00008.721 00018.320 00028.005 00037.780 00047.643 00057.594 00067.635 00077.708 00087.803 00097.922 00108.062 00118.226
-9999.0 -9999.0 -9999.0 -9999.0 -9999.0 -9999.0 -9999.0 -9999.0 -9999.0 -9999.0 -9999.0 -9999.0 -9999.0 -9999.0 -9999.0 -9999.0 -9999.0 -9999.0 -9999.0 -9999.0 -9999.0 -9999.0 -9999.0 -9999.0 -9999.0 -9999.0 -9999.0 -9999.0 -9999.0 00395.640 00370.419 00345.696 00321.535 00297.811 00274.468 00252.255 00230.588 00209.275 00188.369 00167.693 00148.056 00129.777 00111.732 00094.087 00076.607 00059.194 00041.998 00025.073 00000.000 0.0 00000.000 00015.089 00024.761 00034.458 00044.294 00054.217 00064.234 00074.300 00084.387 00094.495 00104.624 00114.773 00124.946
-9999.0 -9999.0 -9999.0 -9999.0 -9999.0 -9999.0 -9999.0 -9999.0 -9999.0 -9999.0 -9999.0 -9999.0 -9999.0 -9999.0 -9999.0 -9999.0 -9999.0 -9999.0 -9999.0 -9999.0 -9999.0 -9999.0 -9999.0 -9999.0 -9999.0 -9999.0 -9999.0 -9999.0 -9999.0 00405.567 00380.250 00355.380 00331.262 00308.242 00285.626 00263.397 00241.716 00220.414 00199.332 00180.364 00161.756 00143.367 00125.605 00108.008 00090.481 00073.017 00055.637 00038.804 00023.865 00000.000 00015.360 00024.111 00032.144 00041.436 00051.282 00061.163 00071.066 00080.994 00091.095 00101.212 00111.346 00121.503 00131.694
-9999.0 -9999.0 -9999.0 -9999.0 -9999.0 -9999.0 -9999.0 -9999.0 -9999.0 -9999.0 -9999.0 -9999.0 -9999.0 -9999.0 -9999.0 -9999.0 -9999.0 -9999.0 -9999.0 -9999.0 -9999.0 -9999.0 -9999.0 -9999.0 -9999.0 -9999.0 -9999.0 -9999.0 -9999.0 00415.831 00390.910 00366.750 00343.036 00319.807 00297.194 00275.047 00253.234 00232.571 00213.249 00194.231 00175.546 00157.506 00139.649 00121.975 00104.401 00086.897 00070.011 00053.069 00041.511 00031.057 00027.679 00035.757 00043.362 00051.492 00059.731 00068.603 00078.572 00088.518 00098.430 00108.347 00118.282 00128.306 00138.523
