examples/flatland/Outputs/centerIgnit/c_atmRAWS/singleWinds/flatland_centerIgnit_3mph240deg7hr_atmRAWS/flatland_centerIgnit_3mph240deg7hr_atmRAWS_Intensity.asc
NCOLS 100
NROWS 100
XLLCORNER 20000.000000
YLLCORNER 20000.000000
CELLSIZE 30.000000
NODATA_VALUE -9999.0
[rows 28 to 55 of 100, columns 0 to 62 of 100]
-9999.0 -9999.0 -9999.0 -9999.0 -9999.0 -9999.0 -9999.0 -9999.0 -9999.0 -9999.0 -9999.0 -9999.0 -9999.0 -9999.0 -9999.0 -9999.0 -9999.0 -9999.0 -9999.0 -9999.0 -9999.0 -9999.0 -9999.0 -9999.0 -9999.0 -9999.0 -9999.0 -9999.0 -9999.0 -9999.0 -9999.0 -9999.0 -9999.0 00023.086 00023.644 00024.155 00024.922 00025.593 00026.284 00026.873 00027.805 00029.006 00030.012 00030.963 00031.640 00032.675 00033.659 00034.838 00035.986 00036.955 00037.931 00039.201 00040.906 00042.718 00044.505 00046.183 00046.971 00047.477 00047.887 00048.337 00048.816 00049.295 00049.416
-9999.0 -9999.0 -9999.0 -9999.0 -9999.0 -9999.0 -9999.0 -9999.0 -9999.0 -9999.0 -9999.0 -9999.0 -9999.0 -9999.0 -9999.0 -9999.0 -9999.0 -9999.0 -9999.0 -9999.0 -9999.0 -9999.0 -9999.0 -9999.0 -9999.0 -9999.0 -9999.0 -9999.0 -9999.0 -9999.0 -9999.0 -9999.0 00022.718 00023.355 00023.886 00024.461 00025.105 00025.780 00026.394 00027.136 00027.827 00029.054 00030.240 00031.236 00032.127 00033.013 00034.026 00035.293 00036.528 00037.448 00038.273 00039.710 00041.758 00043.922 00045.951 00047.158 00047.784 00047.999 00048.646 00049.363 00049.982 00050.179 00050.293
-9999.0 -9999.0 -9999.0 -9999.0 -9999.0 -9999.0 -9999.0 -9999.0 -9999.0 -9999.0 -9999.0 -9999.0 -9999.0 -9999.0 -9999.0 -9999.0 -9999.0 -9999.0 -9999.0 -9999.0 -9999.0 -9999.0 -9999.0 -9999.0 -9999.0 -9999.0 -9999.0 -9999.0 -9999.0 -9999.0 -9999.0 00022.253 00022.936 00023.560 00023.990 00024.706 00025.276 00025.928 00026.601 00027.309 00028.045 00029.007 00030.181 00031.496 00032.436 00033.368 00034.404 00035.639 00036.739 00037.922 00038.939 00040.262 00042.707 00045.214 00047.424 00048.014 00048.704 00049.322 00049.763 00050.404 00050.594 00051.018 00051.207
-9999.0 -9999.0 -9999.0 -9999.0 -9999.0 -9999.0 -9999.0 -9999.0 -9999.0 -9999.0 -9999.0 -9999.0 -9999.0 -9999.0 -9999.0 -9999.0 -9999.0 -9999.0 -9999.0 -9999.0 -9999.0 -9999.0 -9999.0 -9999.0 -9999.0 -9999.0 -9999.0 -9999.0 -9999.0 -9999.0 -9999.0 00022.485 00023.117 00023.666 00024.389 00024.980 00025.506 00026.013 00026.749 00027.486 00028.294 00029.022 00030.107 00031.560 00032.785 00033.672 00034.437 00035.993 00037.283 00038.345 00039.422 00040.931 00043.970 00046.863 00048.297 00048.922 00049.660 00050.194 00050.659 00051.097 00051.554 00051.683 00051.866
-9999.0 -9999.0 -9999.0 -9999.0 -9999.0 -9999.0 -9999.0 -9999.0 -9999.0 -9999.0 -9999.0 -9999.0 -9999.0 -9999.0 -9999.0 -9999.0 -9999.0 -9999.0 -9999.0 -9999.0 -9999.0 -9999.0 -9999.0 -9999.0 -9999.0 -9999.0 -9999.0 -9999.0 -9999.0 -9999.0 00021.751 00022.643 00023.238 00023.892 00024.578 00025.200 00025.672 00026.246 00026.903 00027.671 00028.386 00029.296 00030.232 00031.569 00032.735 00033.852 00034.873 00036.254 00037.505 00038.649 00039.873 00042.080 00045.966 00047.629 00049.008 00049.895 00050.586 00051.090 00051.576 00052.030 00052.398 00052.631 00052.841
-9999.0 -9999.0 -9999.0 -9999.0 -9999.0 -9999.0 -9999.0 -9999.0 -9999.0 -9999.0 -9999.0 -9999.0 -9999.0 -9999.0 -9999.0 -9999.0 -9999.0 -9999.0 -9999.0 -9999.0 -9999.0 -9999.0 -9999.0 -9999.0 -9999.0 -9999.0 -9999.0 -9999.0 -9999.0 -9999.0 00021.781 00022.570 00023.212 00024.039 00024.715 00025.366 00025.969 00026.486 00027.064 00027.771 00028.542 00029.392 00030.379 00031.690 00032.870 00034.030 00035.205 00036.598 00037.788 00039.151 00041.083 00043.761 00046.324 00048.628 00050.145 00050.972 00051.530 00052.055 00052.564 00052.987 00053.248 00053.481 00053.655
-9999.0 -9999.0 -9999.0 -9999.0 -9999.0 -9999.0 -9999.0 -9999.0 -9999.0 -9999.0 -9999.0 -9999.0 -9999.0 -9999.0 -9999.0 -9999.0 -9999.0 -9999.0 -9999.0 -9999.0 -9999.0 -9999.0 -9999.0 -9999.0 -9999.0 -9999.0 -9999.0 -9999.0 -9999.0 00021.093 00021.799 00022.597 00023.450 00024.136 00024.842 00025.416 00026.134 00026.782 00027.323 00027.888 00028.640 00029.505 00030.451 00031.695 00032.920 00034.160 00035.543 00036.910 00038.100 00039.363 00041.475 00044.811 00047.717 00050.123 00050.893 00051.655 00052.403 00053.099 00053.620 00054.037 00054.193 00054.388 00054.343
-9999.0 -9999.0 -9999.0 -9999.0 -9999.0 -9999.0 -9999.0 -9999.0 -9999.0 -9999.0 -9999.0 -9999.0 -9999.0 -9999.0 -9999.0 -9999.0 -9999.0 -9999.0 -9999.0 -9999.0 -9999.0 -9999.0 -9999.0 -9999.0 -9999.0 -9999.0 -9999.0 -9999.0 -9999.0 00021.212 00021.870 00022.399 00023.370 00024.222 00024.830 00025.603 00026.286 00026.995 00027.548 00028.075 00028.767 00029.619 00030.392 00031.528 00032.936 00034.242 00035.704 00036.953 00038.227 00039.470 00041.938 00046.054 00049.506 00050.943 00051.717 00052.496 00053.246 00053.895 00054.697 00055.097 00055.010 00055.003 00054.785
-9999.0 -9999.0 -9999.0 -9999.0 -9999.0 -9999.0 -9999.0 -9999.0 -9999.0 -9999.0 -9999.0 -9999.0 -9999.0 -9999.0 -9999.0 -9999.0 -9999.0 -9999.0 -9999.0 -9999.0 -9999.0 -9999.0 -9999.0 -9999.0 -9999.0 -9999.0 -9999.0 -9999.0 -9999.0 00021.305 00021.944 00022.520 00023.202 00024.090 00024.754 00025.581 00026.431 00027.117 00027.774 00028.343 00028.924 00029.435 00030.373 00031.274 00032.824 00034.217 00035.593 00037.035 00038.335 00039.899 00043.656 00046.925 00049.921 00051.691 00052.728 00053.479 00054.101 00054.986 00055.385 00055.592 00055.615 00055.444 00055.202
-9999.0 -9999.0 -9999.0 -9999.0 -9999.0 -9999.0 -9999.0 -9999.0 -9999.0 -9999.0 -9999.0 -9999.0 -9999.0 -9999.0 -9999.0 -9999.0 -9999.0 -9999.0 -9999.0 -9999.0 -9999.0 -9999.0 -9999.0 -9999.0 -9999.0 -9999.0 -9999.0 -9999.0 00020.500 00021.246 00021.963 00022.590 00023.249 00023.901 00024.738 00025.535 00026.447 00027.233 00027.926 00028.633 00029.061 00029.630 00030.363 00031.170 00032.439 00033.845 00035.456 00036.878 00038.388 00041.069 00044.921 00048.287 00051.226 00052.681 00053.719 00054.442 00055.116 00055.739 00055.941 00055.929 00056.043 00055.903 00055.543
-9999.0 -9999.0 -9999.0 -9999.0 -9999.0 -9999.0 -9999.0 -9999.0 -9999.0 -9999.0 -9999.0 -9999.0 -9999.0 -9999.0 -9999.0 -9999.0 -9999.0 -9999.0 -9999.0 -9999.0 -9999.0 -9999.0 -9999.0 -9999.0 -9999.0 -9999.0 -9999.0 -9999.0 00020.514 00021.194 00021.721 00022.611 00023.268 00023.884 00024.675 00025.476 00026.282 00027.223 00028.073 00028.818 00029.374 00029.778 00030.368 00031.174 00031.839 00033.040 00035.001 00036.512 00038.222 00041.361 00046.562 00050.417 00052.815 00053.757 00054.609 00055.364 00055.845 00056.137 00056.389 00056.372 00056.173 00056.148 00055.869
-9999.0 -9999.0 -9999.0 -9999.0 -9999.0 -9999.0 -9999.0 -9999.0 -9999.0 -9999.0 -9999.0 -9999.0 -9999.0 -9999.0 -9999.0 -9999.0 -9999.0 -9999.0 -9999.0 -9999.0 -9999.0 -9999.0 -9999.0 -9999.0 -9999.0 -9999.0 -9999.0 -9999.0 00020.515 00021.168 00021.841 00022.593 00023.273 00023.917 00024.607 00025.411 00026.170 00027.056 00028.131 00028.697 00029.437 00030.003 00030.446 00030.940 00031.860 00033.084 00034.648 00036.379 00038.227 00043.182 00048.436 00052.796 00054.130 00054.883 00055.637 00056.170 00056.492 00056.706 00056.664 00056.557 00056.425 00056.178 00056.207
-9999.0 -9999.0 -9999.0 -9999.0 -9999.0 -9999.0 -9999.0 -9999.0 -9999.0 -9999.0 -9999.0 -9999.0 -9999.0 -9999.0 -9999.0 -9999.0 -9999.0 -9999.0 -9999.0 -9999.0 -9999.0 -9999.0 -9999.0 -9999.0 -9999.0 -9999.0 -9999.0 -9999.0 00020.505 00021.134 00021.786 00022.469 00023.133 00023.870 00024.570 00025.283 00026.037 00026.897 00027.823 00028.743 00029.437 00030.165 00030.548 00030.786 00031.507 00032.706 00034.299 00036.540 00040.322 00045.893 00050.713 00054.182 00055.860 00056.512 00056.748 00056.877 00057.010 00056.951 00056.814 00056.679 00056.564 00056.485 00056.367
-9999.0 -9999.0 -9999.0 -9999.0 -9999.0 -9999.0 -9999.0 -9999.0 -9999.0 -9999.0 -9999.0 -9999.0 -9999.0 -9999.0 -9999.0 -9999.0 -9999.0 -9999.0 -9999.0 -9999.0 -9999.0 -9999.0 -9999.0 -9999.0 -9999.0 -9999.0 -9999.0 00019.707 00020.426 00021.051 00021.693 00022.347 00022.913 00023.701 00024.502 00025.196 00025.878 00026.740 00027.512 00028.639 00029.384 00030.204 00030.675 00030.842 00031.183 00032.071 00034.106 00036.624 00040.322 00048.757 00054.296 00057.266 00057.856 00058.062 00057.921 00057.525 00057.214 00057.075 00056.937 00056.833 00056.773 00056.768 00056.752
-9999.0 -9999.0 -9999.0 -9999.0 -9999.0 -9999.0 -9999.0 -9999.0 -9999.0 -9999.0 -9999.0 -9999.0 -9999.0 -9999.0 -9999.0 -9999.0 -9999.0 -9999.0 -9999.0 -9999.0 -9999.0 -9999.0 -9999.0 -9999.0 -9999.0 -9999.0 -9999.0 00019.638 00020.309 00020.842 00021.600 00022.233 00022.831 00023.521 00024.283 00025.024 00025.700 00026.560 00027.297 00028.289 00029.223 00029.771 00030.570 00030.936 00031.100 00031.790 00033.751 00036.415 00043.227 00051.316 00055.927 00059.078 00059.411 00059.351 00058.759 00058.044 00057.517 00057.201 00057.100 00057.077 00057.081 00057.041 00056.892
-9999.0 -9999.0 -9999.0 -9999.0 -9999.0 -9999.0 -9999.0 -9999.0 -9999.0 -9999.0 -9999.0 -9999.0 -9999.0 -9999.0 -9999.0 -9999.0 -9999.0 -9999.0 -9999.0 -9999.0 -9999.0 -9999.0 -9999.0 -9999.0 -9999.0 -9999.0 -9999.0 00019.577 00020.227 00020.696 00021.517 00022.140 00022.729 00023.369 00024.072 00024.784 00025.540 00026.192 00026.988 00027.758 00028.752 00029.446 00030.233 00030.928 00031.303 00032.015 00033.022 00035.941 00044.893 00055.775 00060.537 00060.878 00060.624 00059.977 00059.332 00058.705 00057.972 00057.510 00057.397 00057.409 00057.291 00057.141 00056.992
-9999.0 -9999.0 -9999.0 -9999.0 -9999.0 -9999.0 -9999.0 -9999.0 -9999.0 -9999.0 -9999.0 -9999.0 -9999.0 -9999.0 -9999.0 -9999.0 -9999.0 -9999.0 -9999.0 -9999.0 -9999.0 -9999.0 -9999.0 -9999.0 -9999.0 -9999.0 -9999.0 00019.513 00020.148 00020.611 00021.406 00022.035 00022.615 00023.249 00023.891 00024.632 00025.371 00025.981 00026.695 00027.420 00028.242 00028.957 00029.744 00030.679 00031.711 00032.477 00033.248 00034.308 -9999.0 -9999.000 00062.475 00061.876 00061.245 00060.565 00059.906 00059.276 00058.725 00058.157 00057.782 00057.538 00057.386 00057.187 00056.927
-9999.0 -9999.0 -9999.0 -9999.0 -9999.0 -9999.0 -9999.0 -9999.0 -9999.0 -9999.0 -9999.0 -9999.0 -9999.0 -9999.0 -9999.0 -9999.0 -9999.0 -9999.0 -9999.0 -9999.0 -9999.0 -9999.0 -9999.0 -9999.0 -9999.0 -9999.0 -9999.0 00019.401 00020.040 00020.583 00021.264 00021.839 00022.447 00023.102 00023.729 00024.393 00025.124 00025.790 00026.417 00027.123 00027.779 00028.390 00029.132 00030.278 00032.056 00032.960 00033.692 -9999.000 -9999.0 -9999.0 -9999.000 00062.450 00061.807 00061.171 00060.497 00060.012 00059.574 00058.856 00058.110 00057.402 00057.072 00057.039 00056.250
-9999.0 -9999.0 -9999.0 -9999.0 -9999.0 -9999.0 -9999.0 -9999.0 -9999.0 -9999.0 -9999.0 -9999.0 -9999.0 -9999.0 -9999.0 -9999.0 -9999.0 -9999.0 -9999.0 -9999.0 -9999.0 -9999.0 -9999.0 -9999.0 -9999.0 -9999.0 -9999.0 00019.214 00019.855 00020.439 00021.149 00021.589 00022.211 00022.893 00023.552 00024.131 00024.811 00025.462 00026.113 00026.638 00027.183 00027.799 00028.346 00029.833 00031.535 00033.444 -9999.000 -9999.0 -9999.0 -9999.0 -9999.0 -9999.000 00062.378 00061.739 00061.343 00060.526 00059.943 00059.049 00057.531 00056.454 00056.350 00055.690 00054.917
-9999.0 -9999.0 -9999.0 -9999.0 -9999.0 -9999.0 -9999.0 -9999.0 -9999.0 -9999.0 -9999.0 -9999.0 -9999.0 -9999.0 -9999.0 -9999.0 -9999.0 -9999.0 -9999.0 -9999.0 -9999.0 -9999.0 -9999.0 -9999.0 -9999.0 -9999.0 -9999.0 00018.977 00019.596 00020.064 00020.687 00021.316 00021.905 00022.543 00023.040 00023.706 00024.396 00024.967 00025.526 00026.009 00026.472 00027.078 00027.439 00029.221 00030.546 00033.601 -9999.0 -9999.0 -9999.0 -9999.0 -9999.0 -9999.0 -9999.000 00062.462 00061.161 00059.875 00058.902 00057.853 00056.611 00055.179 00054.201 00053.135 00052.660
-9999.0 -9999.0 -9999.0 -9999.0 -9999.0 -9999.0 -9999.0 -9999.0 -9999.0 -9999.0 -9999.0 -9999.0 -9999.0 -9999.0 -9999.0 -9999.0 -9999.0 -9999.0 -9999.0 -9999.0 -9999.0 -9999.0 -9999.0 -9999.0 -9999.0 -9999.0 -9999.0 00018.590 00019.170 00019.659 00020.365 00020.982 00021.495 00022.059 00022.565 00023.203 00023.912 00024.397 00024.665 00025.361 00025.682 00025.627 00026.429 00027.255 00028.832 -9999.000 -9999.0 -9999.0 -9999.0 -9999.0 -9999.0 -9999.0 -9999.000 00061.571 00060.248 00058.244 00056.315 00054.277 00053.191 00052.353 00051.009 00050.955 00050.830
-9999.0 -9999.0 -9999.0 -9999.0 -9999.0 -9999.0 -9999.0 -9999.0 -9999.0 -9999.0 -9999.0 -9999.0 -9999.0 -9999.0 -9999.0 -9999.0 -9999.0 -9999.0 -9999.0 -9999.0 -9999.0 -9999.0 -9999.0 -9999.0 -9999.0 -9999.0 -9999.0 00018.380 00018.989 00019.469 00020.102 00020.631 00021.113 00021.632 00022.219 00022.752 00023.329 00023.727 00024.183 00024.766 00024.901 00025.062 00025.429 00026.040 00027.156 -9999.000 -9999.0 -9999.0 -9999.0 -9999.0 -9999.0 -9999.0 -9999.0 00053.504 00053.685 00053.400 00051.807 00050.853 00050.297 00049.940 00049.732 00049.590 00049.455
-9999.0 -9999.0 -9999.0 -9999.0 -9999.0 -9999.0 -9999.0 -9999.0 -9999.0 -9999.0 -9999.0 -9999.0 -9999.0 -9999.0 -9999.0 -9999.0 -9999.0 -9999.0 -9999.0 -9999.0 -9999.0 -9999.0 -9999.0 -9999.0 -9999.0 -9999.0 -9999.0 -9999.0 00018.780 00019.320 00019.873 00020.399 00020.851 00021.398 00021.962 00022.448 00022.968 00023.328 00023.850 00024.276 00024.513 00024.652 00024.791 00025.262 00026.114 00026.835 -9999.000 -9999.0 -9999.0 -9999.0 -9999.0 -9999.0 -9999.000 00049.892 00049.809 00049.741 00049.283 00048.794 00048.308 00048.168 00048.172 00048.150 00048.111
-9999.0 -9999.0 -9999.0 -9999.0 -9999.0 -9999.0 -9999.0 -9999.0 -9999.0 -9999.0 -9999.0 -9999.0 -9999.0 -9999.0 -9999.0 -9999.0 -9999.0 -9999.0 -9999.0 -9999.0 -9999.0 -9999.0 -9999.0 -9999.0 -9999.0 -9999.0 -9999.0 -9999.0 00018.561 00019.109 00019.651 00020.177 00020.634 00021.151 00021.692 00022.172 00022.682 00023.236 00023.603 00023.999 00024.352 00024.524 00024.679 00024.895 00025.602 00026.321 00027.006 -9999.0 -9999.0 -9999.0 -9999.0 -9999.000 00050.020 00049.308 00048.572 00047.899 00047.283 00046.609 00046.426 00046.581 00046.692 00046.768 00046.816
-9999.0 -9999.0 -9999.0 -9999.0 -9999.0 -9999.0 -9999.0 -9999.0 -9999.0 -9999.0 -9999.0 -9999.0 -9999.0 -9999.0 -9999.0 -9999.0 -9999.0 -9999.0 -9999.0 -9999.0 -9999.0 -9999.0 -9999.0 -9999.0 -9999.0 -9999.0 -9999.0 -9999.0 00018.327 00018.899 00019.282 00019.950 00020.457 00020.914 00021.420 00021.922 00022.415 00022.945 00023.382 00023.764 00024.177 00024.420 00024.593 00024.780 00025.088 00025.781 00026.469 -9999.000 -9999.0 -9999.0 -9999.0 00050.267 00049.546 00048.821 00048.076 00047.362 00046.590 00045.998 00045.773 00045.696 00045.658 00045.631 00045.595
-9999.0 -9999.0 -9999.0 -9999.0 -9999.0 -9999.0 -9999.0 -9999.0 -9999.0 -9999.0 -9999.0 -9999.0 -9999.0 -9999.0 -9999.0 -9999.0 -9999.0 -9999.0 -9999.0 -9999.0 -9999.0 -9999.0 -9999.0 -9999.0 -9999.0 -9999.0 -9999.0 -9999.0 -9999.0 00018.654 00019.147 00019.690 00020.194 00020.614 00021.161 00021.693 00022.141 00022.628 00023.137 00023.541 00023.935 00024.351 00024.528 00024.693 00024.845 00025.208 00025.917 00026.618 -9999.000 -9999.0 -9999.000 00048.546 00048.272 00048.099 00047.367 00046.713 00046.144 00045.815 00045.661 00045.511 00045.364 00045.218 00045.023
-9999.0 -9999.0 -9999.0 -9999.0 -9999.0 -9999.0 -9999.0 -9999.0 -9999.0 -9999.0 -9999.0 -9999.0 -9999.0 -9999.0 -9999.0 -9999.0 -9999.0 -9999.0 -9999.0 -9999.0 -9999.0 -9999.0 -9999.0 -9999.0 -9999.0 -9999.0 -9999.0 -9999.0 -9999.0 00018.388 00018.919 00019.439 00019.942 00020.410 00020.885 00021.380 00021.859 00022.353 00022.883 00023.170 00023.694 00024.095 00024.415 00024.587 00024.730 00024.878 00025.394 00026.286 00028.059 -9999.000 00039.394 00041.940 00044.266 00044.710 00044.882 00044.758 00044.832 00045.043 00045.043 00045.071 00045.120 00044.978 00044.886
-9999.0 -9999.0 -9999.0 -9999.0 -9999.0 -9999.0 -9999.0 -9999.0 -9999.0 -9999.0 -9999.0 -9999.0 -9999.0 -9999.0 -9999.0 -9999.0 -9999.0 -9999.0 -9999.0 -9999.0 -9999.0 -9999.0 -9999.0 -9999.0 -9999.0 -9999.0 -9999.0 -9999.0 -9999.0 00018.113 00018.668 00019.098 00019.674 00020.165 00020.580 00021.099 00021.629 00022.079 00022.551 00023.063 00023.460 00023.826 00024.200 00024.430 00024.626 00024.802 00025.112 00025.941 00026.952 00030.163 00035.039 00039.299 00040.892 00041.457 00041.968 00042.413 00042.879 00043.654 00043.849 00044.004 00044.349 00044.354 00044.159
