examples/flatland/Outputs/centerIgnit/b_RAWS/singleWinds/flatland_centerIgnit_3mph60deg7hr_RAWS/flatland_centerIgnit_3mph60deg7hr_RAWS_HeatPerUnitArea.asc
NCOLS 100
NROWS 100
XLLCORNER 20000.000000
YLLCORNER 20000.000000
CELLSIZE 30.000000
NODATA_VALUE -9999.0
[rows 54 to 80 of 100, columns 0 to 61 of 100]
-9999.0 -9999.0 -9999.0 -9999.0 -9999.0 -9999.0 -9999.0 01004.257 01009.488 01014.064 01018.100 01020.454 01025.863 01029.351 01032.706 01036.053 01038.481 01042.271 01045.613 01049.262 01053.278 01057.139 01060.650 01064.679 01068.678 01072.806 01077.195 01078.933 01083.632 01086.679 01089.838 01093.139 01096.468 01098.750 01100.276 01101.464 01102.647 01103.842 01104.994 01106.083 01107.713 01111.411 01116.900 01121.859 01126.841 01131.968 01137.201 01142.107 01146.589 -9999.000 01141.370 01131.513 01121.568 01111.319 01106.102 01103.983 01101.849 01098.884 01094.651 01088.289 01082.329 01075.145
-9999.0 -9999.0 -9999.0 -9999.0 -9999.0 -9999.0 -9999.0 01004.710 01009.885 01014.414 01018.412 01020.581 01026.115 01029.565 01032.889 01036.218 01038.564 01042.406 01045.768 01049.440 01053.466 01057.081 01060.259 01063.994 01067.757 01071.799 01076.097 01078.842 01082.748 01085.761 01088.792 01091.924 01095.164 01098.416 01098.908 01100.876 01102.036 01103.097 01104.165 01105.238 01106.311 01108.476 01112.445 01117.991 01122.861 01127.884 01133.017 01136.706 01140.750 01139.432 01132.864 01124.491 01114.895 01106.816 01104.709 01102.639 01100.563 01098.175 01092.139 01086.024 01078.892 01072.719
-9999.0 -9999.0 -9999.0 -9999.0 -9999.0 -9999.0 -9999.0 01005.059 01010.154 01014.619 01018.565 01020.639 01026.253 01029.695 01033.021 01036.338 01038.626 01042.325 01045.465 01048.862 01052.563 01056.395 01059.367 01063.130 01066.786 01070.652 01074.780 01078.740 01079.746 01084.636 01087.627 01090.625 01093.664 01096.802 01098.764 01099.986 01101.240 01102.292 01103.338 01104.390 01105.456 01106.532 01109.248 01113.619 01118.898 01123.492 01127.141 01130.522 01134.438 01130.073 01124.292 01117.660 01108.829 01105.417 01103.335 01101.289 01098.802 01094.702 01089.227 01083.712 01077.865 01069.755
-9999.0 -9999.0 -9999.0 -9999.0 -9999.0 -9999.0 -9999.0 01005.229 01010.281 01014.715 01018.644 01020.671 01026.331 01029.600 01032.738 01035.888 01038.269 01041.576 01044.771 01048.071 01051.669 01055.605 01058.525 01062.092 01065.674 01069.406 01073.331 01077.509 01078.939 01083.440 01086.226 01089.102 01092.076 01095.017 01097.908 01098.835 01100.439 01101.466 01102.505 01103.553 01104.613 01105.676 01106.740 01109.864 01114.075 01117.977 01121.384 01124.122 01126.522 01121.461 01116.076 01109.997 01105.977 01104.028 01101.981 01099.054 01096.773 01091.356 01086.082 01078.986 01074.493 01066.900
-9999.0 -9999.0 -9999.0 -9999.0 -9999.0 -9999.0 -9999.0 01005.276 01010.329 01014.661 01018.387 01020.477 01025.695 01028.983 01032.133 01035.253 01037.883 01040.578 01044.065 01047.255 01050.700 01054.464 01057.704 01060.904 01064.413 01067.998 01071.821 01075.743 01078.788 01082.016 01084.763 01087.578 01090.240 01092.968 01095.762 01098.568 01098.887 01100.650 01101.679 01102.720 01103.772 01104.801 01105.830 01106.782 01109.079 01111.606 01114.544 01117.607 01117.197 01112.300 01108.501 01106.053 01104.472 01102.561 01100.631 01098.629 01093.178 01087.991 01083.049 01077.989 01070.875 01064.092
-9999.0 -9999.0 -9999.0 -9999.0 -9999.0 -9999.0 -9999.0 01004.705 01009.598 01013.872 01017.703 01020.185 01025.042 01028.319 01031.440 01034.515 01037.451 01039.406 01043.194 01046.290 01049.625 01053.157 01056.673 01059.524 01063.082 01066.431 01069.944 01073.717 01077.689 01078.936 01083.164 01085.666 01088.239 01090.897 01093.587 01096.339 01098.690 01098.938 01100.865 01101.883 01102.874 01103.895 01104.806 01105.562 01106.348 01106.918 01108.824 01110.614 01108.866 01106.613 01105.616 01104.290 01102.945 01101.116 01098.797 01094.959 01089.723 01084.735 01078.865 01073.645 01067.035 01060.894
-9999.0 -9999.0 -9999.0 -9999.0 -9999.0 -9999.0 -9999.0 01003.716 01008.708 01013.106 01016.966 01019.849 01023.814 01027.567 01030.650 01033.660 01036.702 01038.670 01042.246 01045.156 01048.299 01051.730 01055.472 01058.240 01061.429 01064.755 01068.156 01071.763 01075.469 01078.738 01079.015 01083.812 01086.287 01088.818 01091.431 01094.140 01096.925 01098.741 01099.295 01101.002 01101.990 01102.846 01103.616 01104.369 01104.987 01105.526 01106.011 01106.404 01105.594 01104.796 01103.849 01102.579 01101.246 01098.893 01096.411 01091.413 01086.397 01079.045 01076.172 01069.525 01063.406 01057.663
-9999.0 -9999.0 -9999.0 -9999.0 -9999.0 -9999.0 -9999.0 01002.660 01007.713 01012.167 01016.118 01019.472 01021.343 01026.618 01029.746 01032.773 01035.724 01038.058 01040.781 01044.041 01047.106 01050.291 01053.712 01056.943 01059.674 01063.019 01066.282 01069.494 01072.876 01076.428 01078.809 01080.991 01084.314 01086.802 01089.358 01091.981 01094.688 01097.362 01098.770 01099.702 01100.945 01101.686 01102.441 01103.062 01103.629 01104.069 01104.508 01104.470 01103.797 01103.002 01102.078 01100.885 01098.876 01097.429 01092.535 01087.810 01083.169 01078.512 01071.723 01065.544 01059.740 01054.438
-9999.0 -9999.0 -9999.0 -9999.0 -9999.0 -9999.0 -9999.0 00997.466 01006.567 01011.056 01015.042 01018.607 01020.514 01025.637 01028.721 01031.674 01034.586 01037.407 01039.156 01042.807 01045.619 01048.633 01051.873 01055.408 01058.136 01061.095 01064.126 01067.157 01070.356 01073.697 01077.214 01078.864 01082.389 01084.812 01087.317 01089.849 01092.366 01094.943 01097.653 01098.748 01098.929 01100.534 01101.184 01101.732 01102.219 01102.634 01103.024 01102.639 01102.022 01101.249 01100.326 01098.784 01096.706 01093.087 01088.732 01084.313 01078.861 01073.888 01067.578 01061.764 01056.608 01050.674
-9999.0 -9999.0 -9999.0 -9999.0 -9999.0 -9999.0 -9999.0 -9999.0 01005.084 01009.750 01013.884 01017.517 01020.006 01024.287 01027.562 01030.541 01033.458 01036.278 01038.297 01041.184 01044.170 01047.055 01050.162 01053.457 01056.517 01058.843 01061.900 01064.875 01067.900 01071.066 01074.392 01077.942 01078.920 01082.883 01085.222 01087.630 01090.098 01092.599 01094.615 01096.705 01098.649 01098.815 01098.947 01100.390 01100.807 01101.170 01101.397 01100.880 01100.263 01098.861 01098.545 01095.575 01092.249 01088.784 01085.067 01078.963 01075.735 01069.559 01063.701 01058.124 01052.736 01047.123
-9999.0 -9999.0 -9999.0 -9999.0 -9999.0 -9999.0 -9999.0 -9999.0 01003.585 01008.310 01012.492 01016.223 01019.451 01020.904 01026.360 01029.280 01032.087 01034.871 01037.485 01039.091 01042.704 01045.461 01048.201 01051.170 01054.328 01057.136 01059.581 01062.575 01065.470 01068.534 01071.758 01075.120 01078.631 01078.961 01083.155 01085.432 01087.756 01089.703 01091.632 01093.588 01095.460 01096.981 01098.467 01098.734 01098.824 01098.900 01098.892 01098.770 01098.367 01096.327 01093.850 01091.112 01087.970 01084.707 01079.035 01076.938 01070.979 01065.347 01059.800 01054.842 01048.933 01043.813
-9999.0 -9999.0 -9999.0 -9999.0 -9999.0 -9999.0 -9999.0 -9999.0 00999.952 01006.616 01010.950 01014.814 01018.287 01020.272 01024.872 01027.853 01030.682 01033.420 01036.182 01038.217 01040.750 01043.642 01046.239 01048.992 01051.926 01055.087 01057.624 01060.204 01063.174 01066.059 01069.159 01072.354 01075.610 01078.727 01078.981 01083.196 01084.998 01086.900 01088.693 01090.553 01091.988 01093.455 01094.677 01095.797 01096.643 01097.480 01096.642 01095.292 01093.666 01091.676 01089.354 01086.872 01083.890 01078.956 01077.277 01071.958 01066.441 01061.254 01056.574 01050.808 01045.459 01040.075
-9999.0 -9999.0 -9999.0 -9999.0 -9999.0 -9999.0 -9999.0 -9999.0 -9999.0 01004.733 01009.288 01013.195 01016.693 01019.587 01021.357 01026.328 01029.188 01031.950 01034.634 01037.188 01038.676 01041.745 01044.305 01046.911 01049.658 01052.578 01055.733 01058.090 01060.817 01063.757 01066.573 01069.532 01072.631 01075.838 01078.725 01078.930 01082.363 01084.097 01085.826 01087.296 01088.642 01089.956 01090.999 01091.860 01092.688 01093.065 01091.989 01090.767 01089.145 01087.306 01085.041 01082.814 01078.857 01076.258 01071.732 01067.328 01062.211 01057.501 01052.356 01047.135 01042.239 01037.622
-9999.0 -9999.0 -9999.0 -9999.0 -9999.0 -9999.0 -9999.0 -9999.0 -9999.0 01002.632 01007.253 01011.342 01015.003 01018.264 01020.232 01024.726 01027.662 01030.279 01032.826 01035.361 01037.614 01039.077 01042.398 01044.831 01047.454 01050.249 01053.233 01056.276 01058.521 01061.261 01064.064 01066.802 01069.682 01072.523 01075.075 01077.748 01078.828 01079.018 01082.821 01084.125 01085.423 01086.453 01087.400 01088.122 01088.802 01088.563 01087.653 01086.443 01084.846 01083.124 01078.976 01078.727 01074.822 01070.766 01066.619 01062.636 01058.134 01053.504 01048.300 01043.652 01038.522 01034.687
-9999.0 -9999.0 -9999.0 -9999.0 -9999.0 -9999.0 -9999.0 -9999.0 -9999.0 -9999.0 01004.978 01009.269 01013.094 01016.543 01019.498 01020.789 01025.754 01028.438 01030.989 01033.497 01035.995 01037.943 01039.817 01042.904 01045.359 01047.988 01050.825 01053.786 01056.581 01058.720 01061.448 01064.174 01066.629 01068.981 01071.421 01073.784 01076.265 01078.481 01078.840 01078.983 01082.101 01083.091 01083.848 01084.487 01085.044 01084.379 01083.509 01082.297 01078.951 01078.758 01076.247 01073.054 01069.366 01065.677 01061.892 01058.108 01054.352 01049.205 01044.613 01039.480 01036.229 01031.466
-9999.0 -9999.0 -9999.0 -9999.0 -9999.0 -9999.0 -9999.0 -9999.0 -9999.0 -9999.0 01002.520 01007.066 01011.094 01014.654 01017.723 01019.905 01022.531 01026.500 01029.119 01031.594 01034.029 01036.506 01038.232 01040.543 01043.398 01045.884 01048.403 01051.163 01054.043 01056.704 01058.802 01061.229 01063.459 01065.636 01067.851 01070.007 01072.211 01074.003 01075.907 01077.626 01078.734 01078.832 01078.910 01078.969 01078.998 01078.906 01078.804 01078.197 01075.887 01073.419 01070.486 01067.614 01064.402 01060.872 01057.518 01053.873 01049.763 01045.279 01040.720 01037.238 01032.788 01028.196
-9999.0 -9999.0 -9999.0 -9999.0 -9999.0 -9999.0 -9999.0 -9999.0 -9999.0 -9999.0 -9999.0 01004.613 01008.671 01012.313 01015.604 01018.546 01020.241 01024.413 01027.111 01029.638 01032.101 01034.540 01037.006 01038.513 01041.188 01043.747 01046.157 01048.613 01051.287 01054.152 01056.477 01058.208 01060.244 01062.394 01064.441 01066.416 01068.143 01069.790 01071.541 01072.878 01074.188 01075.246 01076.136 01076.902 01076.591 01075.412 01073.991 01072.369 01070.130 01067.955 01065.271 01062.600 01059.513 01056.666 01053.002 01049.102 01045.418 01041.578 01037.677 01033.727 01029.345 01024.657
-9999.0 -9999.0 -9999.0 -9999.0 -9999.0 -9999.0 -9999.0 -9999.0 -9999.0 -9999.0 -9999.0 00999.005 01005.878 01009.754 01013.233 01016.403 01019.239 01020.509 01025.027 01027.648 01030.148 01032.596 01035.032 01037.347 01038.693 01041.509 01043.899 01046.261 01048.710 01050.948 01053.256 01055.628 01057.395 01058.985 01061.101 01062.737 01064.330 01065.838 01067.204 01068.457 01069.484 01070.390 01071.103 01071.812 01070.906 01069.819 01068.529 01066.983 01064.960 01062.920 01060.308 01057.893 01055.467 01051.744 01048.272 01044.818 01041.305 01037.991 01034.360 01030.192 01025.756 01019.862
-9999.0 -9999.0 -9999.0 -9999.0 -9999.0 -9999.0 -9999.0 -9999.0 -9999.0 -9999.0 -9999.0 -9999.0 01002.838 01007.009 01010.680 01013.982 01017.003 01019.552 01020.755 01025.569 01028.155 01030.629 01032.971 01035.317 01037.466 01038.770 01041.613 01043.928 01045.873 01047.893 01050.027 01052.109 01054.337 01056.395 01057.712 01058.960 01060.557 01061.984 01063.173 01064.279 01065.122 01065.795 01066.422 01066.558 01065.733 01064.781 01063.485 01062.006 01059.966 01058.125 01056.126 01053.294 01050.425 01047.144 01044.059 01040.438 01037.700 01034.629 01030.762 01026.525 01020.318 01016.597
-9999.0 -9999.0 -9999.0 -9999.0 -9999.0 -9999.0 -9999.0 -9999.0 -9999.0 -9999.0 -9999.0 -9999.0 -9999.0 01003.860 01007.842 01011.424 01014.636 01017.588 01019.797 01021.576 01026.041 01028.506 01030.874 01033.155 01035.442 01037.505 01038.753 01041.052 01043.206 01045.028 01046.963 01048.841 01050.867 01052.625 01054.393 01056.045 01057.235 01058.149 01059.097 01060.051 01060.888 01061.521 01062.058 01061.718 01060.931 01059.879 01058.581 01057.418 01055.788 01053.607 01050.944 01048.317 01045.871 01042.968 01039.212 01037.324 01034.087 01030.724 01027.066 01020.622 01017.542 01012.258
-9999.0 -9999.0 -9999.0 -9999.0 -9999.0 -9999.0 -9999.0 -9999.0 -9999.0 -9999.0 -9999.0 -9999.0 -9999.0 -9999.0 01004.708 01008.585 01012.109 01015.265 01018.140 01019.996 01022.496 01026.294 01028.675 01030.958 01033.211 01035.349 01037.249 01038.343 01039.948 01042.339 01044.046 01045.804 01047.440 01048.953 01050.512 01052.002 01053.395 01054.670 01055.785 01056.529 01057.064 01057.514 01057.894 01057.312 01056.672 01055.801 01054.278 01052.587 01050.597 01048.580 01046.274 01043.975 01041.585 01038.470 01036.462 01033.412 01030.186 01026.706 01020.803 01018.183 01013.157 01007.132
-9999.0 -9999.0 -9999.0 -9999.0 -9999.0 -9999.0 -9999.0 -9999.0 -9999.0 -9999.0 -9999.0 -9999.0 -9999.0 -9999.0 00997.612 01005.536 01009.297 01012.715 01015.735 01018.453 01020.102 01022.929 01026.371 01028.717 01030.827 01032.739 01034.623 01036.489 01037.848 01038.830 01040.969 01042.839 01044.196 01045.568 01046.955 01048.189 01049.350 01050.508 01051.346 01052.136 01052.806 01053.348 01053.412 01052.605 01051.699 01050.667 01049.232 01047.720 01045.940 01044.174 01042.052 01038.997 01037.685 01035.316 01032.428 01029.453 01026.088 01020.562 01018.283 01013.798 01008.051 -9999.0
-9999.0 -9999.0 -9999.0 -9999.0 -9999.0 -9999.0 -9999.0 -9999.0 -9999.0 -9999.0 -9999.0 -9999.0 -9999.0 -9999.0 -9999.0 01002.252 01006.241 01009.785 01013.037 01015.965 01018.596 01020.131 01022.985 01026.178 01028.189 01030.121 01031.975 01033.763 01035.499 01037.198 01038.166 01038.946 01040.779 01042.406 01043.655 01044.634 01045.666 01046.559 01047.333 01047.932 01048.413 01048.874 01048.533 01047.877 01047.055 01046.038 01044.743 01043.395 01041.648 01039.188 01037.891 01036.167 01033.845 01031.259 01028.367 01025.244 01020.255 01017.701 01013.551 01008.739 01002.146 -9999.0
-9999.0 -9999.0 -9999.0 -9999.0 -9999.0 -9999.0 -9999.0 -9999.0 -9999.0 -9999.0 -9999.0 -9999.0 -9999.0 -9999.0 -9999.0 -9999.0 01002.756 01006.645 01010.041 01013.175 01016.013 01018.603 01020.022 01021.351 01025.423 01027.395 01029.262 01030.989 01032.697 01034.364 01035.759 01037.127 01037.931 01038.664 01039.613 01041.038 01042.237 01042.962 01043.624 01044.129 01044.508 01044.808 01044.290 01043.677 01042.851 01041.820 01040.083 01038.650 01037.701 01036.317 01034.187 01032.029 01029.729 01027.125 01023.275 01019.834 01016.917 01012.877 01008.078 01002.459 -9999.0 -9999.0
-9999.0 -9999.0 -9999.0 -9999.0 -9999.0 -9999.0 -9999.0 -9999.0 -9999.0 -9999.0 -9999.0 -9999.0 -9999.0 -9999.0 -9999.0 -9999.0 -9999.0 01003.017 01006.761 01010.084 01013.158 01015.705 01017.938 01019.679 01020.585 01024.505 01026.362 01028.153 01029.875 01031.302 01032.676 01033.978 01035.279 01036.428 01037.349 01037.917 01038.364 01038.776 01039.170 01039.829 01040.363 01040.326 01039.555 01038.881 01038.390 01037.790 01036.963 01035.530 01033.851 01032.152 01030.056 01027.846 01025.406 01020.683 01019.198 01015.833 01011.927 01007.236 00999.628 -9999.0 -9999.0 -9999.0
-9999.0 -9999.0 -9999.0 -9999.0 -9999.0 -9999.0 -9999.0 -9999.0 -9999.0 -9999.0 -9999.0 -9999.0 -9999.0 -9999.0 -9999.0 -9999.0 -9999.0 -9999.0 01003.037 01006.728 01009.650 01012.356 01014.826 01017.060 01019.154 01020.112 01021.271 01025.160 01026.747 01028.189 01029.564 01030.848 01032.081 01033.082 01034.044 01034.948 01035.681 01036.337 01036.847 01037.221 01037.444 01037.240 01036.707 01036.024 01035.150 01034.031 01032.832 01031.370 01029.707 01027.944 01025.745 01021.492 01019.857 01017.824 01014.388 01010.508 01006.046 -9999.0 -9999.0 -9999.0 -9999.0 -9999.0
-9999.0 -9999.0 -9999.0 -9999.0 -9999.0 -9999.0 -9999.0 -9999.0 -9999.0 -9999.0 -9999.0 -9999.0 -9999.0 -9999.0 -9999.0 -9999.0 -9999.0 -9999.0 -9999.0 01002.473 01005.675 01008.642 01011.329 01013.752 01015.939 01017.917 01019.560 01020.315 01021.538 01024.915 01026.292 01027.647 01028.720 01029.732 01030.709 01031.449 01032.175 01032.713 01033.158 01033.525 01033.712 01033.245 01032.682 01031.947 01031.075 01029.928 01028.680 01027.132 01025.360 01021.696 01020.005 01018.422 01015.758 01012.763 01008.814 01004.281 -9999.0 -9999.0 -9999.0 -9999.0 -9999.0 -9999.0
