examples/flatland/Outputs/centerIgnit/b_RAWS/singleWinds/flatland_centerIgnit_3mph60deg7hr_RAWS/flatland_centerIgnit_3mph60deg7hr_RAWS_ReactionIntensity.asc
NCOLS 100
NROWS 100
XLLCORNER 20000.000000
YLLCORNER 20000.000000
CELLSIZE 30.000000
NODATA_VALUE -9999.0
[rows 27 to 53 of 100, columns 0 to 61 of 100]
-9999.0 -9999.0 -9999.0 -9999.0 -9999.0 -9999.0 -9999.0 -9999.0 -9999.0 -9999.0 -9999.0 -9999.0 -9999.0 -9999.0 -9999.0 -9999.0 -9999.0 -9999.0 -9999.0 -9999.0 -9999.0 -9999.0 -9999.0 -9999.0 -9999.0 00152.657 00153.211 00153.719 00154.155 00154.559 00154.891 00155.034 00155.612 00155.933 00156.211 00156.455 00156.694 00156.891 00157.075 00157.237 00157.385 00157.429 00157.380 00157.311 00157.211 00157.053 00156.877 00156.641 00156.388 00156.060 00155.683 00155.011 00154.769 00154.184 00153.495 00152.687 -9999.0 -9999.0 -9999.0 -9999.0 -9999.0 -9999.0
-9999.0 -9999.0 -9999.0 -9999.0 -9999.0 -9999.0 -9999.0 -9999.0 -9999.0 -9999.0 -9999.0 -9999.0 -9999.0 -9999.0 -9999.0 -9999.0 -9999.0 -9999.0 -9999.0 -9999.0 -9999.0 -9999.0 -9999.0 00152.402 00153.052 00153.630 00154.096 00154.524 00154.887 00155.054 00155.725 00156.083 00156.381 00156.671 00156.952 00157.212 00157.455 00157.639 00157.752 00157.857 00158.085 00158.271 00158.202 00158.119 00157.986 00157.816 00157.720 00157.583 00157.338 00157.014 00156.662 00156.270 00155.848 00155.023 00154.649 00153.984 00153.175 00152.021 -9999.0 -9999.0 -9999.0 -9999.0
-9999.0 -9999.0 -9999.0 -9999.0 -9999.0 -9999.0 -9999.0 -9999.0 -9999.0 -9999.0 -9999.0 -9999.0 -9999.0 -9999.0 -9999.0 -9999.0 -9999.0 -9999.0 -9999.0 -9999.0 -9999.0 -9999.0 00152.684 00153.313 00153.873 00154.376 00154.833 00155.030 00155.689 00156.064 00156.417 00156.755 00157.087 00157.385 00157.632 00157.794 00158.082 00158.384 00158.603 00158.801 00158.981 00159.153 00159.173 00159.118 00159.020 00158.870 00158.701 00158.466 00158.189 00157.797 00157.591 00157.213 00156.786 00156.268 00155.712 00154.935 00154.362 00153.571 00152.577 -9999.0 -9999.0 -9999.0
-9999.0 -9999.0 -9999.0 -9999.0 -9999.0 -9999.0 -9999.0 -9999.0 -9999.0 -9999.0 -9999.0 -9999.0 -9999.0 -9999.0 -9999.0 -9999.0 -9999.0 -9999.0 -9999.0 -9999.0 00152.038 00152.900 00153.531 00154.086 00154.576 00154.935 00155.336 00155.957 00156.364 00156.717 00157.065 00157.415 00157.677 00157.902 00158.318 00158.603 00158.895 00159.167 00159.441 00159.689 00159.922 00160.136 00160.294 00160.217 00160.109 00159.946 00159.750 00159.476 00159.194 00158.837 00158.472 00157.999 00157.646 00157.176 00156.645 00156.054 00155.075 00154.675 00153.786 00152.680 -9999.0 -9999.0
-9999.0 -9999.0 -9999.0 -9999.0 -9999.0 -9999.0 -9999.0 -9999.0 -9999.0 -9999.0 -9999.0 -9999.0 -9999.0 -9999.0 -9999.0 -9999.0 -9999.0 -9999.0 -9999.0 00152.332 00153.048 00153.683 00154.234 00154.732 00155.011 00155.711 00156.142 00156.550 00156.946 00157.345 00157.654 00157.864 00158.342 00158.676 00159.031 00159.367 00159.702 00160.057 00160.377 00160.616 00160.803 00161.007 00161.216 00161.216 00161.117 00160.977 00160.805 00160.596 00160.346 00159.913 00159.475 00159.044 00158.539 00157.898 00157.532 00156.945 00156.341 00155.639 00154.763 00153.853 00152.724 -9999.0
-9999.0 -9999.0 -9999.0 -9999.0 -9999.0 -9999.0 -9999.0 -9999.0 -9999.0 -9999.0 -9999.0 -9999.0 -9999.0 -9999.0 -9999.0 -9999.0 -9999.0 -9999.0 00152.427 00153.140 00153.774 00154.337 00154.839 00155.062 00155.839 00156.284 00156.712 00157.113 00157.520 00157.774 00158.233 00158.633 00158.999 00159.384 00159.782 00160.213 00160.562 00160.824 00161.159 00161.457 00161.740 00161.970 00162.203 00162.354 00162.238 00162.112 00161.915 00161.657 00161.368 00160.951 00160.590 00160.158 00159.518 00158.931 00158.348 00157.720 00157.221 00156.475 00155.694 00154.800 00153.858 00152.684
-9999.0 -9999.0 -9999.0 -9999.0 -9999.0 -9999.0 -9999.0 -9999.0 -9999.0 -9999.0 -9999.0 -9999.0 -9999.0 -9999.0 -9999.0 -9999.0 -9999.0 00152.367 00153.137 00153.813 00154.406 00154.881 00155.132 00155.927 00156.380 00156.817 00157.239 00157.627 00157.899 00158.419 00158.824 00159.251 00159.720 00160.171 00160.566 00160.887 00161.301 00161.677 00162.016 00162.377 00162.695 00163.005 00163.277 00163.563 00163.496 00163.360 00163.139 00162.854 00162.526 00162.091 00161.643 00161.144 00160.591 00159.959 00159.263 00158.635 00157.827 00157.265 00156.513 00155.706 00154.779 00153.784
-9999.0 -9999.0 -9999.0 -9999.0 -9999.0 -9999.0 -9999.0 -9999.0 -9999.0 -9999.0 -9999.0 -9999.0 -9999.0 -9999.0 -9999.0 -9999.0 00152.256 00153.046 00153.734 00154.343 00154.871 00155.178 00155.984 00156.450 00156.889 00157.323 00157.682 00158.055 00158.547 00158.985 00159.447 00159.928 00160.440 00160.812 00161.257 00161.674 00162.091 00162.517 00162.950 00163.345 00163.756 00163.892 00163.916 00164.429 00164.525 00164.419 00163.922 00163.899 00163.849 00163.345 00162.831 00162.244 00161.603 00160.923 00160.345 00159.562 00158.732 00157.858 00157.282 00156.500 00155.649 00154.684
-9999.0 -9999.0 -9999.0 -9999.0 -9999.0 -9999.0 -9999.0 -9999.0 -9999.0 -9999.0 -9999.0 -9999.0 -9999.0 -9999.0 -9999.0 -9999.0 00152.915 00153.626 00154.254 00154.813 00155.073 00155.917 00156.410 00156.886 00157.361 00157.723 00158.159 00158.631 00159.088 00159.579 00160.101 00160.586 00160.996 00161.485 00161.959 00162.468 00162.937 00163.421 00163.877 00163.913 00164.481 00164.759 00165.002 00165.230 00165.454 00165.364 00165.219 00165.019 00164.773 00164.421 00163.897 00163.468 00162.735 00161.987 00161.294 00160.518 00159.608 00158.753 00157.847 00157.233 00156.416 00155.405
-9999.0 -9999.0 -9999.0 -9999.0 -9999.0 -9999.0 -9999.0 -9999.0 -9999.0 -9999.0 -9999.0 -9999.0 -9999.0 -9999.0 -9999.0 00152.729 00153.472 00154.127 00154.708 00155.032 00155.833 00156.335 00156.817 00157.296 00157.690 00158.133 00158.654 00159.158 00159.668 00160.213 00160.676 00161.141 00161.650 00162.165 00162.686 00163.232 00163.815 00163.911 00164.525 00164.860 00165.203 00165.502 00165.796 00166.061 00166.313 00166.400 00166.229 00166.024 00165.760 00165.373 00164.996 00164.470 00163.883 00163.148 00162.284 00161.367 00160.540 00159.608 00158.710 00157.800 00157.145 00156.326
-9999.0 -9999.0 -9999.0 -9999.0 -9999.0 -9999.0 -9999.0 -9999.0 -9999.0 -9999.0 -9999.0 -9999.0 -9999.0 -9999.0 00152.503 00153.288 00153.977 00154.578 00154.976 00155.717 00156.233 00156.723 00157.208 00157.644 00158.025 00158.581 00159.081 00159.626 00160.221 00160.723 00161.238 00161.755 00162.291 00162.852 00163.442 00163.888 00164.330 00164.770 00165.183 00165.541 00165.907 00166.283 00166.607 00166.905 00166.930 00167.024 00166.939 00166.920 00166.822 00166.401 00165.960 00165.386 00164.805 00163.917 00163.338 00162.312 00161.373 00160.504 00159.513 00158.624 00157.749 00157.053
-9999.0 -9999.0 -9999.0 -9999.0 -9999.0 -9999.0 -9999.0 -9999.0 -9999.0 -9999.0 -9999.0 -9999.0 -9999.0 00152.235 00153.054 00153.769 00154.400 00154.906 00155.453 00156.104 00156.609 00157.094 00157.580 00157.877 00158.486 00158.986 00159.530 00160.118 00160.649 00161.163 00161.741 00162.330 00162.964 00163.582 00163.899 00164.497 00164.920 00165.347 00165.779 00166.226 00166.643 00166.915 00166.949 00167.211 00167.327 00167.443 00167.458 00167.368 00167.266 00167.005 00166.910 00166.362 00165.733 00165.022 00163.919 00163.345 00162.269 00161.280 00160.420 00159.408 00158.534 00157.689
-9999.0 -9999.0 -9999.0 -9999.0 -9999.0 -9999.0 -9999.0 -9999.0 -9999.0 -9999.0 -9999.0 -9999.0 -9999.0 00152.778 00153.533 00154.196 00154.782 00155.069 00155.933 00156.446 00156.943 00157.440 00157.783 00158.364 00158.864 00159.399 00159.983 00160.559 00161.053 00161.638 00162.225 00162.851 00163.522 00163.900 00164.563 00165.026 00165.468 00165.924 00166.392 00166.865 00166.941 00167.222 00167.364 00167.509 00167.636 00167.759 00167.886 00167.774 00167.667 00167.510 00167.309 00166.946 00166.705 00165.832 00165.021 00163.916 00163.241 00162.158 00161.171 00160.303 00159.285 00158.402
-9999.0 -9999.0 -9999.0 -9999.0 -9999.0 -9999.0 -9999.0 -9999.0 -9999.0 -9999.0 -9999.0 -9999.0 00152.489 00153.280 00153.973 00154.585 00154.985 00155.749 00156.275 00156.776 00157.273 00157.689 00158.165 00158.695 00159.223 00159.801 00160.436 00160.903 00161.507 00162.090 00162.715 00163.384 00163.890 00164.476 00164.956 00165.455 00165.977 00166.518 00166.912 00167.010 00167.291 00167.464 00167.638 00167.791 00167.938 00168.080 00168.354 00168.320 00168.078 00167.919 00167.693 00167.458 00167.149 00166.698 00165.808 00164.952 00163.906 00163.116 00162.044 00161.043 00160.133 00159.117
-9999.0 -9999.0 -9999.0 -9999.0 -9999.0 -9999.0 -9999.0 -9999.0 -9999.0 -9999.0 -9999.0 00151.809 00153.006 00153.737 00154.381 00154.899 00155.422 00156.096 00156.604 00157.099 00157.591 00157.919 00158.527 00159.042 00159.606 00160.225 00160.743 00161.312 00161.900 00162.524 00163.194 00163.877 00164.304 00164.847 00165.346 00165.865 00166.404 00166.908 00167.051 00167.328 00167.518 00167.699 00167.879 00168.059 00168.385 00168.898 00169.694 00170.330 00169.505 00168.725 00168.087 00167.810 00167.473 00167.119 00166.624 00165.714 00164.860 00163.896 00162.977 00161.880 00160.858 00159.904
-9999.0 -9999.0 -9999.0 -9999.0 -9999.0 -9999.0 -9999.0 -9999.0 -9999.0 -9999.0 -9999.0 00152.658 00153.440 00154.121 00154.723 00155.047 00155.890 00156.415 00156.919 00157.425 00157.776 00158.354 00158.856 00159.404 00160.005 00160.585 00161.102 00161.700 00162.311 00162.968 00163.673 00163.914 00164.699 00165.202 00165.727 00166.272 00166.835 00166.946 00167.282 00167.488 00167.696 00167.908 00168.122 00168.647 00169.463 00170.319 00171.075 00171.899 00171.566 00170.593 00169.475 00168.144 00167.798 00167.448 00166.971 00166.522 00165.619 00164.758 00163.882 00162.774 00161.638 00160.578
-9999.0 -9999.0 -9999.0 -9999.0 -9999.0 -9999.0 -9999.0 -9999.0 -9999.0 -9999.0 00152.283 00153.111 00153.833 00154.469 00154.940 00155.660 00156.199 00156.710 00157.215 00157.659 00158.099 00158.657 00159.190 00159.774 00160.418 00160.889 00161.496 00162.094 00162.736 00163.426 00163.895 00164.529 00165.028 00165.547 00166.086 00166.647 00166.931 00167.223 00167.433 00167.645 00167.858 00168.072 00168.589 00169.561 00170.572 00171.468 00172.338 00173.243 00173.823 00172.494 00171.078 00169.418 00168.116 00167.759 00167.409 00166.943 00166.405 00165.481 00164.614 00163.635 00162.331 00161.170
-9999.0 -9999.0 -9999.0 -9999.0 -9999.0 -9999.0 -9999.0 -9999.0 -9999.0 -9999.0 00152.719 00153.505 00154.193 00154.794 00155.078 00155.962 00156.485 00156.991 00157.500 00157.823 00158.444 00158.962 00159.528 00160.151 00160.696 00161.256 00161.855 00162.485 00163.163 00163.875 00164.227 00164.851 00165.364 00165.897 00166.451 00166.914 00167.151 00167.360 00167.571 00167.785 00168.002 00168.362 00169.233 00170.294 00171.308 00172.355 00173.376 00174.380 -9999.0 -9999.000 00172.643 00170.919 00169.213 00168.077 00167.720 00167.367 00166.931 00166.235 00165.201 00163.918 00163.059 00161.815
-9999.0 -9999.0 -9999.0 -9999.0 -9999.0 -9999.0 -9999.0 -9999.0 -9999.0 00152.223 00153.068 00153.806 00154.454 00154.938 00155.662 00156.210 00156.730 00157.244 00157.682 00158.171 00158.717 00159.266 00159.865 00160.493 00160.992 00161.604 00162.220 00162.881 00163.590 00163.908 00164.654 00165.164 00165.695 00166.247 00166.821 00166.947 00167.288 00167.499 00167.712 00167.927 00168.146 00168.853 00169.952 00170.947 00171.985 00173.029 00174.032 -9999.000 -9999.0 -9999.0 -9999.000 00172.451 00170.734 00169.008 00168.035 00167.670 00167.288 00166.861 00165.782 00164.781 00163.793 00162.389
-9999.0 -9999.0 -9999.0 -9999.0 -9999.0 -9999.0 -9999.0 -9999.0 -9999.0 00152.571 00153.375 00154.077 00154.696 00155.040 00155.888 00156.423 00156.938 00157.454 00157.802 00158.415 00158.939 00159.513 00160.146 00160.702 00161.278 00161.889 00162.535 00163.235 00163.882 00164.436 00164.949 00165.473 00166.017 00166.585 00166.926 00167.206 00167.419 00167.633 00167.851 00168.071 00168.596 00169.588 00170.600 00171.621 00172.687 00173.679 -9999.000 -9999.0 -9999.0 -9999.0 -9999.0 -9999.000 00172.259 00170.551 00168.801 00167.936 00167.520 00167.016 00166.337 00165.237 00163.915 00162.952
-9999.0 -9999.0 -9999.0 -9999.0 -9999.0 -9999.0 -9999.0 -9999.0 -9999.0 00152.887 00153.654 00154.324 00154.883 00155.375 00156.097 00156.622 00157.135 00157.621 00158.020 00158.614 00159.156 00159.750 00160.406 00160.897 00161.524 00162.146 00162.815 00163.534 00163.905 00164.638 00165.159 00165.701 00166.266 00166.852 00166.951 00167.314 00167.532 00167.753 00167.979 00168.303 00169.159 00170.244 00171.262 00172.325 00173.346 00174.353 -9999.0 -9999.0 -9999.0 -9999.0 -9999.0 -9999.0 -9999.000 00172.030 00170.031 00168.204 00167.731 00167.297 00166.822 00165.672 00164.597 00163.452
-9999.0 -9999.0 -9999.0 -9999.0 -9999.0 -9999.0 -9999.0 -9999.0 00152.339 00153.174 00153.902 00154.542 00154.976 00155.747 00156.291 00156.810 00157.325 00157.729 00158.289 00158.805 00159.368 00159.988 00160.590 00161.130 00161.748 00162.386 00163.073 00163.810 00163.926 00164.828 00165.358 00165.912 00166.487 00166.919 00167.180 00167.397 00167.617 00167.839 00168.065 00168.605 00169.638 00170.679 00171.746 00172.878 00173.955 -9999.000 -9999.0 -9999.0 -9999.0 -9999.0 -9999.0 -9999.0 -9999.000 00173.267 00171.104 00168.873 00167.914 00167.463 00166.931 00166.035 00164.917 00163.876
-9999.0 -9999.0 -9999.0 -9999.0 -9999.0 -9999.0 -9999.0 -9999.0 00152.582 00153.387 00154.089 00154.708 00155.046 00155.903 00156.439 00156.955 00157.472 00157.813 00158.435 00158.963 00159.540 00160.177 00160.725 00161.308 00161.919 00162.570 00163.274 00163.885 00164.462 00164.977 00165.514 00166.072 00166.654 00166.933 00167.241 00167.459 00167.679 00167.902 00168.128 00168.826 00169.975 00171.059 00172.195 00173.301 00174.178 -9999.000 -9999.0 -9999.0 -9999.0 -9999.0 -9999.0 -9999.0 -9999.0 00173.571 00171.564 00169.530 00168.051 00167.600 00167.160 00166.391 00165.223 00163.907
-9999.0 -9999.0 -9999.0 -9999.0 -9999.0 -9999.0 -9999.0 -9999.0 00152.802 00153.579 00154.258 00154.857 00155.218 00156.041 00156.568 00157.081 00157.590 00157.942 00158.561 00159.098 00159.687 00160.338 00160.840 00161.460 00162.077 00162.742 00163.458 00163.899 00164.587 00165.103 00165.640 00166.198 00166.779 00166.944 00167.285 00167.502 00167.723 00167.948 00168.227 00169.108 00170.115 00170.987 00171.887 00172.801 00173.623 00174.400 -9999.000 -9999.0 -9999.0 -9999.0 -9999.0 -9999.0 -9999.000 00172.802 00170.884 00168.892 00167.948 00167.521 00166.950 00166.278 00165.177 00163.907
-9999.0 -9999.0 -9999.0 -9999.0 -9999.0 -9999.0 -9999.0 00151.604 00153.001 00153.748 00154.404 00154.917 00155.578 00156.168 00156.690 00157.204 00157.658 00158.107 00158.671 00159.213 00159.808 00160.456 00160.949 00161.569 00162.190 00162.858 00163.575 00163.908 00164.660 00165.177 00165.716 00166.278 00166.861 00166.955 00167.317 00167.536 00167.744 00167.939 00168.137 00168.752 00169.689 00170.548 00171.425 00172.275 00173.048 00173.789 00161.518 -9999.0 -9999.0 -9999.0 -9999.0 -9999.000 00173.382 00171.860 00170.228 00168.461 00167.846 00167.436 00166.934 00166.122 00165.060 00163.896
-9999.0 -9999.0 -9999.0 -9999.0 -9999.0 -9999.0 -9999.0 00152.316 00153.148 00153.874 00154.512 00154.961 00155.711 00156.253 00156.768 00157.280 00157.701 00158.214 00158.744 00159.295 00159.903 00160.525 00161.040 00161.653 00162.273 00162.942 00163.660 00163.914 00164.713 00165.232 00165.772 00166.340 00166.896 00166.950 00167.287 00167.481 00167.672 00167.866 00168.061 00168.459 00169.210 00170.118 00170.869 00171.636 00172.434 00173.195 00173.947 -9999.000 -9999.0 -9999.0 -9999.0 00173.883 00172.395 00170.859 00169.318 00168.103 00167.713 00167.332 00166.911 00165.913 00164.894 00163.880
-9999.0 -9999.0 -9999.0 -9999.0 -9999.0 -9999.0 -9999.0 00152.443 00153.259 00153.971 00154.598 00154.997 00155.791 00156.328 00156.842 00157.352 00157.739 00158.298 00158.806 00159.359 00159.968 00160.567 00161.090 00161.705 00162.329 00162.997 00163.721 00163.919 00164.742 00165.219 00165.713 00166.216 00166.739 00166.935 00167.222 00167.410 00167.599 00167.785 00167.968 00168.155 00168.720 00169.501 00170.276 00171.026 00171.798 00172.600 00173.348 00174.105 -9999.000 -9999.0 -9999.000 00172.912 00171.369 00169.893 00168.457 00167.917 00167.568 00167.191 00166.683 00165.651 00164.667 00163.686
