examples/flatland/Outputs/centerIgnit/b_RAWS/singleWinds/flatland_centerIgnit_3mph60deg7hr_RAWS/flatland_centerIgnit_3mph60deg7hr_RAWS_Intensity.asc
NCOLS 100
NROWS 100
XLLCORNER 20000.000000
YLLCORNER 20000.000000
CELLSIZE 30.000000
NODATA_VALUE -9999.0
[rows 27 to 53 of 100, columns 0 to 61 of 100]
-9999.0 -9999.0 -9999.0 -9999.0 -9999.0 -9999.0 -9999.0 -9999.0 -9999.0 -9999.0 -9999.0 -9999.0 -9999.0 -9999.0 -9999.0 -9999.0 -9999.0 -9999.0 -9999.0 -9999.0 -9999.0 -9999.0 -9999.0 -9999.0 -9999.0 00027.732 00027.761 00027.882 00027.949 00027.995 00027.979 00027.749 00027.799 00027.704 00027.597 00027.496 00027.375 00027.154 00026.920 00026.687 00025.884 00025.081 00024.487 00024.064 00023.655 00023.308 00022.943 00022.507 00022.067 00021.655 00021.258 00020.771 00020.393 00019.958 00019.535 00019.114 -9999.0 -9999.0 -9999.0 -9999.0 -9999.0 -9999.0
-9999.0 -9999.0 -9999.0 -9999.0 -9999.0 -9999.0 -9999.0 -9999.0 -9999.0 -9999.0 -9999.0 -9999.0 -9999.0 -9999.0 -9999.0 -9999.0 -9999.0 -9999.0 -9999.0 -9999.0 -9999.0 -9999.0 -9999.0 00028.515 00028.696 00028.840 00028.705 00028.582 00028.647 00028.561 00028.827 00028.828 00028.689 00028.535 00028.403 00028.275 00028.153 00027.956 00027.640 00027.364 00026.863 00025.769 00025.208 00024.663 00024.176 00023.793 00023.462 00023.061 00022.595 00022.165 00021.759 00021.359 00020.950 00020.303 00019.986 00019.590 00019.165 00018.631 -9999.0 -9999.0 -9999.0 -9999.0
-9999.0 -9999.0 -9999.0 -9999.0 -9999.0 -9999.0 -9999.0 -9999.0 -9999.0 -9999.0 -9999.0 -9999.0 -9999.0 -9999.0 -9999.0 -9999.0 -9999.0 -9999.0 -9999.0 -9999.0 -9999.0 -9999.0 00029.159 00029.342 00029.493 00029.616 00029.714 00029.488 00029.615 00029.627 00029.627 00029.621 00029.603 00029.446 00029.228 00028.984 00028.855 00028.745 00028.505 00028.145 00027.613 00027.023 00026.222 00025.337 00024.841 00024.430 00024.049 00023.572 00023.063 00022.585 00022.249 00021.840 00021.386 00020.850 00020.445 00019.964 00019.601 00019.163 00018.672 -9999.0 -9999.0 -9999.0
-9999.0 -9999.0 -9999.0 -9999.0 -9999.0 -9999.0 -9999.0 -9999.0 -9999.0 -9999.0 -9999.0 -9999.0 -9999.0 -9999.0 -9999.0 -9999.0 -9999.0 -9999.0 -9999.0 -9999.0 00029.387 00029.740 00029.973 00030.151 00030.279 00030.316 00030.363 00030.480 00030.471 00030.474 00030.461 00030.441 00030.364 00030.247 00030.149 00029.908 00029.721 00029.549 00029.381 00029.089 00028.683 00028.024 00027.250 00026.167 00025.502 00025.054 00024.643 00024.131 00023.590 00023.126 00022.698 00022.233 00021.778 00021.283 00020.881 00020.463 00019.863 00019.567 00019.051 00018.526 -9999.0 -9999.0
-9999.0 -9999.0 -9999.0 -9999.0 -9999.0 -9999.0 -9999.0 -9999.0 -9999.0 -9999.0 -9999.0 -9999.0 -9999.0 -9999.0 -9999.0 -9999.0 -9999.0 -9999.0 -9999.0 00030.010 00030.276 00030.508 00030.714 00030.894 00030.921 00031.240 00031.358 00031.434 00031.420 00031.379 00031.303 00031.163 00031.203 00031.151 00031.097 00030.904 00030.636 00030.448 00030.272 00030.045 00029.656 00029.075 00028.253 00027.038 00026.082 00025.612 00025.128 00024.705 00024.159 00023.652 00023.173 00022.739 00022.154 00021.622 00021.309 00020.867 00020.422 00019.920 00019.360 00018.943 00018.476 -9999.0
-9999.0 -9999.0 -9999.0 -9999.0 -9999.0 -9999.0 -9999.0 -9999.0 -9999.0 -9999.0 -9999.0 -9999.0 -9999.0 -9999.0 -9999.0 -9999.0 -9999.0 -9999.0 00030.735 00030.982 00031.186 00031.256 00031.441 00031.439 00031.861 00032.035 00032.193 00032.300 00032.400 00032.284 00032.253 00032.161 00032.102 00032.032 00031.979 00031.939 00031.686 00031.407 00031.246 00030.952 00030.610 00030.247 00029.284 00027.932 00026.864 00026.274 00025.700 00025.211 00024.748 00024.177 00023.648 00023.115 00022.565 00022.104 00021.692 00021.180 00020.726 00020.214 00019.757 00019.310 00018.881 00018.406
-9999.0 -9999.0 -9999.0 -9999.0 -9999.0 -9999.0 -9999.0 -9999.0 -9999.0 -9999.0 -9999.0 -9999.0 -9999.0 -9999.0 -9999.0 -9999.0 -9999.0 00031.814 00031.962 00032.173 00032.382 00032.381 00032.183 00032.407 00032.611 00032.819 00032.997 00033.127 00033.110 00033.285 00033.353 00033.241 00033.102 00033.035 00032.930 00032.730 00032.530 00032.322 00032.138 00031.944 00031.594 00031.248 00030.818 00029.178 00028.018 00027.025 00026.350 00025.785 00025.281 00024.672 00024.075 00023.515 00023.060 00022.586 00022.090 00021.532 00020.982 00020.605 00020.134 00019.694 00019.237 00018.800
-9999.0 -9999.0 -9999.0 -9999.0 -9999.0 -9999.0 -9999.0 -9999.0 -9999.0 -9999.0 -9999.0 -9999.0 -9999.0 -9999.0 -9999.0 -9999.0 00032.052 00032.452 00032.717 00032.993 00033.221 00033.284 00033.753 00033.786 00033.664 00033.687 00033.893 00033.906 00034.060 00034.152 00034.247 00034.349 00034.371 00034.093 00033.891 00033.823 00033.589 00033.344 00033.111 00032.917 00032.707 00032.126 00031.274 00030.423 00029.170 00027.727 00026.769 00026.281 00025.871 00025.197 00024.533 00023.938 00023.414 00022.967 00022.470 00021.864 00021.369 00020.844 00020.499 00020.055 00019.609 00019.157
-9999.0 -9999.0 -9999.0 -9999.0 -9999.0 -9999.0 -9999.0 -9999.0 -9999.0 -9999.0 -9999.0 -9999.0 -9999.0 -9999.0 -9999.0 -9999.0 00032.781 00033.150 00033.481 00033.783 00033.862 00034.394 00034.641 00034.870 00034.922 00034.795 00034.890 00034.982 00035.023 00035.062 00035.187 00035.266 00035.289 00035.329 00035.163 00035.163 00034.872 00034.521 00034.234 00033.707 00033.571 00033.229 00032.731 00031.740 00030.350 00028.481 00027.374 00026.791 00026.272 00025.624 00024.905 00024.391 00023.820 00023.287 00022.781 00022.228 00021.712 00021.245 00020.747 00020.404 00019.968 00019.475
-9999.0 -9999.0 -9999.0 -9999.0 -9999.0 -9999.0 -9999.0 -9999.0 -9999.0 -9999.0 -9999.0 -9999.0 -9999.0 -9999.0 -9999.0 00033.038 00033.456 00033.833 00034.177 00034.332 00034.881 00035.195 00035.500 00035.808 00035.905 00035.992 00036.090 00036.105 00036.165 00036.235 00036.202 00036.148 00036.183 00036.140 00036.164 00036.185 00036.199 00035.732 00035.362 00034.903 00034.667 00034.257 00033.756 00033.405 00031.382 00029.316 00028.143 00027.276 00026.545 00025.954 00025.303 00024.728 00024.216 00023.682 00023.110 00022.539 00022.078 00021.603 00021.147 00020.674 00020.335 00019.916
-9999.0 -9999.0 -9999.0 -9999.0 -9999.0 -9999.0 -9999.0 -9999.0 -9999.0 -9999.0 -9999.0 -9999.0 -9999.0 -9999.0 00033.248 00033.705 00034.121 00034.491 00034.714 00035.236 00035.589 00035.928 00036.261 00036.539 00036.755 00037.123 00037.435 00037.566 00037.624 00037.519 00037.409 00037.572 00037.447 00037.213 00037.246 00037.189 00037.117 00037.047 00036.582 00036.162 00035.809 00035.413 00034.877 00034.111 00032.586 00030.929 00029.113 00027.709 00026.978 00026.336 00025.712 00025.032 00024.493 00023.885 00023.413 00022.842 00022.392 00021.977 00021.503 00021.078 00020.641 00020.267
-9999.0 -9999.0 -9999.0 -9999.0 -9999.0 -9999.0 -9999.0 -9999.0 -9999.0 -9999.0 -9999.0 -9999.0 -9999.0 00033.390 00033.890 00034.329 00034.730 00035.053 00035.432 00035.918 00036.292 00036.644 00036.990 00037.151 00037.576 00037.881 00038.202 00038.562 00038.877 00039.181 00039.051 00039.135 00039.315 00039.110 00038.545 00038.280 00038.398 00038.113 00037.778 00037.393 00037.004 00036.531 00035.872 00035.315 00034.410 00032.310 00029.812 00027.789 00027.150 00026.522 00025.986 00025.283 00024.668 00024.171 00023.504 00023.219 00022.734 00022.288 00021.910 00021.449 00021.013 00020.572
-9999.0 -9999.0 -9999.0 -9999.0 -9999.0 -9999.0 -9999.0 -9999.0 -9999.0 -9999.0 -9999.0 -9999.0 -9999.0 00033.884 00034.387 00034.844 00035.266 00035.463 00036.174 00036.565 00036.948 00037.330 00037.560 00037.995 00038.337 00038.677 00039.034 00039.361 00039.603 00039.866 00040.052 00040.274 00040.500 00040.488 00040.444 00039.991 00039.791 00039.540 00039.230 00038.859 00038.184 00037.586 00036.961 00036.297 00035.324 00033.168 00031.226 00029.140 00027.336 00026.543 00026.002 00025.334 00024.849 00024.376 00023.897 00023.412 00023.105 00022.655 00022.235 00021.836 00021.351 00020.906
-9999.0 -9999.0 -9999.0 -9999.0 -9999.0 -9999.0 -9999.0 -9999.0 -9999.0 -9999.0 -9999.0 -9999.0 00033.904 00034.394 00034.842 00035.255 00035.538 00036.170 00036.625 00037.071 00037.506 00037.863 00038.271 00038.684 00039.054 00039.445 00039.861 00040.123 00040.475 00040.762 00041.065 00041.384 00041.567 00041.780 00041.703 00041.598 00041.418 00041.136 00040.806 00040.209 00039.656 00038.913 00038.171 00037.497 00036.836 00035.265 00032.863 00029.797 00027.317 00026.547 00025.912 00025.341 00024.925 00024.619 00024.179 00023.791 00023.371 00023.049 00022.584 00022.138 00021.716 00021.208
-9999.0 -9999.0 -9999.0 -9999.0 -9999.0 -9999.0 -9999.0 -9999.0 -9999.0 -9999.0 -9999.0 00033.757 00034.500 00034.977 00035.400 00035.761 00036.149 00036.688 00037.100 00037.506 00037.906 00038.191 00038.727 00039.168 00039.627 00040.112 00040.503 00040.912 00041.263 00041.624 00042.004 00042.377 00042.543 00042.764 00042.951 00043.156 00043.383 00043.202 00042.622 00042.502 00041.959 00040.909 00039.985 00039.339 00038.495 00037.896 00034.851 00032.190 00028.680 00026.734 00025.867 00025.343 00024.968 00024.695 00024.449 00024.090 00023.751 00023.339 00022.933 00022.475 00021.984 00021.524
-9999.0 -9999.0 -9999.0 -9999.0 -9999.0 -9999.0 -9999.0 -9999.0 -9999.0 -9999.0 -9999.0 00034.574 00035.120 00035.590 00036.005 00036.209 00036.882 00037.297 00037.704 00038.112 00038.382 00038.855 00039.241 00039.650 00040.085 00040.501 00040.899 00041.353 00041.811 00042.280 00042.780 00042.933 00043.415 00043.646 00043.877 00044.109 00044.339 00044.256 00044.046 00043.745 00043.550 00042.811 00042.140 00041.566 00040.941 00040.281 00038.400 00034.985 00030.029 00027.201 00026.123 00025.285 00024.952 00024.770 00024.583 00024.406 00024.027 00023.650 00023.264 00022.782 00022.271 00021.809
-9999.0 -9999.0 -9999.0 -9999.0 -9999.0 -9999.0 -9999.0 -9999.0 -9999.0 -9999.0 00034.718 00035.195 00035.789 00036.227 00036.551 00037.111 00037.539 00037.954 00038.365 00038.721 00039.062 00039.499 00039.896 00040.321 00040.780 00041.089 00041.497 00041.885 00042.294 00042.725 00043.034 00043.487 00043.841 00044.203 00044.572 00044.958 00045.112 00045.151 00045.057 00045.004 00044.911 00044.600 00044.414 00044.404 00044.183 00043.725 00041.876 00038.480 00032.880 00028.277 00026.494 00025.565 00025.031 00024.889 00024.753 00024.550 00024.295 00023.891 00023.516 00023.099 00022.547 00022.057
-9999.0 -9999.0 -9999.0 -9999.0 -9999.0 -9999.0 -9999.0 -9999.0 -9999.0 -9999.0 00035.691 00036.066 00036.457 00036.875 00037.063 00037.799 00038.234 00038.661 00039.233 00039.482 00039.968 00040.331 00040.708 00041.101 00041.418 00041.789 00042.180 00042.587 00043.024 00043.481 00043.733 00044.109 00044.360 00044.616 00044.888 00045.213 00045.376 00045.522 00045.664 00045.812 00045.967 00046.097 00046.569 00047.246 00047.685 00047.589 00047.713 00049.000 -9999.0 -9999.000 00026.783 00026.115 00025.454 00025.013 00024.859 00024.672 00024.439 00024.122 00023.710 00023.183 00022.850 00022.348
-9999.0 -9999.0 -9999.0 -9999.0 -9999.0 -9999.0 -9999.0 -9999.0 -9999.0 00035.828 00036.402 00036.906 00037.379 00037.731 00038.321 00038.772 00039.203 00039.634 00040.050 00040.473 00040.936 00041.378 00041.821 00042.261 00042.565 00042.938 00043.283 00043.632 00043.977 00043.983 00044.720 00044.983 00045.249 00045.577 00045.804 00045.710 00045.800 00045.816 00045.841 00045.932 00046.085 00046.589 00047.371 00048.079 00048.817 00049.558 00050.275 -9999.000 -9999.0 -9999.0 -9999.000 00026.705 00026.042 00025.365 00024.934 00024.716 00024.531 00024.360 00023.936 00023.549 00023.174 00022.624
-9999.0 -9999.0 -9999.0 -9999.0 -9999.0 -9999.0 -9999.0 -9999.0 -9999.0 00036.345 00036.923 00037.458 00037.957 00038.241 00039.062 00039.569 00040.072 00040.441 00040.709 00041.273 00041.733 00042.218 00042.736 00043.168 00043.601 00044.046 00044.506 00044.993 00045.405 00045.383 00045.610 00045.905 00046.343 00046.876 00046.978 00047.002 00046.956 00046.881 00046.771 00046.616 00046.704 00047.290 00047.910 00048.563 00049.317 00050.024 -9999.000 -9999.0 -9999.0 -9999.0 -9999.0 -9999.000 00026.630 00025.909 00025.138 00024.785 00024.614 00024.414 00024.181 00023.781 00023.276 00022.904
-9999.0 -9999.0 -9999.0 -9999.0 -9999.0 -9999.0 -9999.0 -9999.0 -9999.0 00036.819 00037.384 00037.907 00038.369 00038.880 00039.625 00040.134 00040.637 00041.065 00041.449 00042.016 00042.514 00043.043 00043.608 00044.013 00044.528 00045.025 00045.532 00046.070 00046.318 00046.818 00047.153 00047.488 00047.801 00048.165 00048.150 00048.316 00048.359 00048.384 00048.388 00048.422 00048.821 00049.342 00049.792 00049.963 00050.004 00050.504 -9999.0 -9999.0 -9999.0 -9999.0 -9999.0 -9999.0 -9999.000 00026.415 00025.576 00024.879 00024.718 00024.597 00024.462 00024.020 00023.628 00023.206
-9999.0 -9999.0 -9999.0 -9999.0 -9999.0 -9999.0 -9999.0 -9999.0 00036.970 00037.586 00038.155 00038.686 00039.062 00039.669 00040.200 00040.724 00041.245 00041.649 00042.209 00042.709 00043.239 00043.803 00044.335 00044.799 00045.456 00046.062 00046.626 00047.224 00047.312 00048.034 00048.450 00048.838 00049.034 00049.348 00049.528 00049.671 00049.812 00049.959 00050.177 00050.550 00051.118 00051.410 00053.512 00053.938 00053.982 -9999.000 -9999.0 -9999.0 -9999.0 -9999.0 -9999.0 -9999.0 -9999.000 00027.486 00026.522 00025.671 00025.098 00025.017 00024.836 00024.334 00023.948 00023.605
-9999.0 -9999.0 -9999.0 -9999.0 -9999.0 -9999.0 -9999.0 -9999.0 00037.532 00038.150 00038.726 00039.265 00039.575 00040.304 00040.854 00041.400 00041.954 00042.320 00042.968 00043.505 00044.076 00044.686 00045.203 00045.742 00046.342 00046.918 00047.529 00048.058 00048.556 00049.002 00049.466 00049.878 00050.352 00050.664 00050.920 00051.110 00051.244 00051.290 00052.267 00053.139 00054.292 00056.190 00057.968 00060.026 00061.420 -9999.000 -9999.0 -9999.0 -9999.0 -9999.0 -9999.0 -9999.0 -9999.0 00029.619 00027.940 00026.848 00025.879 00025.777 00025.483 00024.859 00024.617 00024.036
-9999.0 -9999.0 -9999.0 -9999.0 -9999.0 -9999.0 -9999.0 -9999.0 00038.015 00038.632 00039.207 00039.748 00040.099 00040.923 00041.517 00042.090 00042.658 00043.058 00043.727 00044.298 00044.906 00045.557 00046.062 00046.646 00047.095 00047.707 00048.359 00048.779 00049.408 00049.900 00050.407 00050.923 00051.732 00052.086 00052.456 00052.777 00053.411 00054.057 00054.861 00056.164 00057.852 00059.163 00059.695 00061.049 00062.530 00063.242 -9999.000 -9999.0 -9999.0 -9999.0 -9999.0 -9999.0 -9999.000 00031.584 00029.878 00027.978 00027.595 00026.746 00026.154 00025.842 00025.217 00024.524
-9999.0 -9999.0 -9999.0 -9999.0 -9999.0 -9999.0 -9999.0 00037.433 00038.478 00039.093 00039.670 00040.150 00040.803 00041.428 00042.154 00042.747 00043.267 00043.774 00044.392 00044.973 00045.593 00046.247 00046.748 00047.319 00047.875 00048.561 00049.249 00049.617 00050.314 00050.820 00051.298 00051.895 00053.198 00053.576 00054.151 00054.685 00056.041 00056.481 00056.439 00057.416 00058.952 00059.673 00060.526 00061.509 00062.052 00062.690 00063.324 -9999.0 -9999.0 -9999.0 -9999.0 -9999.000 00033.780 00032.239 00030.505 00028.863 00028.127 00027.517 00026.908 00026.444 00025.751 00025.018
-9999.0 -9999.0 -9999.0 -9999.0 -9999.0 -9999.0 -9999.0 00038.296 00038.970 00039.600 00040.195 00040.649 00041.429 00042.039 00042.609 00043.200 00043.695 00044.284 00044.881 00045.486 00046.133 00046.782 00047.322 00047.944 00048.666 00049.468 00050.224 00050.609 00051.460 00052.112 00053.222 00054.310 00054.595 00054.937 00055.617 00056.298 00056.831 00057.086 00057.549 00058.118 00058.832 00059.655 00060.205 00060.776 00061.483 00062.161 00062.831 -9999.000 -9999.0 -9999.0 -9999.0 00034.024 00033.305 00032.500 00030.876 00029.502 00028.711 00028.078 00027.518 00026.761 00026.105 00025.448
-9999.0 -9999.0 -9999.0 -9999.0 -9999.0 -9999.0 -9999.0 00038.794 00039.469 00040.100 00040.695 00041.108 00041.940 00042.513 00043.048 00043.660 00044.143 00044.804 00045.398 00046.024 00046.688 00047.324 00047.853 00048.457 00049.526 00050.439 00051.283 00051.698 00052.685 00053.440 00054.353 00055.019 00055.547 00056.053 00056.735 00057.016 00057.251 00057.470 00057.686 00057.899 00058.340 00058.931 00059.570 00060.229 00060.917 00061.630 00062.296 00062.972 -9999.000 -9999.0 -9999.000 00033.575 00032.810 00032.096 00031.159 00030.093 00029.283 00028.594 00027.885 00027.035 00026.374 00025.746
