examples/flatland/Outputs/centerIgnit/b_RAWS/singleWinds/flatland_centerIgnit_3mph60deg7hr_RAWS/flatland_centerIgnit_3mph60deg7hr_RAWS_ReactionIntensity.asc
NCOLS 100
NROWS 100
XLLCORNER 20000.000000
YLLCORNER 20000.000000
CELLSIZE 30.000000
NODATA_VALUE -9999.0
[rows 54 to 80 of 100, columns 0 to 61 of 100]
-9999.0 -9999.0 -9999.0 -9999.0 -9999.0 -9999.0 -9999.0 00152.562 00153.357 00154.052 00154.666 00155.024 00155.845 00156.375 00156.885 00157.393 00157.763 00158.338 00158.846 00159.400 00160.010 00160.596 00161.130 00161.742 00162.351 00162.976 00163.643 00163.908 00164.622 00165.084 00165.565 00166.066 00166.571 00166.919 00167.151 00167.331 00167.511 00167.692 00167.867 00168.033 00168.280 00168.842 00169.675 00170.428 00171.184 00171.964 00172.760 00173.504 00174.182 -9999.000 00173.398 00171.895 00170.384 00168.828 00168.036 00167.714 00167.390 00166.939 00166.296 00165.330 00164.424 00163.332
-9999.0 -9999.0 -9999.0 -9999.0 -9999.0 -9999.0 -9999.0 00152.631 00153.417 00154.106 00154.713 00155.044 00155.883 00156.407 00156.912 00157.418 00157.775 00158.359 00158.869 00159.427 00160.038 00160.588 00161.071 00161.638 00162.210 00162.823 00163.476 00163.894 00164.487 00164.945 00165.406 00165.882 00166.374 00166.868 00166.943 00167.242 00167.418 00167.579 00167.742 00167.904 00168.067 00168.395 00168.998 00169.841 00170.581 00171.343 00172.122 00172.686 00173.296 00173.100 00172.091 00170.829 00169.370 00168.144 00167.824 00167.510 00167.194 00166.832 00165.914 00164.985 00163.902 00162.963
-9999.0 -9999.0 -9999.0 -9999.0 -9999.0 -9999.0 -9999.0 00152.684 00153.458 00154.137 00154.737 00155.052 00155.904 00156.427 00156.933 00157.437 00157.785 00158.347 00158.824 00159.340 00159.902 00160.485 00160.936 00161.507 00162.062 00162.650 00163.277 00163.879 00164.031 00164.774 00165.229 00165.684 00166.146 00166.622 00166.921 00167.107 00167.297 00167.457 00167.616 00167.776 00167.938 00168.101 00168.513 00169.176 00169.978 00170.677 00171.229 00171.748 00172.341 00171.677 00170.799 00169.792 00168.449 00167.932 00167.615 00167.305 00166.927 00166.304 00165.472 00164.633 00163.745 00162.514
-9999.0 -9999.0 -9999.0 -9999.0 -9999.0 -9999.0 -9999.0 00152.710 00153.478 00154.151 00154.749 00155.057 00155.916 00156.413 00156.890 00157.368 00157.731 00158.233 00158.718 00159.220 00159.766 00160.364 00160.808 00161.350 00161.894 00162.461 00163.057 00163.691 00163.909 00164.592 00165.016 00165.453 00165.905 00166.352 00166.790 00166.932 00167.175 00167.332 00167.489 00167.648 00167.810 00167.971 00168.133 00168.606 00169.245 00169.839 00170.354 00170.773 00171.137 00170.369 00169.549 00168.627 00168.017 00167.721 00167.410 00166.965 00166.618 00165.796 00164.994 00163.916 00163.234 00162.080
-9999.0 -9999.0 -9999.0 -9999.0 -9999.0 -9999.0 -9999.0 00152.717 00153.485 00154.143 00154.709 00155.028 00155.819 00156.319 00156.798 00157.272 00157.672 00158.081 00158.611 00159.095 00159.618 00160.190 00160.683 00161.169 00161.702 00162.246 00162.827 00163.423 00163.886 00164.377 00164.794 00165.221 00165.625 00166.040 00166.465 00166.891 00166.940 00167.208 00167.364 00167.522 00167.682 00167.838 00167.994 00168.139 00168.487 00168.872 00169.326 00169.784 00169.719 00168.972 00168.399 00168.028 00167.788 00167.498 00167.205 00166.900 00166.072 00165.284 00164.533 00163.764 00162.683 00161.653
-9999.0 -9999.0 -9999.0 -9999.0 -9999.0 -9999.0 -9999.0 00152.630 00153.374 00154.024 00154.605 00154.983 00155.721 00156.219 00156.693 00157.160 00157.606 00157.903 00158.478 00158.948 00159.455 00159.991 00160.526 00160.959 00161.500 00162.009 00162.543 00163.115 00163.718 00163.909 00164.551 00164.931 00165.322 00165.725 00166.134 00166.552 00166.910 00166.948 00167.240 00167.395 00167.545 00167.700 00167.839 00167.954 00168.073 00168.160 00168.448 00168.721 00168.456 00168.114 00167.962 00167.761 00167.556 00167.278 00166.926 00166.343 00165.547 00164.790 00163.898 00163.105 00162.100 00161.167
-9999.0 -9999.0 -9999.0 -9999.0 -9999.0 -9999.0 -9999.0 00152.480 00153.239 00153.907 00154.493 00154.932 00155.534 00156.105 00156.573 00157.030 00157.492 00157.792 00158.335 00158.777 00159.254 00159.775 00160.344 00160.764 00161.248 00161.754 00162.270 00162.818 00163.381 00163.879 00163.921 00164.649 00165.025 00165.410 00165.807 00166.218 00166.641 00166.918 00167.002 00167.261 00167.411 00167.541 00167.658 00167.773 00167.866 00167.948 00168.022 00168.082 00167.959 00167.837 00167.694 00167.501 00167.298 00166.941 00166.563 00165.804 00165.042 00163.925 00163.488 00162.479 00161.549 00160.676
-9999.0 -9999.0 -9999.0 -9999.0 -9999.0 -9999.0 -9999.0 00152.320 00153.088 00153.765 00154.365 00154.875 00155.159 00155.960 00156.435 00156.895 00157.343 00157.698 00158.112 00158.607 00159.072 00159.556 00160.076 00160.567 00160.982 00161.490 00161.986 00162.474 00162.987 00163.527 00163.890 00164.220 00164.725 00165.103 00165.492 00165.890 00166.302 00166.708 00166.922 00167.064 00167.252 00167.365 00167.479 00167.574 00167.660 00167.727 00167.795 00167.788 00167.686 00167.565 00167.424 00167.243 00166.938 00166.718 00165.974 00165.257 00164.551 00163.844 00162.812 00161.874 00160.992 00160.186
-9999.0 -9999.0 -9999.0 -9999.0 -9999.0 -9999.0 -9999.0 00151.530 00152.914 00153.596 00154.201 00154.743 00155.033 00155.811 00156.279 00156.728 00157.171 00157.600 00157.865 00158.419 00158.847 00159.305 00159.797 00160.334 00160.748 00161.198 00161.658 00162.118 00162.605 00163.112 00163.646 00163.898 00164.433 00164.801 00165.182 00165.566 00165.949 00166.340 00166.751 00166.919 00166.946 00167.190 00167.289 00167.372 00167.446 00167.509 00167.568 00167.510 00167.416 00167.299 00167.158 00166.924 00166.608 00166.058 00165.397 00164.725 00163.897 00163.142 00162.182 00161.300 00160.516 00159.614
-9999.0 -9999.0 -9999.0 -9999.0 -9999.0 -9999.0 -9999.0 -9999.0 00152.688 00153.397 00154.025 00154.577 00154.956 00155.606 00156.104 00156.556 00156.999 00157.428 00157.735 00158.173 00158.626 00159.065 00159.536 00160.037 00160.503 00160.856 00161.320 00161.772 00162.231 00162.712 00163.218 00163.757 00163.906 00164.508 00164.864 00165.229 00165.604 00165.984 00166.290 00166.608 00166.904 00166.929 00166.949 00167.168 00167.231 00167.286 00167.321 00167.243 00167.149 00166.936 00166.888 00166.436 00165.931 00165.405 00164.840 00163.913 00163.421 00162.484 00161.593 00160.747 00159.928 00159.075
-9999.0 -9999.0 -9999.0 -9999.0 -9999.0 -9999.0 -9999.0 -9999.0 00152.460 00153.178 00153.814 00154.381 00154.872 00155.093 00155.920 00156.364 00156.791 00157.214 00157.612 00157.856 00158.404 00158.823 00159.239 00159.690 00160.169 00160.596 00160.968 00161.423 00161.863 00162.328 00162.817 00163.328 00163.862 00163.913 00164.549 00164.895 00165.248 00165.544 00165.838 00166.134 00166.419 00166.649 00166.876 00166.916 00166.930 00166.942 00166.940 00166.922 00166.861 00166.550 00166.174 00165.758 00165.281 00164.785 00163.924 00163.604 00162.699 00161.844 00161.001 00160.247 00159.350 00158.572
-9999.0 -9999.0 -9999.0 -9999.0 -9999.0 -9999.0 -9999.0 -9999.0 00151.908 00152.921 00153.580 00154.167 00154.694 00154.997 00155.695 00156.148 00156.578 00156.993 00157.413 00157.723 00158.107 00158.546 00158.941 00159.359 00159.805 00160.285 00160.670 00161.062 00161.514 00161.953 00162.423 00162.908 00163.402 00163.877 00163.916 00164.555 00164.830 00165.118 00165.391 00165.673 00165.891 00166.114 00166.300 00166.470 00166.598 00166.725 00166.599 00166.393 00166.146 00165.844 00165.491 00165.114 00164.661 00163.912 00163.656 00162.848 00162.010 00161.222 00160.511 00159.635 00158.823 00158.004
-9999.0 -9999.0 -9999.0 -9999.0 -9999.0 -9999.0 -9999.0 -9999.0 -9999.0 00152.634 00153.326 00153.920 00154.452 00154.893 00155.161 00155.916 00156.350 00156.770 00157.178 00157.566 00157.792 00158.259 00158.647 00159.043 00159.460 00159.904 00160.383 00160.741 00161.155 00161.602 00162.030 00162.480 00162.950 00163.437 00163.877 00163.908 00164.429 00164.692 00164.955 00165.178 00165.383 00165.582 00165.741 00165.872 00165.998 00166.052 00165.891 00165.706 00165.460 00165.180 00164.836 00164.498 00163.897 00163.501 00162.813 00162.144 00161.368 00160.652 00159.870 00159.077 00158.334 00157.632
-9999.0 -9999.0 -9999.0 -9999.0 -9999.0 -9999.0 -9999.0 -9999.0 -9999.0 00152.316 00153.019 00153.640 00154.196 00154.691 00154.990 00155.673 00156.119 00156.516 00156.903 00157.288 00157.631 00157.853 00158.358 00158.727 00159.125 00159.550 00160.003 00160.466 00160.807 00161.223 00161.649 00162.065 00162.503 00162.933 00163.321 00163.728 00163.892 00163.921 00164.499 00164.697 00164.894 00165.050 00165.194 00165.304 00165.407 00165.371 00165.233 00165.049 00164.806 00164.545 00163.915 00163.877 00163.283 00162.667 00162.037 00161.432 00160.748 00160.044 00159.255 00158.548 00157.769 00157.186
-9999.0 -9999.0 -9999.0 -9999.0 -9999.0 -9999.0 -9999.0 -9999.0 -9999.0 -9999.0 00152.671 00153.324 00153.905 00154.429 00154.879 00155.075 00155.829 00156.237 00156.625 00157.005 00157.384 00157.681 00157.965 00158.434 00158.807 00159.207 00159.637 00160.087 00160.512 00160.838 00161.251 00161.666 00162.039 00162.396 00162.766 00163.126 00163.502 00163.839 00163.894 00163.916 00164.390 00164.540 00164.654 00164.752 00164.837 00164.735 00164.603 00164.419 00163.911 00163.882 00163.499 00163.014 00162.454 00161.894 00161.319 00160.744 00160.173 00159.391 00158.694 00157.914 00157.420 00156.697
-9999.0 -9999.0 -9999.0 -9999.0 -9999.0 -9999.0 -9999.0 -9999.0 -9999.0 -9999.0 00152.299 00152.990 00153.602 00154.142 00154.608 00154.941 00155.339 00155.942 00156.340 00156.716 00157.087 00157.462 00157.725 00158.075 00158.509 00158.887 00159.270 00159.689 00160.126 00160.531 00160.850 00161.218 00161.556 00161.888 00162.224 00162.552 00162.886 00163.159 00163.447 00163.709 00163.878 00163.893 00163.905 00163.914 00163.918 00163.904 00163.889 00163.796 00163.444 00163.070 00162.625 00162.188 00161.700 00161.164 00160.654 00160.100 00159.476 00158.795 00158.102 00157.574 00156.897 00156.200
-9999.0 -9999.0 -9999.0 -9999.0 -9999.0 -9999.0 -9999.0 -9999.0 -9999.0 -9999.0 -9999.0 00152.616 00153.233 00153.787 00154.287 00154.734 00154.992 00155.626 00156.035 00156.418 00156.793 00157.164 00157.539 00157.768 00158.174 00158.562 00158.928 00159.302 00159.708 00160.142 00160.497 00160.759 00161.068 00161.396 00161.706 00162.006 00162.268 00162.519 00162.784 00162.988 00163.187 00163.347 00163.482 00163.598 00163.552 00163.373 00163.157 00162.910 00162.571 00162.240 00161.832 00161.427 00160.958 00160.525 00159.968 00159.376 00158.816 00158.233 00157.641 00157.040 00156.374 00155.663
-9999.0 -9999.0 -9999.0 -9999.0 -9999.0 -9999.0 -9999.0 -9999.0 -9999.0 -9999.0 -9999.0 00151.763 00152.808 00153.397 00153.926 00154.408 00154.840 00155.033 00155.718 00156.117 00156.496 00156.868 00157.238 00157.591 00157.795 00158.223 00158.585 00158.944 00159.317 00159.656 00160.007 00160.368 00160.636 00160.878 00161.199 00161.448 00161.689 00161.919 00162.126 00162.316 00162.472 00162.610 00162.718 00162.825 00162.688 00162.524 00162.327 00162.092 00161.785 00161.475 00161.078 00160.711 00160.343 00159.778 00159.250 00158.725 00158.191 00157.688 00157.137 00156.503 00155.829 00154.934
-9999.0 -9999.0 -9999.0 -9999.0 -9999.0 -9999.0 -9999.0 -9999.0 -9999.0 -9999.0 -9999.0 -9999.0 00152.347 00152.982 00153.538 00154.040 00154.499 00154.887 00155.070 00155.800 00156.194 00156.570 00156.925 00157.281 00157.609 00157.807 00158.238 00158.590 00158.885 00159.192 00159.516 00159.833 00160.170 00160.484 00160.684 00160.874 00161.116 00161.333 00161.513 00161.681 00161.809 00161.912 00162.007 00162.027 00161.903 00161.758 00161.561 00161.337 00161.026 00160.747 00160.444 00160.012 00159.576 00159.078 00158.610 00158.060 00157.644 00157.177 00156.590 00155.946 00155.004 00154.438
-9999.0 -9999.0 -9999.0 -9999.0 -9999.0 -9999.0 -9999.0 -9999.0 -9999.0 -9999.0 -9999.0 -9999.0 -9999.0 00152.502 00153.108 00153.652 00154.139 00154.588 00154.924 00155.194 00155.872 00156.247 00156.607 00156.953 00157.300 00157.615 00157.804 00158.153 00158.480 00158.758 00159.050 00159.337 00159.643 00159.911 00160.179 00160.431 00160.611 00160.750 00160.895 00161.039 00161.166 00161.262 00161.344 00161.293 00161.173 00161.013 00160.816 00160.639 00160.392 00160.060 00159.655 00159.257 00158.885 00158.444 00157.874 00157.587 00157.096 00156.584 00156.028 00155.050 00154.581 00153.779
-9999.0 -9999.0 -9999.0 -9999.0 -9999.0 -9999.0 -9999.0 -9999.0 -9999.0 -9999.0 -9999.0 -9999.0 -9999.0 -9999.0 00152.630 00153.220 00153.756 00154.236 00154.672 00154.955 00155.333 00155.910 00156.273 00156.620 00156.962 00157.286 00157.576 00157.742 00157.985 00158.349 00158.608 00158.875 00159.123 00159.353 00159.590 00159.817 00160.028 00160.221 00160.391 00160.504 00160.585 00160.654 00160.712 00160.623 00160.526 00160.394 00160.162 00159.905 00159.603 00159.297 00158.946 00158.597 00158.234 00157.761 00157.456 00156.992 00156.502 00155.973 00155.077 00154.678 00153.915 00153.001
-9999.0 -9999.0 -9999.0 -9999.0 -9999.0 -9999.0 -9999.0 -9999.0 -9999.0 -9999.0 -9999.0 -9999.0 -9999.0 -9999.0 00151.552 00152.756 00153.328 00153.848 00154.307 00154.720 00154.971 00155.399 00155.922 00156.279 00156.600 00156.890 00157.176 00157.460 00157.667 00157.816 00158.140 00158.424 00158.630 00158.839 00159.049 00159.238 00159.413 00159.588 00159.717 00159.837 00159.938 00160.020 00160.030 00159.908 00159.771 00159.613 00159.395 00159.166 00158.895 00158.627 00158.305 00157.841 00157.642 00157.281 00156.842 00156.390 00155.879 00155.041 00154.694 00154.012 00153.139 -9999.0
-9999.0 -9999.0 -9999.0 -9999.0 -9999.0 -9999.0 -9999.0 -9999.0 -9999.0 -9999.0 -9999.0 -9999.0 -9999.0 -9999.0 -9999.0 00152.259 00152.864 00153.402 00153.896 00154.342 00154.741 00154.975 00155.408 00155.893 00156.199 00156.492 00156.774 00157.046 00157.309 00157.568 00157.715 00157.834 00158.111 00158.359 00158.548 00158.697 00158.854 00158.989 00159.107 00159.198 00159.272 00159.342 00159.290 00159.190 00159.065 00158.910 00158.714 00158.508 00158.244 00157.870 00157.673 00157.411 00157.058 00156.666 00156.226 00155.751 00154.994 00154.605 00153.974 00153.243 00152.243 -9999.0
-9999.0 -9999.0 -9999.0 -9999.0 -9999.0 -9999.0 -9999.0 -9999.0 -9999.0 -9999.0 -9999.0 -9999.0 -9999.0 -9999.0 -9999.0 -9999.0 00152.335 00152.926 00153.441 00153.917 00154.349 00154.742 00154.959 00155.160 00155.778 00156.078 00156.361 00156.625 00156.883 00157.137 00157.348 00157.557 00157.679 00157.791 00157.935 00158.151 00158.333 00158.443 00158.543 00158.620 00158.678 00158.724 00158.645 00158.552 00158.426 00158.270 00158.006 00157.789 00157.644 00157.433 00157.111 00156.782 00156.433 00156.037 00155.452 00154.930 00154.486 00153.872 00153.143 00152.290 -9999.0 -9999.0
-9999.0 -9999.0 -9999.0 -9999.0 -9999.0 -9999.0 -9999.0 -9999.0 -9999.0 -9999.0 -9999.0 -9999.0 -9999.0 -9999.0 -9999.0 -9999.0 -9999.0 00152.374 00152.944 00153.448 00153.915 00154.303 00154.641 00154.906 00155.044 00155.640 00155.921 00156.194 00156.455 00156.672 00156.880 00157.079 00157.276 00157.450 00157.591 00157.677 00157.745 00157.808 00157.868 00157.967 00158.048 00158.043 00157.926 00157.824 00157.749 00157.658 00157.532 00157.314 00157.059 00156.801 00156.482 00156.147 00155.776 00155.059 00154.833 00154.322 00153.729 00153.016 00151.858 -9999.0 -9999.0 -9999.0
-9999.0 -9999.0 -9999.0 -9999.0 -9999.0 -9999.0 -9999.0 -9999.0 -9999.0 -9999.0 -9999.0 -9999.0 -9999.0 -9999.0 -9999.0 -9999.0 -9999.0 -9999.0 00152.377 00152.939 00153.381 00153.793 00154.168 00154.508 00154.827 00154.972 00155.148 00155.739 00155.979 00156.199 00156.407 00156.603 00156.790 00156.942 00157.089 00157.225 00157.337 00157.436 00157.514 00157.572 00157.605 00157.574 00157.493 00157.389 00157.256 00157.087 00156.904 00156.682 00156.429 00156.162 00155.827 00155.181 00154.933 00154.624 00154.102 00153.512 00152.834 -9999.0 -9999.0 -9999.0 -9999.0 -9999.0
-9999.0 -9999.0 -9999.0 -9999.0 -9999.0 -9999.0 -9999.0 -9999.0 -9999.0 -9999.0 -9999.0 -9999.0 -9999.0 -9999.0 -9999.0 -9999.0 -9999.0 -9999.0 -9999.0 00152.292 00152.778 00153.228 00153.638 00154.005 00154.338 00154.638 00154.888 00155.003 00155.188 00155.702 00155.910 00156.117 00156.279 00156.433 00156.582 00156.694 00156.804 00156.886 00156.954 00157.010 00157.037 00156.967 00156.881 00156.769 00156.638 00156.463 00156.273 00156.038 00155.769 00155.212 00154.956 00154.715 00154.311 00153.855 00153.254 00152.566 -9999.0 -9999.0 -9999.0 -9999.0 -9999.0 -9999.0
