examples/flatland/Outputs/centerIgnit/b_RAWS/singleWinds/flatland_centerIgnit_3mph60deg7hr_RAWS/flatland_centerIgnit_3mph60deg7hr_RAWS_ArrivalTime.asc
NCOLS 100
NROWS 100
XLLCORNER 20000.000000
YLLCORNER 20000.000000
CELLSIZE 30.000000
NODATA_VALUE -9999.0
[rows 56 to 83 of 100, columns 0 to 61 of 100]
-9999.0 -9999.0 -9999.0 -9999.0 -9999.0 -9999.0 -9999.0 00411.353 00398.778 00386.334 00374.013 00361.807 00349.751 00337.798 00325.932 00314.159 00302.564 00291.646 00280.847 00270.158 00259.588 00249.154 00238.832 00228.577 00218.503 00208.609 00198.783 00189.100 00179.725 00170.396 00161.109 00152.172 00143.444 00134.751 00126.093 00118.111 00110.360 00102.636 00095.067 00087.509 00079.964 00072.433 00064.914 00057.454 00050.185 00043.137 00037.937 00032.953 00027.826 00033.560 00041.970 00051.996 00065.837 00080.259 00095.079 00109.958 00124.902 00140.459 00156.293 00173.429 00191.912 00210.786
-9999.0 -9999.0 -9999.0 -9999.0 -9999.0 -9999.0 -9999.0 00410.980 00398.467 00386.078 00373.789 00361.591 00349.487 00338.079 00326.871 00315.763 00304.763 00293.858 00283.099 00272.503 00261.990 00251.587 00241.476 00231.423 00221.442 00211.702 00202.173 00192.709 00183.312 00174.282 00165.452 00156.667 00147.913 00139.551 00131.719 00123.932 00116.242 00108.650 00101.075 00093.510 00085.956 00078.417 00071.027 00063.727 00056.862 00051.542 00046.558 00042.236 00038.979 00046.430 00054.189 00063.464 00076.383 00090.117 00104.926 00119.829 00134.807 00149.972 00165.883 00181.979 00199.410 00218.210
-9999.0 -9999.0 -9999.0 -9999.0 -9999.0 -9999.0 -9999.0 00410.871 00398.343 00386.275 00374.600 00363.041 00351.586 00340.259 00329.043 00317.949 00307.079 00296.288 00285.588 00275.138 00264.834 00254.611 00244.471 00234.677 00224.995 00215.375 00205.819 00196.663 00187.703 00178.814 00169.991 00161.254 00153.313 00145.411 00137.553 00129.887 00122.276 00114.677 00107.090 00099.519 00091.963 00084.677 00077.387 00070.729 00065.336 00060.095 00056.131 00052.075 00052.702 00059.198 00066.500 00075.864 00086.989 00100.704 00114.849 00129.721 00144.777 00159.962 00175.504 00191.639 00208.092 00225.902
-9999.0 -9999.0 -9999.0 -9999.0 -9999.0 -9999.0 -9999.0 00412.221 00400.279 00388.483 00376.810 00365.243 00353.770 00342.580 00331.492 00320.502 00309.682 00299.114 00288.628 00278.218 00267.941 00258.019 00248.174 00238.404 00228.696 00219.404 00210.283 00201.241 00192.320 00183.439 00175.151 00167.151 00159.187 00151.337 00143.631 00135.959 00128.317 00120.710 00113.125 00105.639 00098.381 00091.104 00084.646 00079.214 00073.808 00069.743 00065.971 00062.273 00065.895 00071.929 00078.843 00088.245 00097.892 00111.372 00125.077 00139.718 00154.805 00170.055 00185.466 00201.400 00217.877 00234.719
-9999.0 -9999.0 -9999.0 -9999.0 -9999.0 -9999.0 -9999.0 00414.427 00402.506 00390.705 00379.165 00367.745 00356.404 00345.191 00334.303 00323.530 00312.848 00302.258 00291.894 00281.790 00271.761 00261.812 00251.939 00242.521 00233.248 00224.043 00214.987 00205.980 00197.256 00189.138 00181.082 00173.063 00165.237 00157.470 00149.740 00142.047 00134.390 00126.771 00119.387 00112.127 00104.860 00098.596 00093.134 00087.689 00083.380 00079.481 00076.232 00073.519 00078.994 00084.700 00091.430 00100.594 00110.314 00122.163 00135.795 00149.802 00164.910 00180.216 00195.688 00211.382 00227.789 00244.630
-9999.0 -9999.0 -9999.0 -9999.0 -9999.0 -9999.0 -9999.0 00416.831 00405.058 00393.402 00381.855 00370.540 00359.434 00348.438 00337.539 00326.736 00316.303 00306.013 00295.798 00285.668 00275.612 00266.026 00256.581 00247.212 00238.004 00228.871 00219.785 00211.467 00203.269 00195.123 00187.089 00179.229 00171.415 00163.632 00155.879 00148.168 00140.495 00133.192 00125.912 00118.636 00112.607 00107.062 00101.617 00097.065 00093.037 00089.805 00086.702 00087.149 00091.803 00097.482 00104.241 00113.023 00122.673 00133.080 00146.658 00160.532 00175.135 00190.430 00206.022 00221.797 00237.817 00254.665
-9999.0 -9999.0 -9999.0 -9999.0 -9999.0 -9999.0 -9999.0 00419.620 00407.847 00396.417 00385.094 00373.871 00362.743 00351.771 00341.171 00330.667 00320.262 00309.950 00299.715 00289.969 00280.340 00270.785 00261.388 00252.112 00242.900 00234.173 00225.826 00217.539 00209.299 00201.272 00193.340 00185.462 00177.617 00169.811 00162.057 00154.451 00147.087 00139.775 00132.475 00126.639 00121.012 00115.582 00110.782 00106.733 00103.214 00100.262 00097.415 00100.196 00104.662 00110.295 00117.080 00125.507 00135.027 00145.093 00157.759 00171.446 00185.609 00200.812 00216.435 00232.310 00248.397 00264.898
-9999.0 -9999.0 -9999.0 -9999.0 -9999.0 -9999.0 -9999.0 -9999.0 00411.287 00399.821 00388.465 00377.399 00366.573 00355.817 00345.209 00334.702 00324.276 00314.346 00304.547 00294.806 00285.222 00275.778 00266.395 00257.258 00248.744 00240.305 00231.942 00223.680 00215.614 00207.595 00199.625 00191.711 00183.860 00176.046 00168.502 00161.088 00153.773 00146.462 00140.724 00135.027 00129.580 00124.538 00120.470 00116.620 00113.589 00110.979 00109.224 00113.116 00117.541 00123.141 00129.954 00138.065 00147.438 00157.599 00168.980 00182.621 00196.674 00211.297 00226.974 00242.917 00259.091 00275.544
-9999.0 -9999.0 -9999.0 -9999.0 -9999.0 -9999.0 -9999.0 -9999.0 00414.727 00403.535 00392.477 00381.522 00370.697 00359.967 00349.330 00339.192 00329.190 00319.269 00309.477 00299.869 00290.323 00280.836 00272.083 00263.469 00254.946 00246.495 00238.240 00230.088 00221.998 00213.955 00205.954 00198.022 00190.163 00182.666 00175.219 00167.881 00160.714 00154.917 00149.145 00143.675 00138.361 00134.265 00130.173 00127.022 00124.286 00121.909 00122.330 00125.961 00130.454 00136.039 00142.915 00150.725 00160.037 00170.168 00180.532 00194.000 00207.827 00222.363 00237.657 00253.602 00269.913 00286.454
-9999.0 -9999.0 -9999.0 -9999.0 -9999.0 -9999.0 -9999.0 -9999.0 00418.940 00407.738 00396.703 00385.768 00374.920 00364.565 00354.330 00344.200 00334.191 00324.405 00314.689 00305.043 00295.872 00287.082 00278.361 00269.750 00261.229 00252.947 00244.723 00236.550 00228.421 00220.346 00212.342 00204.531 00196.942 00189.472 00182.112 00175.073 00169.208 00163.385 00157.864 00152.399 00148.160 00144.040 00140.541 00137.488 00135.223 00132.934 00135.327 00138.812 00143.453 00149.023 00155.955 00163.463 00172.829 00182.805 00193.282 00205.498 00219.378 00233.722 00248.523 00264.507 00280.829 00297.494
-9999.0 -9999.0 -9999.0 -9999.0 -9999.0 -9999.0 -9999.0 -9999.0 -9999.0 00412.107 00401.027 00390.454 00380.026 00369.683 00359.418 00349.431 00339.521 00329.684 00320.097 00311.122 00302.234 00293.431 00284.733 00276.217 00267.829 00259.502 00251.237 00243.036 00234.900 00226.812 00219.037 00211.368 00203.893 00196.469 00189.529 00183.615 00177.722 00172.156 00166.664 00162.168 00158.005 00154.169 00151.058 00148.503 00146.309 00145.270 00148.184 00151.764 00156.539 00162.122 00169.067 00176.287 00185.706 00195.511 00206.081 00217.111 00231.095 00245.188 00260.088 00275.513 00291.915 00308.639
-9999.0 -9999.0 -9999.0 -9999.0 -9999.0 -9999.0 -9999.0 -9999.0 -9999.0 00416.893 00406.226 00395.668 00385.205 00374.989 00364.876 00354.817 00344.861 00335.643 00326.558 00317.553 00308.689 00299.903 00291.362 00282.879 00274.469 00266.110 00257.810 00249.585 00241.486 00233.698 00225.973 00218.468 00210.982 00204.143 00198.139 00192.177 00186.548 00181.023 00176.283 00172.071 00167.903 00164.757 00161.825 00159.578 00157.593 00158.252 00161.067 00164.807 00169.709 00175.302 00182.269 00189.460 00198.689 00208.334 00218.944 00229.934 00242.944 00257.109 00271.759 00287.026 00303.168 00319.902
-9999.0 -9999.0 -9999.0 -9999.0 -9999.0 -9999.0 -9999.0 -9999.0 -9999.0 -9999.0 00411.530 00401.059 00390.739 00380.504 00370.342 00360.671 00351.379 00342.165 00333.082 00324.118 00315.330 00306.694 00298.117 00289.606 00281.143 00272.765 00264.454 00256.378 00248.500 00240.760 00233.193 00225.657 00218.902 00212.826 00206.786 00201.070 00195.502 00190.510 00186.229 00182.050 00178.545 00175.397 00172.974 00170.935 00169.062 00171.272 00174.080 00177.935 00182.976 00188.571 00195.562 00202.865 00211.809 00221.429 00231.971 00243.011 00254.947 00269.142 00283.656 00298.935 00314.518 00331.395
-9999.0 -9999.0 -9999.0 -9999.0 -9999.0 -9999.0 -9999.0 -9999.0 -9999.0 -9999.0 00417.145 00406.685 00396.335 00386.227 00376.741 00367.325 00357.983 00348.833 00339.748 00330.935 00322.184 00313.524 00304.921 00296.364 00287.905 00279.492 00271.436 00263.474 00255.714 00248.067 00240.458 00233.829 00227.657 00221.545 00215.761 00210.124 00204.905 00200.536 00196.303 00192.448 00189.262 00186.468 00184.218 00182.468 00181.681 00184.306 00187.267 00191.160 00196.343 00201.968 00209.001 00216.390 00225.064 00234.758 00245.135 00256.171 00267.559 00281.416 00295.937 00310.942 00326.681 00343.002
-9999.0 -9999.0 -9999.0 -9999.0 -9999.0 -9999.0 -9999.0 -9999.0 -9999.0 -9999.0 -9999.0 00412.404 00402.604 00392.984 00383.445 00374.065 00364.793 00355.660 00346.745 00337.898 00329.120 00320.399 00311.764 00303.217 00294.797 00286.691 00278.627 00270.840 00263.114 00255.427 00248.895 00242.629 00236.463 00230.588 00224.918 00219.446 00215.023 00210.693 00206.491 00203.275 00200.079 00197.769 00195.819 00194.110 00194.885 00197.395 00200.566 00204.519 00209.837 00215.503 00222.583 00230.022 00238.448 00248.196 00258.420 00269.453 00280.974 00293.849 00308.340 00323.288 00338.960 00355.046
-9999.0 -9999.0 -9999.0 -9999.0 -9999.0 -9999.0 -9999.0 -9999.0 -9999.0 -9999.0 -9999.0 00419.200 00409.452 00399.804 00390.340 00380.943 00371.814 00362.776 00353.799 00344.904 00336.084 00327.363 00318.700 00310.310 00302.113 00294.009 00286.156 00278.351 00270.576 00264.138 00257.759 00251.523 00245.582 00239.846 00234.153 00229.654 00225.240 00220.973 00217.428 00214.186 00211.501 00209.235 00207.560 00205.874 00208.065 00210.616 00214.013 00218.003 00223.475 00229.153 00236.294 00243.783 00251.968 00261.769 00271.848 00282.932 00294.515 00306.446 00321.041 00335.950 00351.359 00367.638
-9999.0 -9999.0 -9999.0 -9999.0 -9999.0 -9999.0 -9999.0 -9999.0 -9999.0 -9999.0 -9999.0 -9999.0 00416.422 00406.817 00397.391 00388.167 00379.013 00369.932 00360.918 00351.985 00343.145 00334.377 00326.018 00317.711 00309.589 00301.642 00293.764 00286.081 00279.551 00273.073 00266.774 00260.721 00254.940 00249.165 00244.452 00239.912 00235.629 00231.719 00228.446 00225.380 00223.010 00221.091 00219.461 00219.118 00221.284 00223.981 00227.580 00231.665 00237.226 00242.936 00250.122 00257.669 00265.655 00275.511 00285.606 00296.624 00308.188 00320.111 00333.906 00348.764 00364.226 00380.328
-9999.0 -9999.0 -9999.0 -9999.0 -9999.0 -9999.0 -9999.0 -9999.0 -9999.0 -9999.0 -9999.0 -9999.0 -9999.0 00414.086 00404.720 00395.448 00386.264 00377.141 00368.115 00359.151 00350.395 00341.916 00333.494 00325.357 00317.316 00309.378 00301.759 00295.135 00288.578 00282.191 00276.065 00270.200 00264.379 00259.404 00254.806 00250.407 00246.160 00242.851 00239.546 00236.994 00234.723 00233.044 00231.538 00232.471 00234.617 00237.464 00241.270 00245.521 00251.101 00256.852 00264.120 00271.702 00279.545 00289.428 00299.579 00310.449 00321.975 00334.051 00346.917 00361.933 00377.313 00393.143
-9999.0 -9999.0 -9999.0 -9999.0 -9999.0 -9999.0 -9999.0 -9999.0 -9999.0 -9999.0 -9999.0 -9999.0 -9999.0 -9999.0 00412.131 00402.807 00393.562 00384.436 00375.379 00366.634 00358.026 00349.538 00341.322 00333.193 00325.187 00317.618 00310.900 00304.264 00297.808 00291.573 00285.646 00279.774 00274.542 00269.874 00265.373 00261.006 00257.402 00254.064 00251.109 00248.692 00246.779 00245.224 00243.813 00245.918 00248.191 00251.068 00255.098 00259.502 00265.143 00270.935 00278.268 00285.904 00293.826 00303.508 00313.700 00324.435 00335.964 00348.134 00360.571 00375.255 00390.572 00406.527
-9999.0 -9999.0 -9999.0 -9999.0 -9999.0 -9999.0 -9999.0 -9999.0 -9999.0 -9999.0 -9999.0 -9999.0 -9999.0 -9999.0 00419.580 00410.237 00400.985 00391.831 00383.059 00374.368 00365.840 00357.495 00349.308 00341.201 00333.668 00326.873 00320.123 00313.600 00307.278 00301.272 00295.343 00289.855 00285.129 00280.495 00276.098 00272.122 00268.744 00265.399 00262.943 00260.654 00258.936 00257.578 00257.389 00259.464 00261.909 00264.931 00269.075 00273.648 00279.334 00285.214 00292.559 00300.245 00308.272 00317.738 00327.976 00338.578 00350.238 00362.383 00374.960 00388.723 00404.198 -9999.0
-9999.0 -9999.0 -9999.0 -9999.0 -9999.0 -9999.0 -9999.0 -9999.0 -9999.0 -9999.0 -9999.0 -9999.0 -9999.0 -9999.0 -9999.0 00417.751 00408.604 00399.725 00390.906 00382.334 00373.906 00365.650 00357.430 00349.947 00343.034 00336.198 00329.589 00323.156 00317.082 00311.086 00305.353 00300.560 00295.796 00291.345 00287.035 00283.589 00280.195 00277.360 00274.883 00272.956 00271.408 00270.094 00271.087 00273.133 00275.789 00279.018 00283.204 00287.944 00293.674 00299.638 00307.027 00314.744 00322.861 00332.134 00342.407 00353.088 00364.695 00376.797 00389.469 00402.463 00417.993 -9999.0
-9999.0 -9999.0 -9999.0 -9999.0 -9999.0 -9999.0 -9999.0 -9999.0 -9999.0 -9999.0 -9999.0 -9999.0 -9999.0 -9999.0 -9999.0 -9999.0 00416.609 00407.666 00399.064 00390.532 00382.191 00373.903 00366.451 00359.426 00352.481 00345.781 00339.254 00333.079 00327.033 00321.020 00316.177 00311.339 00306.780 00302.297 00298.620 00295.168 00291.925 00289.428 00287.140 00285.371 00284.043 00282.989 00284.857 00286.951 00289.809 00293.249 00297.492 00302.386 00308.184 00314.222 00321.631 00329.404 00337.635 00346.709 00357.070 00367.848 00379.310 00391.367 00404.123 00417.295 -9999.0 -9999.0
-9999.0 -9999.0 -9999.0 -9999.0 -9999.0 -9999.0 -9999.0 -9999.0 -9999.0 -9999.0 -9999.0 -9999.0 -9999.0 -9999.0 -9999.0 -9999.0 -9999.0 00416.019 00407.401 00398.973 00390.581 00383.147 00376.049 00369.001 00362.212 00355.546 00349.311 00343.163 00337.097 00331.979 00327.091 00322.375 00317.851 00313.829 00310.300 00306.872 00304.138 00301.608 00299.681 00298.105 00296.819 00296.926 00298.757 00300.960 00303.984 00307.650 00311.929 00316.982 00322.841 00328.972 00336.429 00344.225 00352.571 00361.468 00371.950 00382.753 00394.085 00406.269 00419.029 -9999.0 -9999.0 -9999.0
-9999.0 -9999.0 -9999.0 -9999.0 -9999.0 -9999.0 -9999.0 -9999.0 -9999.0 -9999.0 -9999.0 -9999.0 -9999.0 -9999.0 -9999.0 -9999.0 -9999.0 -9999.0 00415.986 00407.479 00400.090 00392.867 00385.727 00378.855 00372.093 00365.765 00359.523 00353.377 00348.003 00343.030 00338.187 00333.590 00329.227 00325.639 00322.133 00319.003 00316.449 00314.153 00312.339 00311.004 00309.734 00310.937 00312.837 00315.248 00318.302 00322.183 00326.543 00331.740 00337.688 00343.887 00351.400 00359.253 00367.705 00376.410 00387.007 00397.852 00409.061 -9999.0 -9999.0 -9999.0 -9999.0 -9999.0
-9999.0 -9999.0 -9999.0 -9999.0 -9999.0 -9999.0 -9999.0 -9999.0 -9999.0 -9999.0 -9999.0 -9999.0 -9999.0 -9999.0 -9999.0 -9999.0 -9999.0 -9999.0 -9999.0 00417.255 00409.931 00402.680 00395.703 00388.848 00382.416 00376.108 00369.892 00364.251 00359.198 00354.186 00349.550 00344.911 00341.178 00337.599 00334.095 00331.458 00328.881 00326.958 00325.333 00324.068 00323.375 00325.069 00327.081 00329.695 00332.778 00336.904 00341.323 00346.687 00352.705 00359.006 00366.573 00374.471 00382.989 00391.718 00402.242 00413.137 -9999.0 -9999.0 -9999.0 -9999.0 -9999.0 -9999.0
-9999.0 -9999.0 -9999.0 -9999.0 -9999.0 -9999.0 -9999.0 -9999.0 -9999.0 -9999.0 -9999.0 -9999.0 -9999.0 -9999.0 -9999.0 -9999.0 -9999.0 -9999.0 -9999.0 -9999.0 00419.874 00412.810 00405.811 00399.308 00392.885 00386.606 00380.704 00375.592 00370.499 00365.724 00361.027 00356.921 00353.239 00349.712 00346.662 00344.038 00341.743 00339.891 00338.529 00337.312 00337.643 00339.323 00341.485 00344.305 00347.446 00351.790 00356.282 00361.827 00367.931 00374.319 00381.909 00389.879 00398.482 00407.322 00417.671 -9999.0 -9999.0 -9999.0 -9999.0 -9999.0 -9999.0 -9999.0
-9999.0 -9999.0 -9999.0 -9999.0 -9999.0 -9999.0 -9999.0 -9999.0 -9999.0 -9999.0 -9999.0 -9999.0 -9999.0 -9999.0 -9999.0 -9999.0 -9999.0 -9999.0 -9999.0 -9999.0 -9999.0 -9999.0 00416.429 00409.906 00403.536 00397.386 00392.179 00387.028 00382.086 00377.352 00372.898 00369.154 00365.532 00362.069 00359.409 00356.757 00354.828 00353.146 00351.887 00350.744 00352.053 00353.795 00356.057 00359.114 00362.478 00366.874 00371.451 00377.152 00383.317 00389.806 00397.446 00405.498 00414.177 -9999.0 -9999.0 -9999.0 -9999.0 -9999.0 -9999.0 -9999.0 -9999.0 -9999.0
-9999.0 -9999.0 -9999.0 -9999.0 -9999.0 -9999.0 -9999.0 -9999.0 -9999.0 -9999.0 -9999.0 -9999.0 -9999.0 -9999.0 -9999.0 -9999.0 -9999.0 -9999.0 -9999.0 -9999.0 -9999.0 -9999.0 -9999.0 -9999.0 00414.311 00409.007 00403.766 00398.676 00393.864 00389.088 00385.266 00381.528 00377.935 00374.980 00372.295 00369.983 00368.082 00366.659 00365.486 00364.969 00366.640 00368.542 00370.899 00374.108 00377.693 00382.132 00386.802 00392.647 00398.913 00405.470 00413.185 -9999.0 -9999.0 -9999.0 -9999.0 -9999.0 -9999.0 -9999.0 -9999.0 -9999.0 -9999.0 -9999.0
