examples/flatland/Outputs/centerIgnit/b_RAWS/singleWinds/flatland_centerIgnit_3mph60deg7hr_RAWS/flatland_centerIgnit_3mph60deg7hr_RAWS_SpreadRate.asc
NCOLS 100
NROWS 100
XLLCORNER 20000.000000
YLLCORNER 20000.000000
CELLSIZE 30.000000
NODATA_VALUE -9999.0
[rows 32 to 63 of 100, columns 0 to 71 of 100]
-9999.0 -9999.0 -9999.0 -9999.0 -9999.0 -9999.0 -9999.0 -9999.0 -9999.0 -9999.0 -9999.0 -9999.0 -9999.0 -9999.0 -9999.0 -9999.0 -9999.0 -9999.0 01.84 01.84 01.85 01.85 01.85 01.85 01.86 01.87 01.87 01.87 01.87 01.87 01.86 01.85 01.84 01.83 01.82 01.82 01.80 01.78 01.77 01.75 01.73 01.70 01.65 01.57 01.51 01.48 01.45 01.42 01.40 01.37 01.34 01.32 01.29 01.27 01.25 01.22 01.20 01.18 01.16 01.14 01.12 01.10 -9999.0 -9999.0 -9999.0 -9999.0 -9999.0 -9999.0 -9999.0 -9999.0 -9999.0 -9999.0
-9999.0 -9999.0 -9999.0 -9999.0 -9999.0 -9999.0 -9999.0 -9999.0 -9999.0 -9999.0 -9999.0 -9999.0 -9999.0 -9999.0 -9999.0 -9999.0 -9999.0 01.90 01.90 01.91 01.91 01.91 01.89 01.89 01.90 01.91 01.91 01.92 01.91 01.92 01.91 01.90 01.89 01.88 01.87 01.85 01.84 01.82 01.81 01.79 01.77 01.75 01.72 01.63 01.56 01.51 01.47 01.44 01.42 01.39 01.36 01.33 01.31 01.29 01.26 01.24 01.21 01.19 01.17 01.15 01.13 01.11 01.09 -9999.0 -9999.0 -9999.0 -9999.0 -9999.0 -9999.0 -9999.0 -9999.0 -9999.0
-9999.0 -9999.0 -9999.0 -9999.0 -9999.0 -9999.0 -9999.0 -9999.0 -9999.0 -9999.0 -9999.0 -9999.0 -9999.0 -9999.0 -9999.0 -9999.0 01.92 01.93 01.94 01.95 01.96 01.96 01.97 01.97 01.96 01.95 01.96 01.96 01.96 01.96 01.96 01.96 01.95 01.93 01.92 01.91 01.89 01.87 01.85 01.84 01.82 01.79 01.74 01.69 01.62 01.54 01.49 01.46 01.44 01.41 01.37 01.34 01.32 01.30 01.28 01.25 01.23 01.20 01.19 01.17 01.15 01.13 01.11 01.09 -9999.0 -9999.0 -9999.0 -9999.0 -9999.0 -9999.0 -9999.0 -9999.0
-9999.0 -9999.0 -9999.0 -9999.0 -9999.0 -9999.0 -9999.0 -9999.0 -9999.0 -9999.0 -9999.0 -9999.0 -9999.0 -9999.0 -9999.0 -9999.0 01.95 01.97 01.98 01.99 01.99 02.01 02.02 02.03 02.02 02.01 02.01 02.01 02.01 02.00 02.00 02.00 02.00 01.99 01.98 01.97 01.95 01.93 01.90 01.87 01.86 01.84 01.81 01.75 01.67 01.57 01.51 01.48 01.45 01.42 01.39 01.36 01.33 01.31 01.29 01.26 01.24 01.22 01.20 01.18 01.16 01.14 01.13 01.11 01.09 -9999.0 -9999.0 -9999.0 -9999.0 -9999.0 -9999.0 -9999.0
-9999.0 -9999.0 -9999.0 -9999.0 -9999.0 -9999.0 -9999.0 -9999.0 -9999.0 -9999.0 -9999.0 -9999.0 -9999.0 -9999.0 -9999.0 01.97 01.99 02.00 02.01 02.02 02.04 02.05 02.06 02.07 02.08 02.07 02.07 02.07 02.06 02.06 02.05 02.04 02.04 02.03 02.03 02.02 02.01 01.99 01.96 01.93 01.91 01.89 01.86 01.83 01.72 01.61 01.54 01.50 01.46 01.43 01.40 01.37 01.35 01.32 01.30 01.27 01.25 01.23 01.21 01.19 01.18 01.16 01.14 01.12 01.10 -9999.0 -9999.0 -9999.0 -9999.0 -9999.0 -9999.0 -9999.0
-9999.0 -9999.0 -9999.0 -9999.0 -9999.0 -9999.0 -9999.0 -9999.0 -9999.0 -9999.0 -9999.0 -9999.0 -9999.0 -9999.0 01.99 02.00 02.02 02.03 02.04 02.06 02.08 02.09 02.10 02.11 02.12 02.13 02.14 02.15 02.14 02.13 02.11 02.12 02.10 02.08 02.08 02.07 02.06 02.05 02.02 01.99 01.97 01.94 01.91 01.86 01.78 01.69 01.59 01.51 01.47 01.44 01.41 01.38 01.35 01.33 01.31 01.28 01.26 01.25 01.23 01.21 01.19 01.18 01.16 01.13 01.12 01.10 -9999.0 -9999.0 -9999.0 -9999.0 -9999.0 -9999.0
-9999.0 -9999.0 -9999.0 -9999.0 -9999.0 -9999.0 -9999.0 -9999.0 -9999.0 -9999.0 -9999.0 -9999.0 -9999.0 02.00 02.02 02.03 02.05 02.06 02.08 02.10 02.11 02.13 02.14 02.14 02.16 02.17 02.18 02.20 02.21 02.22 02.20 02.20 02.20 02.18 02.14 02.12 02.12 02.10 02.08 02.05 02.02 01.99 01.96 01.93 01.87 01.76 01.62 01.51 01.48 01.45 01.42 01.39 01.36 01.34 01.31 01.30 01.28 01.26 01.24 01.23 01.21 01.19 01.17 01.15 01.13 01.11 01.09 -9999.0 -9999.0 -9999.0 -9999.0 -9999.0
-9999.0 -9999.0 -9999.0 -9999.0 -9999.0 -9999.0 -9999.0 -9999.0 -9999.0 -9999.0 -9999.0 -9999.0 -9999.0 02.02 02.04 02.06 02.08 02.08 02.11 02.13 02.15 02.16 02.17 02.19 02.20 02.21 02.22 02.23 02.24 02.25 02.25 02.25 02.26 02.25 02.24 02.21 02.19 02.17 02.15 02.12 02.08 02.05 02.01 01.98 01.92 01.80 01.70 01.58 01.49 01.44 01.42 01.38 01.36 01.34 01.32 01.30 01.29 01.27 01.26 01.24 01.22 01.20 01.18 01.16 01.14 01.12 01.10 -9999.0 -9999.0 -9999.0 -9999.0 -9999.0
-9999.0 -9999.0 -9999.0 -9999.0 -9999.0 -9999.0 -9999.0 -9999.0 -9999.0 -9999.0 -9999.0 -9999.0 02.03 02.05 02.06 02.08 02.09 02.12 02.14 02.16 02.17 02.19 02.21 02.22 02.24 02.25 02.26 02.27 02.28 02.29 02.30 02.31 02.31 02.32 02.30 02.29 02.27 02.25 02.23 02.19 02.16 02.12 02.08 02.04 02.00 01.91 01.78 01.61 01.48 01.44 01.41 01.38 01.36 01.35 01.33 01.31 01.30 01.29 01.27 01.25 01.24 01.21 01.19 01.18 01.15 01.13 01.11 01.09 -9999.0 -9999.0 -9999.0 -9999.0
-9999.0 -9999.0 -9999.0 -9999.0 -9999.0 -9999.0 -9999.0 -9999.0 -9999.0 -9999.0 -9999.0 02.03 02.06 02.07 02.09 02.10 02.12 02.14 02.16 02.18 02.19 02.20 02.23 02.24 02.26 02.28 02.30 02.31 02.32 02.33 02.35 02.36 02.36 02.36 02.37 02.37 02.38 02.36 02.33 02.32 02.28 02.22 02.17 02.13 02.08 02.05 01.87 01.72 01.54 01.44 01.40 01.38 01.36 01.35 01.34 01.33 01.31 01.30 01.28 01.27 01.25 01.23 01.21 01.18 01.17 01.15 01.12 01.10 01.08 -9999.0 -9999.0 -9999.0
-9999.0 -9999.0 -9999.0 -9999.0 -9999.0 -9999.0 -9999.0 -9999.0 -9999.0 -9999.0 -9999.0 02.06 02.09 02.10 02.12 02.13 02.16 02.17 02.19 02.21 02.22 02.24 02.25 02.27 02.28 02.30 02.31 02.33 02.35 02.36 02.38 02.39 02.40 02.41 02.41 02.42 02.42 02.42 02.40 02.38 02.37 02.32 02.28 02.25 02.20 02.16 02.05 01.86 01.60 01.45 01.40 01.37 01.36 01.35 01.34 01.34 01.32 01.31 01.29 01.28 01.26 01.24 01.22 01.20 01.18 01.16 01.13 01.11 01.09 -9999.0 -9999.0 -9999.0
-9999.0 -9999.0 -9999.0 -9999.0 -9999.0 -9999.0 -9999.0 -9999.0 -9999.0 -9999.0 02.08 02.10 02.12 02.14 02.15 02.17 02.19 02.21 02.22 02.24 02.25 02.27 02.28 02.30 02.32 02.33 02.34 02.36 02.37 02.38 02.39 02.41 02.42 02.43 02.45 02.46 02.46 02.46 02.45 02.45 02.44 02.42 02.40 02.39 02.36 02.32 02.21 02.02 01.72 01.49 01.41 01.38 01.36 01.35 01.35 01.34 01.33 01.32 01.30 01.29 01.27 01.25 01.23 01.21 01.19 01.17 01.15 01.13 01.10 -9999.0 -9999.0 -9999.0
-9999.0 -9999.0 -9999.0 -9999.0 -9999.0 -9999.0 -9999.0 -9999.0 -9999.0 -9999.0 02.13 02.14 02.16 02.17 02.18 02.21 02.23 02.24 02.27 02.28 02.30 02.31 02.33 02.34 02.35 02.36 02.38 02.39 02.40 02.42 02.43 02.44 02.45 02.45 02.46 02.47 02.47 02.48 02.48 02.49 02.49 02.50 02.51 02.53 02.54 02.52 02.51 02.56 -9999.0 -9999.00 01.41 01.39 01.37 01.36 01.35 01.34 01.33 01.32 01.31 01.29 01.28 01.26 01.24 01.22 01.20 01.18 01.16 01.13 01.12 01.09 -9999.0 -9999.0
-9999.0 -9999.0 -9999.0 -9999.0 -9999.0 -9999.0 -9999.0 -9999.0 -9999.0 02.15 02.17 02.19 02.21 02.22 02.24 02.26 02.28 02.30 02.32 02.33 02.35 02.37 02.38 02.40 02.41 02.42 02.43 02.44 02.45 02.45 02.48 02.48 02.49 02.50 02.50 02.50 02.50 02.49 02.49 02.49 02.50 02.51 02.54 02.56 02.59 02.61 02.63 -9999.00 -9999.0 -9999.0 -9999.00 01.41 01.39 01.37 01.35 01.34 01.34 01.33 01.32 01.30 01.29 01.27 01.25 01.23 01.21 01.19 01.17 01.15 01.13 01.10 -9999.0 -9999.0
-9999.0 -9999.0 -9999.0 -9999.0 -9999.0 -9999.0 -9999.0 -9999.0 -9999.0 02.17 02.19 02.22 02.24 02.25 02.28 02.31 02.33 02.34 02.35 02.37 02.39 02.41 02.43 02.45 02.46 02.48 02.50 02.51 02.53 02.52 02.52 02.53 02.54 02.56 02.57 02.56 02.56 02.55 02.54 02.53 02.53 02.54 02.56 02.58 02.60 02.63 -9999.00 -9999.0 -9999.0 -9999.0 -9999.0 -9999.00 01.41 01.38 01.36 01.35 01.34 01.33 01.33 01.31 01.29 01.28 01.26 01.24 01.22 01.20 01.18 01.16 01.14 01.11 -9999.0 -9999.0
-9999.0 -9999.0 -9999.0 -9999.0 -9999.0 -9999.0 -9999.0 -9999.0 -9999.0 02.20 02.22 02.24 02.26 02.28 02.31 02.34 02.36 02.37 02.39 02.41 02.43 02.46 02.48 02.49 02.51 02.53 02.55 02.57 02.58 02.59 02.60 02.61 02.62 02.63 02.63 02.63 02.63 02.63 02.63 02.62 02.63 02.64 02.65 02.64 02.63 02.64 -9999.0 -9999.0 -9999.0 -9999.0 -9999.0 -9999.0 -9999.00 01.40 01.37 01.35 01.34 01.34 01.34 01.32 01.31 01.29 01.27 01.25 01.23 01.21 01.19 01.17 01.14 01.12 01.10 -9999.0
-9999.0 -9999.0 -9999.0 -9999.0 -9999.0 -9999.0 -9999.0 -9999.0 02.21 02.24 02.26 02.28 02.30 02.32 02.34 02.37 02.39 02.41 02.43 02.45 02.47 02.50 02.52 02.53 02.56 02.59 02.61 02.63 02.63 02.66 02.67 02.68 02.68 02.69 02.70 02.70 02.71 02.71 02.72 02.73 02.75 02.75 02.84 02.84 02.83 -9999.00 -9999.0 -9999.0 -9999.0 -9999.0 -9999.0 -9999.0 -9999.00 01.45 01.41 01.39 01.36 01.36 01.36 01.34 01.32 01.31 01.29 01.27 01.25 01.22 01.20 01.18 01.16 01.13 01.11 -9999.0
-9999.0 -9999.0 -9999.0 -9999.0 -9999.0 -9999.0 -9999.0 -9999.0 02.24 02.27 02.29 02.31 02.33 02.36 02.38 02.40 02.43 02.44 02.47 02.49 02.52 02.54 02.56 02.58 02.61 02.63 02.65 02.67 02.69 02.71 02.72 02.74 02.75 02.77 02.78 02.78 02.79 02.78 02.83 02.87 02.91 02.99 03.07 03.16 03.21 -9999.00 -9999.0 -9999.0 -9999.0 -9999.0 -9999.0 -9999.0 -9999.0 01.56 01.48 01.44 01.40 01.40 01.39 01.36 01.36 01.34 01.31 01.29 01.27 01.25 01.22 01.20 01.17 01.15 01.12 -9999.0
-9999.0 -9999.0 -9999.0 -9999.0 -9999.0 -9999.0 -9999.0 -9999.0 02.27 02.29 02.32 02.34 02.35 02.39 02.42 02.44 02.47 02.48 02.51 02.54 02.56 02.59 02.61 02.63 02.65 02.67 02.70 02.71 02.74 02.75 02.77 02.79 02.83 02.84 02.86 02.87 02.90 02.93 02.97 03.03 03.10 03.15 03.17 03.22 03.28 03.31 -9999.00 -9999.0 -9999.0 -9999.0 -9999.0 -9999.0 -9999.00 01.67 01.59 01.51 01.50 01.46 01.43 01.42 01.39 01.36 01.34 01.32 01.30 01.27 01.24 01.22 01.19 01.17 01.14 -9999.0
-9999.0 -9999.0 -9999.0 -9999.0 -9999.0 -9999.0 -9999.0 02.25 02.29 02.32 02.34 02.36 02.39 02.42 02.45 02.48 02.50 02.52 02.55 02.57 02.60 02.63 02.65 02.67 02.69 02.72 02.74 02.76 02.79 02.80 02.82 02.84 02.91 02.93 02.95 02.98 03.05 03.07 03.06 03.10 03.17 03.19 03.22 03.25 03.27 03.29 03.31 -9999.0 -9999.0 -9999.0 -9999.0 -9999.00 01.78 01.71 01.63 01.56 01.53 01.50 01.47 01.45 01.42 01.39 01.37 01.35 01.32 01.29 01.26 01.24 01.21 01.18 01.16 -9999.0
-9999.0 -9999.0 -9999.0 -9999.0 -9999.0 -9999.0 -9999.0 02.29 02.32 02.35 02.37 02.39 02.43 02.45 02.48 02.50 02.53 02.55 02.58 02.60 02.63 02.66 02.68 02.70 02.73 02.77 02.80 02.81 02.85 02.87 02.93 02.98 02.98 03.00 03.03 03.06 03.09 03.10 03.12 03.14 03.17 03.20 03.21 03.23 03.25 03.27 03.29 -9999.00 -9999.0 -9999.0 -9999.0 01.78 01.76 01.73 01.66 01.60 01.56 01.53 01.50 01.47 01.44 01.42 01.39 01.36 01.33 01.30 01.27 01.25 01.22 01.19 01.17 -9999.0
-9999.0 -9999.0 -9999.0 -9999.0 -9999.0 -9999.0 -9999.0 02.32 02.35 02.37 02.40 02.42 02.45 02.48 02.50 02.53 02.55 02.58 02.61 02.63 02.66 02.69 02.71 02.73 02.78 02.82 02.86 02.87 02.92 02.95 02.99 03.02 03.04 03.06 03.09 03.10 03.11 03.12 03.13 03.14 03.15 03.17 03.19 03.21 03.23 03.25 03.28 03.30 -9999.00 -9999.0 -9999.00 01.77 01.75 01.72 01.69 01.63 01.59 01.56 01.52 01.49 01.46 01.43 01.40 01.37 01.34 01.31 01.28 01.26 01.23 01.20 01.18 -9999.0
-9999.0 -9999.0 -9999.0 -9999.0 -9999.0 -9999.0 -9999.0 02.34 02.37 02.40 02.42 02.44 02.48 02.50 02.53 02.56 02.58 02.61 02.64 02.67 02.70 02.74 02.78 02.82 02.84 02.87 02.91 02.93 02.97 03.01 03.02 03.05 03.07 03.09 03.10 03.11 03.12 03.12 03.13 03.13 03.13 03.15 03.17 03.19 03.21 03.24 03.25 03.25 03.04 -9999.00 01.88 01.77 01.73 01.71 01.69 01.66 01.62 01.58 01.54 01.51 01.47 01.45 01.41 01.38 01.35 01.32 01.29 01.27 01.24 01.21 01.18 -9999.0
-9999.0 -9999.0 -9999.0 -9999.0 -9999.0 -9999.0 -9999.0 02.36 02.39 02.41 02.44 02.46 02.49 02.52 02.56 02.59 02.61 02.65 02.68 02.71 02.75 02.79 02.82 02.85 02.88 02.91 02.95 02.97 03.00 03.02 03.04 03.06 03.08 03.10 03.10 03.11 03.12 03.12 03.12 03.12 03.12 03.13 03.15 03.18 03.20 03.19 03.19 03.02 02.79 02.37 01.97 01.82 01.73 01.69 01.69 01.68 01.64 01.61 01.58 01.53 01.49 01.46 01.42 01.39 01.36 01.33 01.30 01.27 01.24 01.22 01.19 -9999.0
-9999.0 -9999.0 -9999.0 -9999.0 -9999.0 -9999.0 -9999.0 02.38 02.41 02.43 02.46 02.47 02.52 02.55 02.59 02.63 02.65 02.69 02.72 02.76 02.80 02.83 02.84 02.87 02.90 02.93 02.96 02.98 02.99 03.02 03.04 03.06 03.07 03.09 03.10 03.10 03.11 03.11 03.11 03.11 03.12 03.12 03.13 03.15 03.15 03.14 03.10 02.97 02.66 02.19 01.97 01.85 01.75 01.70 01.69 01.68 01.66 01.63 01.60 01.55 01.51 01.47 01.44 01.41 01.37 01.34 01.31 01.28 01.25 01.22 01.19 -9999.0
-9999.0 -9999.0 -9999.0 -9999.0 -9999.0 -9999.0 -9999.0 02.40 02.43 02.46 02.50 02.52 02.57 02.61 02.63 02.66 02.68 02.72 02.76 02.78 02.81 02.84 02.86 02.89 02.91 02.94 02.96 02.99 03.00 03.02 03.04 03.05 03.07 03.08 03.09 03.09 03.10 03.10 03.11 03.11 03.12 03.12 03.11 03.10 03.09 03.05 02.98 02.78 02.53 02.20 01.99 01.87 01.78 01.72 01.69 01.67 01.67 01.64 01.60 01.56 01.52 01.48 01.45 01.42 01.39 01.35 01.32 01.29 01.26 01.23 01.20 -9999.0
-9999.0 -9999.0 -9999.0 -9999.0 -9999.0 -9999.0 -9999.0 02.43 02.46 02.50 02.53 02.55 02.59 02.62 02.65 02.68 02.71 02.73 02.76 02.79 02.82 02.84 02.87 02.89 02.91 02.94 02.96 02.98 03.00 03.02 03.03 03.05 03.06 03.07 03.08 03.09 03.09 03.10 03.10 03.10 03.11 03.09 03.08 03.05 03.01 02.97 02.87 02.65 02.42 02.09 01.99 01.89 01.79 01.74 01.70 01.68 01.66 01.64 01.61 01.59 01.54 01.49 01.46 01.42 01.39 01.36 01.33 01.30 01.26 01.24 01.20 -9999.0
-9999.0 -9999.0 -9999.0 -9999.0 -9999.0 -9999.0 -9999.0 02.46 02.49 02.52 02.54 02.56 02.60 02.63 02.66 02.69 02.72 02.73 02.77 02.79 02.82 02.84 02.87 02.89 02.91 02.93 02.96 02.98 03.00 03.00 03.02 03.03 03.04 03.05 03.06 03.08 03.09 03.09 03.09 03.09 03.08 03.06 03.04 03.00 02.95 02.90 02.80 02.58 02.28 02.09 02.00 01.92 01.81 01.75 01.71 01.68 01.65 01.64 01.61 01.59 01.55 01.51 01.47 01.43 01.40 01.36 01.33 01.30 01.27 01.24 -9999.0 -9999.0
-9999.0 -9999.0 -9999.0 -9999.0 -9999.0 -9999.0 -9999.0 02.47 02.50 02.53 02.55 02.58 02.61 02.64 02.67 02.69 02.72 02.74 02.77 02.79 02.82 02.84 02.87 02.89 02.91 02.93 02.95 02.97 02.99 03.00 03.00 03.02 03.03 03.04 03.05 03.07 03.08 03.08 03.08 03.07 03.06 03.03 02.99 02.95 02.90 02.83 02.67 02.48 02.26 02.10 02.03 01.94 01.85 01.78 01.72 01.68 01.65 01.62 01.61 01.58 01.55 01.52 01.48 01.44 01.39 01.36 01.33 01.30 01.27 01.24 -9999.0 -9999.0
-9999.0 -9999.0 -9999.0 -9999.0 -9999.0 -9999.0 -9999.0 02.48 02.51 02.53 02.56 02.58 02.60 02.64 02.67 02.69 02.72 02.74 02.76 02.79 02.81 02.84 02.86 02.88 02.90 02.92 02.94 02.95 02.97 02.99 03.00 03.00 03.02 03.03 03.04 03.05 03.06 03.07 03.06 03.05 03.02 02.98 02.95 02.91 02.85 02.76 02.64 02.42 02.16 02.10 02.03 01.95 01.88 01.81 01.73 01.69 01.65 01.62 01.60 01.58 01.55 01.52 01.48 01.44 01.41 01.36 01.34 01.30 01.28 01.25 -9999.0 -9999.0
-9999.0 -9999.0 -9999.0 -9999.0 -9999.0 -9999.0 -9999.0 02.46 02.51 02.54 02.56 02.59 02.60 02.64 02.67 02.69 02.72 02.74 02.76 02.79 02.81 02.83 02.85 02.88 02.89 02.91 02.92 02.94 02.95 02.97 02.98 02.99 03.01 03.02 03.03 03.04 03.05 03.04 03.04 03.01 02.97 02.93 02.89 02.85 02.81 02.74 02.54 02.32 02.17 02.09 02.03 01.96 01.89 01.82 01.75 01.69 01.65 01.62 01.59 01.57 01.55 01.52 01.49 01.45 01.42 01.38 01.33 01.31 01.28 -9999.0 -9999.0 -9999.0
-9999.0 -9999.0 -9999.0 -9999.0 -9999.0 -9999.0 -9999.0 -9999.0 02.51 02.54 02.56 02.59 02.60 02.64 02.66 02.69 02.71 02.74 02.76 02.78 02.80 02.82 02.84 02.86 02.88 02.89 02.91 02.92 02.94 02.95 02.97 02.99 02.99 03.01 03.01 03.02 03.01 03.00 02.98 02.96 02.93 02.89 02.85 02.82 02.77 02.63 02.46 02.30 02.17 02.09 02.03 01.96 01.89 01.83 01.77 01.70 01.66 01.62 01.59 01.56 01.54 01.51 01.48 01.45 01.42 01.39 01.34 01.31 01.28 -9999.0 -9999.0 -9999.0
