examples/flatland/Outputs/centerIgnit/b_RAWS/singleWinds/flatland_centerIgnit_3mph60deg7hr_RAWS/flatland_centerIgnit_3mph60deg7hr_RAWS_Intensity.asc
NCOLS 100
NROWS 100
XLLCORNER 20000.000000
YLLCORNER 20000.000000
CELLSIZE 30.000000
NODATA_VALUE -9999.0
[rows 54 to 80 of 100, columns 0 to 61 of 100]
-9999.0 -9999.0 -9999.0 -9999.0 -9999.0 -9999.0 -9999.0 00039.212 00039.875 00040.497 00041.083 00041.457 00042.321 00042.906 00043.523 00044.172 00044.647 00045.343 00045.981 00046.667 00047.410 00048.212 00049.111 00050.049 00050.663 00051.309 00052.161 00052.697 00053.727 00054.519 00054.926 00055.477 00056.113 00056.546 00056.873 00057.087 00057.278 00057.469 00057.615 00057.677 00057.809 00058.290 00059.027 00059.697 00060.370 00061.053 00061.548 00061.940 00058.126 -9999.000 00035.811 00033.337 00032.336 00031.583 00031.140 00030.567 00029.757 00029.005 00028.090 00027.313 00026.606 00025.902
-9999.0 -9999.0 -9999.0 -9999.0 -9999.0 -9999.0 -9999.0 00039.514 00040.184 00040.811 00041.405 00041.764 00042.658 00043.257 00043.992 00044.750 00045.263 00046.028 00046.717 00047.460 00048.268 00049.156 00049.907 00050.606 00051.230 00051.964 00052.885 00053.421 00054.083 00054.601 00055.099 00055.607 00056.170 00056.672 00056.765 00057.061 00057.241 00057.313 00057.377 00057.469 00057.592 00057.885 00058.423 00059.165 00059.795 00060.060 00060.176 00057.183 00053.015 00045.076 00037.285 00034.096 00032.130 00031.258 00031.096 00030.796 00030.153 00029.461 00028.699 00027.642 00026.776 00026.056
-9999.0 -9999.0 -9999.0 -9999.0 -9999.0 -9999.0 -9999.0 00039.830 00040.509 00041.140 00041.730 00042.078 00043.083 00043.834 00044.648 00045.353 00045.893 00046.683 00047.399 00048.185 00049.058 00049.854 00050.209 00050.933 00051.613 00052.287 00052.989 00053.648 00053.855 00054.608 00055.130 00055.600 00056.041 00056.497 00056.794 00056.920 00057.022 00057.091 00057.202 00057.331 00057.475 00057.621 00057.953 00058.434 00058.683 00058.707 00058.233 00055.985 00050.210 00041.190 00036.951 00034.493 00032.321 00031.345 00031.002 00030.841 00030.405 00029.717 00028.962 00028.008 00027.106 00026.214
-9999.0 -9999.0 -9999.0 -9999.0 -9999.0 -9999.0 -9999.0 00040.193 00040.910 00041.671 00042.409 00042.899 00044.029 00044.702 00045.231 00045.846 00046.442 00047.224 00047.974 00048.602 00049.258 00049.942 00050.440 00051.075 00051.712 00052.337 00052.961 00053.618 00053.892 00054.579 00055.015 00055.431 00055.866 00056.262 00056.600 00056.664 00056.829 00056.935 00057.074 00057.216 00057.354 00057.434 00057.342 00057.344 00057.324 00056.772 00055.630 00052.092 00047.459 00041.071 00037.090 00034.622 00032.864 00031.625 00030.958 00030.679 00030.458 00029.756 00029.009 00028.076 00027.258 00026.365
-9999.0 -9999.0 -9999.0 -9999.0 -9999.0 -9999.0 -9999.0 00040.651 00041.395 00042.267 00042.936 00043.340 00044.272 00044.935 00045.582 00046.279 00046.829 00047.383 00048.061 00048.664 00049.296 00049.970 00050.557 00051.101 00051.679 00052.264 00052.880 00053.492 00053.972 00054.462 00054.843 00055.247 00055.570 00055.892 00056.216 00056.561 00056.581 00056.821 00056.960 00057.061 00057.132 00056.946 00056.704 00056.270 00055.667 00055.005 00053.268 00049.322 00045.028 00038.809 00036.762 00034.861 00032.991 00031.986 00031.154 00030.677 00030.239 00029.718 00029.124 00028.551 00027.428 00026.503
-9999.0 -9999.0 -9999.0 -9999.0 -9999.0 -9999.0 -9999.0 00041.118 00041.927 00042.587 00043.135 00043.605 00044.487 00045.115 00045.738 00046.366 00046.961 00047.361 00048.095 00048.690 00049.310 00049.923 00050.524 00051.014 00051.607 00052.148 00052.704 00053.287 00053.849 00054.024 00054.589 00054.899 00055.215 00055.532 00055.863 00056.231 00056.552 00056.583 00056.769 00056.784 00056.577 00056.362 00055.946 00055.256 00054.473 00053.592 00051.673 00047.682 00042.158 00038.462 00036.782 00035.354 00033.265 00032.171 00031.257 00030.588 00030.005 00029.601 00028.996 00028.397 00027.589 00026.631
-9999.0 -9999.0 -9999.0 -9999.0 -9999.0 -9999.0 -9999.0 00041.400 00042.081 00042.700 00043.291 00043.792 00044.493 00045.197 00045.784 00046.369 00046.964 00047.370 00048.094 00048.635 00049.205 00049.810 00050.452 00050.920 00051.443 00051.981 00052.480 00053.001 00053.518 00053.946 00053.946 00054.576 00054.879 00055.198 00055.558 00055.927 00056.281 00056.439 00056.358 00056.389 00056.215 00055.641 00055.043 00054.378 00053.417 00052.207 00049.222 00045.809 00041.617 00038.603 00037.259 00035.662 00033.900 00032.599 00031.353 00030.558 00029.846 00029.186 00028.940 00028.227 00027.544 00026.757
-9999.0 -9999.0 -9999.0 -9999.0 -9999.0 -9999.0 -9999.0 00041.410 00042.098 00042.746 00043.361 00043.916 00044.252 00045.162 00045.752 00046.340 00046.924 00047.402 00047.940 00048.547 00049.111 00049.669 00050.251 00050.795 00051.226 00051.732 00052.203 00052.640 00053.091 00053.559 00053.858 00054.124 00054.573 00054.917 00055.266 00055.580 00055.887 00056.083 00056.026 00055.948 00055.463 00054.682 00054.144 00053.415 00052.384 00050.837 00048.622 00044.577 00039.795 00038.525 00037.268 00035.798 00034.365 00033.131 00031.495 00030.556 00029.820 00029.188 00028.610 00028.054 00027.403 00026.758
-9999.0 -9999.0 -9999.0 -9999.0 -9999.0 -9999.0 -9999.0 00040.939 00042.105 00042.736 00043.333 00043.901 00044.239 00045.118 00045.698 00046.275 00046.852 00047.413 00047.782 00048.420 00048.932 00049.469 00050.011 00050.572 00050.999 00051.417 00051.821 00052.245 00052.674 00053.115 00053.577 00053.810 00054.301 00054.624 00054.912 00055.193 00055.465 00055.509 00055.552 00055.130 00054.398 00053.823 00053.127 00052.419 00051.669 00050.322 00046.655 00042.653 00039.922 00038.435 00037.250 00035.873 00034.507 00033.201 00031.768 00030.568 00029.717 00029.011 00028.324 00027.814 00027.277 00026.593
-9999.0 -9999.0 -9999.0 -9999.0 -9999.0 -9999.0 -9999.0 -9999.0 00042.021 00042.668 00043.279 00043.851 00044.277 00045.014 00045.617 00046.188 00046.762 00047.293 00047.676 00048.203 00048.736 00049.225 00049.739 00050.258 00050.688 00050.993 00051.428 00051.853 00052.262 00052.700 00053.176 00053.673 00053.776 00054.273 00054.522 00054.774 00054.737 00054.618 00054.398 00054.149 00053.686 00052.970 00052.270 00051.661 00050.821 00048.282 00045.185 00042.131 00039.849 00038.276 00037.211 00035.831 00034.412 00033.170 00031.944 00030.481 00029.738 00028.863 00028.123 00027.543 00027.053 00026.415
-9999.0 -9999.0 -9999.0 -9999.0 -9999.0 -9999.0 -9999.0 -9999.0 00041.934 00042.582 00043.193 00043.772 00044.299 00044.570 00045.513 00046.041 00046.559 00047.080 00047.567 00047.856 00048.491 00048.966 00049.384 00049.818 00050.282 00050.695 00051.041 00051.463 00051.886 00052.329 00052.788 00053.215 00053.654 00053.610 00054.059 00054.013 00053.923 00053.731 00053.507 00053.117 00052.667 00052.196 00051.690 00050.741 00049.263 00046.899 00044.154 00041.146 00039.541 00038.089 00036.891 00035.600 00034.268 00033.110 00031.446 00030.624 00029.610 00028.754 00027.983 00027.320 00026.740 00026.232
-9999.0 -9999.0 -9999.0 -9999.0 -9999.0 -9999.0 -9999.0 -9999.0 00041.590 00042.465 00043.079 00043.660 00044.215 00044.540 00045.302 00045.829 00046.344 00046.838 00047.337 00047.706 00048.132 00048.593 00048.989 00049.419 00049.869 00050.337 00050.711 00051.100 00051.540 00051.942 00052.340 00052.729 00053.103 00053.345 00053.052 00053.265 00053.089 00052.897 00052.547 00052.147 00051.713 00051.259 00050.560 00049.672 00048.269 00046.804 00042.790 00040.455 00039.045 00037.698 00036.583 00035.136 00034.090 00033.088 00031.886 00030.504 00029.520 00028.635 00027.887 00027.138 00026.478 00025.918
-9999.0 -9999.0 -9999.0 -9999.0 -9999.0 -9999.0 -9999.0 -9999.0 -9999.0 00042.308 00042.940 00043.493 00044.015 00044.468 00044.765 00045.587 00046.085 00046.578 00047.055 00047.480 00047.708 00048.215 00048.627 00049.038 00049.463 00049.924 00050.415 00050.771 00051.141 00051.529 00051.861 00052.201 00052.404 00052.557 00052.620 00052.261 00052.311 00052.113 00051.837 00051.265 00050.824 00050.311 00049.596 00048.932 00047.190 00044.605 00041.668 00039.962 00038.666 00037.574 00036.311 00034.912 00033.893 00033.062 00031.860 00030.378 00029.415 00028.472 00027.711 00026.967 00026.292 00025.722
-9999.0 -9999.0 -9999.0 -9999.0 -9999.0 -9999.0 -9999.0 -9999.0 -9999.0 00042.099 00042.702 00043.265 00043.801 00044.289 00044.592 00045.320 00045.823 00046.255 00046.676 00047.096 00047.475 00047.710 00048.264 00048.659 00049.093 00049.543 00050.002 00050.432 00050.719 00051.042 00051.357 00051.502 00051.644 00051.728 00051.723 00051.707 00051.450 00051.056 00050.906 00050.280 00049.772 00049.273 00048.665 00048.060 00045.510 00043.089 00040.939 00039.437 00038.261 00037.211 00035.836 00034.708 00033.669 00032.715 00031.758 00030.364 00029.266 00028.268 00027.522 00026.807 00026.083 00025.505
-9999.0 -9999.0 -9999.0 -9999.0 -9999.0 -9999.0 -9999.0 -9999.0 -9999.0 -9999.0 00042.440 00043.010 00043.539 00044.035 00044.482 00044.668 00045.452 00045.881 00046.302 00046.725 00047.148 00047.472 00047.792 00048.325 00048.736 00049.140 00049.553 00049.954 00050.303 00050.515 00050.762 00050.902 00050.870 00050.869 00050.856 00050.802 00050.738 00050.483 00049.782 00049.138 00048.910 00048.415 00047.758 00046.329 00044.179 00042.187 00040.333 00038.937 00037.672 00036.821 00035.664 00034.344 00033.301 00032.385 00031.465 00030.470 00029.392 00028.037 00027.339 00026.568 00025.996 00025.327
-9999.0 -9999.0 -9999.0 -9999.0 -9999.0 -9999.0 -9999.0 -9999.0 -9999.0 -9999.0 00042.145 00042.725 00043.257 00043.755 00044.183 00044.487 00044.876 00045.508 00045.935 00046.349 00046.763 00047.203 00047.506 00047.901 00048.351 00048.727 00049.067 00049.426 00049.751 00050.009 00050.167 00050.095 00049.925 00050.050 00050.015 00049.938 00049.766 00049.329 00048.932 00048.539 00048.105 00047.426 00046.553 00045.031 00043.065 00040.412 00039.543 00038.417 00037.349 00036.326 00035.173 00033.967 00032.949 00031.917 00031.166 00030.284 00029.286 00028.068 00027.119 00026.499 00025.806 00025.140
-9999.0 -9999.0 -9999.0 -9999.0 -9999.0 -9999.0 -9999.0 -9999.0 -9999.0 -9999.0 -9999.0 00042.401 00042.909 00043.382 00043.827 00044.239 00044.474 00045.120 00045.554 00045.979 00046.413 00046.842 00047.260 00047.486 00047.904 00048.276 00048.601 00048.850 00049.131 00049.424 00049.354 00049.116 00049.181 00049.215 00049.196 00049.079 00048.697 00048.304 00047.931 00047.566 00047.176 00046.495 00045.570 00044.456 00042.135 00039.970 00038.898 00037.753 00036.759 00035.808 00034.713 00033.768 00032.680 00031.628 00030.846 00030.009 00029.065 00028.045 00026.986 00026.297 00025.608 00024.939
-9999.0 -9999.0 -9999.0 -9999.0 -9999.0 -9999.0 -9999.0 -9999.0 -9999.0 -9999.0 -9999.0 00041.680 00042.512 00043.001 00043.454 00043.883 00044.286 00044.461 00045.186 00045.626 00046.055 00046.452 00046.848 00047.207 00047.381 00047.806 00048.154 00048.305 00048.538 00048.476 00048.392 00048.514 00048.507 00048.438 00048.422 00048.089 00047.726 00047.362 00047.013 00046.659 00046.114 00045.397 00044.385 00043.353 00040.871 00039.277 00038.198 00037.137 00036.201 00035.130 00034.232 00033.381 00032.449 00031.252 00030.487 00029.719 00028.828 00027.969 00026.956 00026.099 00025.396 00024.645
-9999.0 -9999.0 -9999.0 -9999.0 -9999.0 -9999.0 -9999.0 -9999.0 -9999.0 -9999.0 -9999.0 -9999.0 00042.095 00042.601 00043.067 00043.505 00043.926 00044.306 00044.485 00045.251 00045.653 00046.047 00046.404 00046.760 00047.079 00047.245 00047.468 00047.527 00047.580 00047.581 00047.700 00047.735 00047.782 00047.793 00047.492 00047.128 00046.812 00046.486 00046.157 00045.770 00045.217 00044.757 00043.383 00041.416 00039.761 00038.592 00037.624 00036.803 00035.627 00034.622 00033.842 00032.971 00032.074 00030.910 00030.154 00029.365 00028.613 00027.803 00026.842 00025.897 00025.045 00024.496
-9999.0 -9999.0 -9999.0 -9999.0 -9999.0 -9999.0 -9999.0 -9999.0 -9999.0 -9999.0 -9999.0 -9999.0 -9999.0 00042.170 00042.659 00043.130 00043.576 00044.000 00044.304 00044.546 00045.233 00045.597 00045.951 00046.289 00046.609 00046.699 00046.625 00046.748 00046.830 00046.944 00047.062 00047.122 00046.962 00046.847 00046.605 00046.336 00045.985 00045.653 00045.314 00044.844 00044.338 00043.882 00042.000 00040.386 00038.964 00037.904 00037.043 00036.237 00035.168 00034.161 00033.329 00032.502 00031.703 00030.631 00029.733 00029.133 00028.373 00027.562 00026.499 00025.528 00024.952 00024.266
-9999.0 -9999.0 -9999.0 -9999.0 -9999.0 -9999.0 -9999.0 -9999.0 -9999.0 -9999.0 -9999.0 -9999.0 -9999.0 -9999.0 00042.248 00042.742 00043.204 00043.615 00044.003 00044.235 00044.576 00045.141 00045.479 00045.749 00045.894 00046.008 00046.088 00046.018 00046.107 00046.321 00046.411 00046.167 00045.978 00045.867 00045.693 00045.401 00045.146 00044.883 00044.533 00044.041 00043.537 00042.485 00040.851 00039.537 00038.314 00037.309 00036.489 00035.639 00034.583 00033.632 00032.848 00032.073 00031.297 00030.278 00029.524 00028.801 00028.095 00027.542 00026.146 00025.482 00024.736 00024.018
-9999.0 -9999.0 -9999.0 -9999.0 -9999.0 -9999.0 -9999.0 -9999.0 -9999.0 -9999.0 -9999.0 -9999.0 -9999.0 -9999.0 00041.370 00042.320 00042.777 00043.205 00043.580 00043.930 00044.118 00044.496 00044.904 00045.072 00045.198 00045.294 00045.380 00045.523 00045.573 00045.550 00045.457 00045.320 00045.202 00045.073 00044.931 00044.662 00044.253 00043.950 00043.578 00043.136 00042.639 00041.273 00039.918 00038.689 00037.565 00036.605 00035.843 00035.024 00034.040 00033.150 00032.398 00031.549 00030.913 00030.043 00029.166 00028.463 00027.792 00026.984 00026.211 00025.270 00024.499 -9999.0
-9999.0 -9999.0 -9999.0 -9999.0 -9999.0 -9999.0 -9999.0 -9999.0 -9999.0 -9999.0 -9999.0 -9999.0 -9999.0 -9999.0 -9999.0 00041.861 00042.324 00042.739 00043.131 00043.480 00043.799 00043.852 00044.090 00044.391 00044.506 00044.608 00044.751 00044.879 00044.989 00044.888 00044.616 00044.429 00044.401 00044.325 00044.151 00043.746 00043.360 00043.019 00042.702 00042.229 00041.542 00040.591 00038.761 00037.545 00036.779 00035.966 00035.241 00034.376 00033.521 00032.578 00031.934 00031.259 00030.523 00029.688 00028.805 00028.106 00027.296 00026.789 00026.045 00025.026 00024.214 -9999.0
-9999.0 -9999.0 -9999.0 -9999.0 -9999.0 -9999.0 -9999.0 -9999.0 -9999.0 -9999.0 -9999.0 -9999.0 -9999.0 -9999.0 -9999.0 -9999.0 00041.821 00042.261 00042.638 00042.984 00043.201 00043.386 00043.398 00043.397 00043.828 00043.982 00044.119 00044.226 00044.173 00044.033 00043.965 00043.884 00043.695 00043.487 00043.154 00042.859 00042.551 00042.252 00041.887 00041.370 00040.579 00039.669 00037.714 00036.902 00036.201 00035.487 00034.525 00033.689 00033.025 00032.244 00031.514 00030.808 00030.115 00029.155 00028.351 00027.651 00027.067 00026.436 00025.793 00024.786 -9999.0 -9999.0
-9999.0 -9999.0 -9999.0 -9999.0 -9999.0 -9999.0 -9999.0 -9999.0 -9999.0 -9999.0 -9999.0 -9999.0 -9999.0 -9999.0 -9999.0 -9999.0 -9999.0 00041.715 00042.084 00042.350 00042.584 00042.751 00042.880 00042.936 00042.909 00043.346 00043.465 00043.454 00043.352 00043.282 00043.216 00043.128 00043.028 00042.811 00042.465 00042.067 00041.725 00041.398 00040.916 00040.344 00039.613 00038.428 00036.860 00036.147 00035.559 00034.869 00034.061 00033.267 00032.533 00031.749 00031.053 00030.454 00029.748 00028.550 00028.023 00027.358 00026.702 00026.051 00025.219 -9999.0 -9999.0 -9999.0
-9999.0 -9999.0 -9999.0 -9999.0 -9999.0 -9999.0 -9999.0 -9999.0 -9999.0 -9999.0 -9999.0 -9999.0 -9999.0 -9999.0 -9999.0 -9999.0 -9999.0 -9999.0 00041.422 00041.713 00041.917 00042.092 00042.243 00042.399 00042.536 00042.499 00042.404 00042.650 00042.596 00042.547 00042.482 00042.391 00042.255 00041.952 00041.642 00041.351 00041.091 00040.754 00040.276 00039.597 00038.866 00037.533 00036.349 00035.656 00035.042 00034.288 00033.469 00032.716 00032.009 00031.254 00030.598 00029.776 00029.236 00028.337 00027.650 00026.970 00026.290 -9999.0 -9999.0 -9999.0 -9999.0 -9999.0
-9999.0 -9999.0 -9999.0 -9999.0 -9999.0 -9999.0 -9999.0 -9999.0 -9999.0 -9999.0 -9999.0 -9999.0 -9999.0 -9999.0 -9999.0 -9999.0 -9999.0 -9999.0 -9999.0 00041.003 00041.225 00041.423 00041.617 00041.784 00041.909 00041.965 00041.854 00041.663 00041.580 00041.817 00041.747 00041.667 00041.413 00041.130 00040.838 00040.592 00040.344 00039.938 00039.451 00038.766 00037.867 00036.576 00035.672 00035.010 00034.422 00033.672 00032.888 00032.169 00031.480 00030.557 00029.991 00029.484 00028.898 00027.957 00027.234 00026.532 -9999.0 -9999.0 -9999.0 -9999.0 -9999.0 -9999.0
