examples/flatland/Outputs/centerIgnit/b_RAWS/singleWinds/flatland_centerIgnit_3mph60deg7hr_RAWS/flatland_centerIgnit_3mph60deg7hr_RAWS_HeatPerUnitArea.asc
NCOLS 100
NROWS 100
XLLCORNER 20000.000000
YLLCORNER 20000.000000
CELLSIZE 30.000000
NODATA_VALUE -9999.0
[rows 27 to 53 of 100, columns 0 to 61 of 100]
-9999.0 -9999.0 -9999.0 -9999.0 -9999.0 -9999.0 -9999.0 -9999.0 -9999.0 -9999.0 -9999.0 -9999.0 -9999.0 -9999.0 -9999.0 -9999.0 -9999.0 -9999.0 -9999.0 -9999.0 -9999.0 -9999.0 -9999.0 -9999.0 -9999.0 01004.884 01008.526 01011.863 01014.737 01017.395 01019.577 01020.517 01024.326 01026.443 01028.266 01029.881 01031.449 01032.748 01033.953 01035.026 01035.990 01036.290 01035.972 01035.513 01034.852 01033.807 01032.657 01031.095 01029.437 01027.277 01024.795 01020.363 01018.780 01014.926 01010.396 01005.083 -9999.0 -9999.0 -9999.0 -9999.0 -9999.0 -9999.0
-9999.0 -9999.0 -9999.0 -9999.0 -9999.0 -9999.0 -9999.0 -9999.0 -9999.0 -9999.0 -9999.0 -9999.0 -9999.0 -9999.0 -9999.0 -9999.0 -9999.0 -9999.0 -9999.0 -9999.0 -9999.0 -9999.0 -9999.0 01003.201 01007.472 01011.281 01014.354 01017.168 01019.549 01020.648 01025.071 01027.427 01029.394 01031.297 01033.151 01034.862 01036.461 01037.663 01038.408 01039.099 01040.604 01041.826 01041.374 01040.830 01039.953 01038.833 01038.199 01037.294 01035.693 01033.553 01031.237 01028.661 01025.883 01020.449 01017.989 01013.615 01008.287 01000.693 -9999.0 -9999.0 -9999.0 -9999.0
-9999.0 -9999.0 -9999.0 -9999.0 -9999.0 -9999.0 -9999.0 -9999.0 -9999.0 -9999.0 -9999.0 -9999.0 -9999.0 -9999.0 -9999.0 -9999.0 -9999.0 -9999.0 -9999.0 -9999.0 -9999.0 -9999.0 01005.061 01009.197 01012.883 01016.192 01019.198 01020.492 01024.829 01027.302 01029.630 01031.849 01034.034 01036.001 01037.619 01038.687 01040.586 01042.576 01044.018 01045.315 01046.502 01047.637 01047.767 01047.403 01046.759 01045.771 01044.661 01043.111 01041.288 01038.704 01037.348 01034.864 01032.053 01028.647 01024.984 01019.866 01016.096 01010.892 01004.360 -9999.0 -9999.0 -9999.0
-9999.0 -9999.0 -9999.0 -9999.0 -9999.0 -9999.0 -9999.0 -9999.0 -9999.0 -9999.0 -9999.0 -9999.0 -9999.0 -9999.0 -9999.0 -9999.0 -9999.0 -9999.0 -9999.0 -9999.0 01000.807 01006.474 01010.633 01014.286 01017.512 01019.868 01022.512 01026.599 01029.281 01031.602 01033.887 01036.199 01037.917 01039.399 01042.134 01044.019 01045.938 01047.726 01049.532 01051.165 01052.695 01054.108 01055.145 01054.643 01053.935 01052.856 01051.565 01049.763 01047.902 01045.556 01043.154 01040.041 01037.714 01034.620 01031.126 01027.237 01020.790 01018.158 01012.309 01005.037 -9999.0 -9999.0
-9999.0 -9999.0 -9999.0 -9999.0 -9999.0 -9999.0 -9999.0 -9999.0 -9999.0 -9999.0 -9999.0 -9999.0 -9999.0 -9999.0 -9999.0 -9999.0 -9999.0 -9999.0 -9999.0 01002.740 01007.448 01011.628 01015.258 01018.531 01020.367 01024.976 01027.809 01030.498 01033.111 01035.738 01037.764 01039.145 01042.292 01044.494 01046.836 01049.042 01051.252 01053.591 01055.691 01057.266 01058.493 01059.838 01061.214 01061.216 01060.561 01059.643 01058.509 01057.132 01055.491 01052.637 01049.760 01046.917 01043.593 01039.372 01036.961 01033.105 01029.129 01024.502 01018.738 01012.751 01005.321 -9999.0
-9999.0 -9999.0 -9999.0 -9999.0 -9999.0 -9999.0 -9999.0 -9999.0 -9999.0 -9999.0 -9999.0 -9999.0 -9999.0 -9999.0 -9999.0 -9999.0 -9999.0 -9999.0 01003.369 01008.063 01012.227 01015.930 01019.234 01020.705 01025.826 01028.754 01031.564 01034.205 01036.885 01038.554 01041.577 01044.216 01046.625 01049.155 01051.773 01054.615 01056.904 01058.634 01060.841 01062.802 01064.666 01066.174 01067.707 01068.695 01067.960 01067.113 01065.812 01064.118 01062.213 01059.471 01057.096 01054.254 01050.043 01046.176 01042.335 01038.198 01034.917 01030.011 01024.867 01018.982 01012.786 01005.062
-9999.0 -9999.0 -9999.0 -9999.0 -9999.0 -9999.0 -9999.0 -9999.0 -9999.0 -9999.0 -9999.0 -9999.0 -9999.0 -9999.0 -9999.0 -9999.0 -9999.0 01002.968 01008.037 01012.488 01016.387 01019.508 01021.166 01026.406 01029.383 01032.259 01035.042 01037.588 01039.378 01042.805 01045.466 01048.279 01051.370 01054.339 01056.938 01059.045 01061.770 01064.251 01066.482 01068.861 01070.950 01072.991 01074.767 01076.686 01076.240 01075.326 01073.873 01071.999 01069.833 01066.973 01064.028 01060.742 01057.099 01052.939 01048.354 01044.226 01038.905 01035.212 01030.261 01024.942 01018.841 01012.291
-9999.0 -9999.0 -9999.0 -9999.0 -9999.0 -9999.0 -9999.0 -9999.0 -9999.0 -9999.0 -9999.0 -9999.0 -9999.0 -9999.0 -9999.0 -9999.0 01002.232 01007.434 01011.962 01015.970 01019.443 01021.471 01026.775 01029.843 01032.733 01035.598 01037.949 01040.408 01043.650 01046.532 01049.570 01052.736 01056.104 01058.552 01061.486 01064.232 01066.973 01069.773 01072.632 01075.229 01077.935 01078.825 01078.986 01082.363 01082.996 01082.292 01079.020 01078.872 01078.543 01075.228 01071.850 01067.984 01063.762 01059.280 01055.484 01050.331 01044.862 01039.109 01035.321 01030.171 01024.563 01018.223
-9999.0 -9999.0 -9999.0 -9999.0 -9999.0 -9999.0 -9999.0 -9999.0 -9999.0 -9999.0 -9999.0 -9999.0 -9999.0 -9999.0 -9999.0 -9999.0 01006.571 01011.251 01015.383 01019.063 01020.773 01026.336 01029.580 01032.712 01035.838 01038.218 01041.093 01044.200 01047.210 01050.445 01053.881 01057.066 01059.767 01062.979 01066.100 01069.458 01072.548 01075.730 01078.726 01078.963 01082.702 01084.532 01086.139 01087.633 01089.108 01088.516 01087.565 01086.243 01084.624 01082.312 01078.858 01076.041 01071.216 01066.286 01061.730 01056.618 01050.633 01044.997 01039.034 01034.997 01029.624 01022.969
-9999.0 -9999.0 -9999.0 -9999.0 -9999.0 -9999.0 -9999.0 -9999.0 -9999.0 -9999.0 -9999.0 -9999.0 -9999.0 -9999.0 -9999.0 01005.355 01010.248 01014.554 01018.375 01020.502 01025.783 01029.088 01032.259 01035.411 01038.000 01040.921 01044.348 01047.667 01051.029 01054.617 01057.660 01060.720 01064.071 01067.462 01070.890 01074.482 01078.318 01078.952 01082.996 01085.200 01087.460 01089.425 01091.361 01093.113 01094.762 01095.338 01094.224 01092.868 01091.122 01088.575 01086.097 01082.632 01078.764 01073.932 01068.249 01062.207 01056.764 01050.634 01044.715 01038.726 01034.416 01029.029
-9999.0 -9999.0 -9999.0 -9999.0 -9999.0 -9999.0 -9999.0 -9999.0 -9999.0 -9999.0 -9999.0 -9999.0 -9999.0 -9999.0 01003.872 01009.037 01013.566 01017.523 01020.140 01025.019 01028.411 01031.641 01034.831 01037.697 01040.208 01043.872 01047.163 01050.749 01054.670 01057.969 01061.358 01064.773 01068.292 01071.988 01075.873 01078.798 01081.713 01084.607 01087.320 01089.687 01092.090 01094.563 01096.698 01098.655 01098.824 01099.444 01098.885 01098.760 01098.116 01095.343 01092.442 01088.663 01084.838 01078.989 01075.184 01068.430 01062.247 01056.524 01050.005 01044.152 01038.388 01033.812
-9999.0 -9999.0 -9999.0 -9999.0 -9999.0 -9999.0 -9999.0 -9999.0 -9999.0 -9999.0 -9999.0 -9999.0 -9999.0 01002.095 01007.486 01012.195 01016.346 01019.672 01023.282 01027.561 01030.883 01034.077 01037.278 01039.232 01043.248 01046.537 01050.119 01053.990 01057.481 01060.869 01064.665 01068.549 01072.727 01076.792 01078.875 01082.820 01085.594 01088.406 01091.247 01094.192 01096.937 01098.722 01098.948 01100.674 01101.435 01102.199 01102.300 01101.706 01101.035 01099.317 01098.694 01095.084 01090.947 01086.268 01079.003 01075.231 01068.147 01061.638 01055.973 01049.312 01043.560 01037.995
-9999.0 -9999.0 -9999.0 -9999.0 -9999.0 -9999.0 -9999.0 -9999.0 -9999.0 -9999.0 -9999.0 -9999.0 -9999.0 01005.681 01010.645 01015.005 01018.865 01020.748 01026.441 01029.821 01033.087 01036.362 01038.615 01042.438 01045.735 01049.255 01053.103 01056.887 01060.141 01063.994 01067.860 01071.983 01076.399 01078.880 01083.234 01086.295 01089.204 01092.201 01095.285 01098.398 01098.895 01100.747 01101.683 01102.636 01103.461 01104.280 01105.120 01104.380 01103.677 01102.641 01101.316 01098.928 01097.343 01091.596 01086.264 01078.983 01074.542 01067.418 01060.919 01055.210 01048.498 01042.693
-9999.0 -9999.0 -9999.0 -9999.0 -9999.0 -9999.0 -9999.0 -9999.0 -9999.0 -9999.0 -9999.0 -9999.0 01003.778 01008.983 01013.544 01017.570 01020.197 01025.230 01028.688 01031.991 01035.263 01037.996 01041.131 01044.621 01048.094 01051.897 01056.074 01059.153 01063.129 01066.966 01071.082 01075.492 01078.815 01082.671 01085.831 01089.120 01092.550 01096.117 01098.705 01099.351 01101.198 01102.337 01103.485 01104.493 01105.460 01106.393 01108.202 01107.974 01106.381 01105.332 01103.846 01102.301 01100.267 01097.300 01091.437 01085.808 01078.919 01073.724 01066.661 01060.079 01054.089 01047.396
-9999.0 -9999.0 -9999.0 -9999.0 -9999.0 -9999.0 -9999.0 -9999.0 -9999.0 -9999.0 -9999.0 00999.307 01007.165 01011.983 01016.220 01019.629 01023.080 01027.509 01030.850 01034.112 01037.347 01039.514 01043.513 01046.908 01050.618 01054.697 01058.103 01061.843 01065.714 01069.818 01074.228 01078.728 01081.537 01085.114 01088.399 01091.814 01095.364 01098.678 01099.619 01101.447 01102.697 01103.888 01105.073 01106.252 01108.411 01111.772 01116.998 01121.217 01115.847 01110.646 01106.443 01104.617 01102.401 01100.065 01096.815 01090.825 01085.201 01078.854 01072.806 01065.583 01058.856 01052.578
-9999.0 -9999.0 -9999.0 -9999.0 -9999.0 -9999.0 -9999.0 -9999.0 -9999.0 -9999.0 -9999.0 01004.891 01010.034 01014.514 01018.474 01020.601 01026.162 01029.611 01032.934 01036.260 01038.569 01042.375 01045.683 01049.287 01053.246 01057.061 01060.468 01064.402 01068.428 01072.751 01077.388 01078.968 01084.138 01087.455 01090.906 01094.495 01098.201 01098.930 01101.138 01102.497 01103.868 01105.259 01106.673 01110.129 01115.504 01121.161 01126.132 01131.522 01129.339 01122.937 01115.586 01106.816 01104.534 01102.230 01099.091 01096.138 01090.200 01084.529 01078.758 01071.475 01063.997 01057.016
-9999.0 -9999.0 -9999.0 -9999.0 -9999.0 -9999.0 -9999.0 -9999.0 -9999.0 -9999.0 01002.415 01007.870 01012.619 01016.806 01019.902 01024.637 01028.187 01031.556 01034.876 01037.800 01040.700 01044.371 01047.879 01051.722 01055.958 01059.060 01063.056 01066.993 01071.224 01075.765 01078.844 01083.024 01086.306 01089.723 01093.275 01096.966 01098.830 01100.754 01102.134 01103.531 01104.934 01106.342 01109.752 01116.149 01122.805 01128.709 01134.368 01140.414 01144.180 01135.497 01126.141 01115.215 01106.631 01104.277 01101.977 01098.910 01095.366 01089.285 01083.581 01077.140 01068.557 01060.912
-9999.0 -9999.0 -9999.0 -9999.0 -9999.0 -9999.0 -9999.0 -9999.0 -9999.0 -9999.0 01005.293 01010.455 01014.984 01018.938 01020.808 01026.635 01030.076 01033.404 01036.753 01038.876 01042.970 01046.382 01050.108 01054.207 01057.789 01061.476 01065.421 01069.568 01074.025 01078.716 01081.036 01085.136 01088.513 01092.026 01095.671 01098.715 01100.281 01101.654 01103.045 01104.454 01105.881 01108.258 01113.999 01120.982 01127.662 01134.553 01141.291 01147.902 -9999.0 -9999.000 01136.434 01125.089 01113.862 01106.371 01104.025 01101.699 01098.827 01094.249 01087.444 01078.993 01073.349 01065.161
-9999.0 -9999.0 -9999.0 -9999.0 -9999.0 -9999.0 -9999.0 -9999.0 -9999.0 01002.013 01007.583 01012.442 01016.709 01019.886 01024.653 01028.260 01031.686 01035.073 01037.949 01041.169 01044.765 01048.377 01052.321 01056.456 01059.740 01063.774 01067.824 01072.177 01076.846 01078.932 01083.845 01087.203 01090.698 01094.332 01098.108 01098.932 01101.183 01102.568 01103.970 01105.388 01106.825 01111.483 01118.721 01125.277 01132.108 01138.980 01145.581 -9999.000 -9999.0 -9999.0 -9999.000 01135.175 01123.863 01112.510 01106.097 01103.697 01101.183 01098.369 01091.267 01084.676 01078.179 01068.938
-9999.0 -9999.0 -9999.0 -9999.0 -9999.0 -9999.0 -9999.0 -9999.0 -9999.0 01004.320 01009.609 01014.229 01018.300 01020.561 01026.148 01029.668 01033.057 01036.450 01038.737 01042.776 01046.231 01050.011 01054.177 01057.834 01061.621 01065.643 01069.894 01074.501 01078.762 01082.405 01085.787 01089.234 01092.826 01096.554 01098.797 01100.642 01102.039 01103.453 01104.884 01106.331 01109.797 01116.326 01122.987 01129.703 01136.718 01143.251 -9999.000 -9999.0 -9999.0 -9999.0 -9999.0 -9999.000 01133.914 01122.669 01111.142 01105.443 01102.707 01099.387 01094.920 01087.681 01078.976 01072.645
-9999.0 -9999.0 -9999.0 -9999.0 -9999.0 -9999.0 -9999.0 -9999.0 -9999.0 01006.390 01011.435 01015.842 01019.523 01022.772 01027.516 01030.968 01034.347 01037.546 01040.178 01044.090 01047.655 01051.566 01055.881 01059.110 01063.240 01067.336 01071.744 01076.475 01078.911 01083.742 01087.168 01090.737 01094.453 01098.313 01098.960 01101.350 01102.787 01104.243 01105.726 01107.866 01113.507 01120.651 01127.357 01134.339 01141.062 01147.688 -9999.0 -9999.0 -9999.0 -9999.0 -9999.0 -9999.0 -9999.000 01132.410 01119.244 01107.211 01104.097 01101.242 01098.113 01090.546 01083.468 01075.939
-9999.0 -9999.0 -9999.0 -9999.0 -9999.0 -9999.0 -9999.0 -9999.0 01002.783 01008.279 01013.072 01017.283 01020.135 01025.213 01028.794 01032.212 01035.608 01038.261 01041.942 01045.339 01049.048 01053.132 01057.091 01060.651 01064.723 01068.920 01073.436 01078.288 01079.050 01084.986 01088.476 01092.119 01095.913 01098.748 01100.468 01101.896 01103.344 01104.810 01106.295 01109.851 01116.652 01123.499 01130.525 01137.975 01145.054 -9999.000 -9999.0 -9999.0 -9999.0 -9999.0 -9999.0 -9999.0 -9999.000 01140.547 01126.329 01111.615 01105.299 01102.329 01098.833 01092.944 01085.575 01078.718
-9999.0 -9999.0 -9999.0 -9999.0 -9999.0 -9999.0 -9999.0 -9999.0 01004.390 01009.684 01014.308 01018.379 01020.599 01026.245 01029.769 01033.166 01036.572 01038.808 01042.911 01046.386 01050.188 01054.378 01057.983 01061.822 01065.840 01070.124 01074.762 01078.782 01082.582 01085.972 01089.504 01093.179 01097.014 01098.845 01100.873 01102.305 01103.755 01105.222 01106.711 01111.307 01118.882 01126.018 01133.494 01140.774 01146.547 -9999.000 -9999.0 -9999.0 -9999.0 -9999.0 -9999.0 -9999.0 -9999.0 01142.546 01129.323 01115.947 01106.207 01103.237 01100.336 01095.278 01087.586 01078.922
-9999.0 -9999.0 -9999.0 -9999.0 -9999.0 -9999.0 -9999.0 -9999.0 01005.834 01010.944 01015.414 01019.352 01021.732 01027.148 01030.618 01033.991 01037.340 01039.665 01043.740 01047.277 01051.155 01055.432 01058.738 01062.817 01066.883 01071.264 01075.974 01078.874 01083.406 01086.804 01090.337 01094.011 01097.834 01098.916 01101.161 01102.590 01104.041 01105.526 01107.360 01113.170 01119.826 01125.516 01131.465 01137.472 01142.880 01147.998 -9999.000 -9999.0 -9999.0 -9999.0 -9999.0 -9999.0 -9999.000 01137.489 01124.830 01111.741 01105.525 01102.714 01098.957 01094.529 01087.286 01078.924
-9999.0 -9999.0 -9999.0 -9999.0 -9999.0 -9999.0 -9999.0 00997.951 01007.132 01012.055 01016.372 01019.747 01024.105 01027.986 01031.421 01034.808 01037.792 01040.754 01044.459 01048.028 01051.943 01056.207 01059.456 01063.540 01067.629 01072.025 01076.748 01078.930 01083.881 01087.287 01090.833 01094.532 01098.370 01098.986 01101.370 01102.811 01104.180 01105.467 01106.767 01110.821 01116.990 01122.638 01128.420 01134.021 01139.109 01143.976 01148.653 -9999.0 -9999.0 -9999.0 -9999.0 -9999.000 01141.305 01131.290 01120.547 01108.910 01104.853 01102.155 01098.852 01093.512 01086.516 01078.854
-9999.0 -9999.0 -9999.0 -9999.0 -9999.0 -9999.0 -9999.0 01002.633 01008.109 01012.887 01017.087 01020.039 01024.977 01028.546 01031.940 01035.306 01038.074 01041.450 01044.936 01048.565 01052.569 01056.664 01060.056 01064.092 01068.177 01072.582 01077.307 01078.970 01084.233 01087.645 01091.206 01094.942 01098.599 01098.951 01101.174 01102.450 01103.703 01104.985 01106.268 01108.896 01113.842 01119.820 01124.757 01129.803 01135.066 01140.076 01145.022 -9999.000 -9999.0 -9999.0 -9999.0 01144.600 01134.811 01124.693 01114.555 01106.543 01103.975 01101.469 01098.697 01092.131 01085.420 01078.748
-9999.0 -9999.0 -9999.0 -9999.0 -9999.0 -9999.0 -9999.0 01003.476 01008.841 01013.528 01017.654 01020.278 01025.505 01029.042 01032.428 01035.781 01038.328 01042.004 01045.347 01048.992 01052.999 01056.944 01060.388 01064.432 01068.548 01072.940 01077.705 01079.002 01084.422 01087.565 01090.812 01094.125 01097.569 01098.858 01100.749 01101.981 01103.228 01104.449 01105.658 01106.884 01110.614 01115.760 01120.863 01125.798 01130.875 01136.148 01141.079 01146.064 -9999.000 -9999.0 -9999.000 01138.207 01128.053 01118.333 01108.883 01105.320 01103.020 01100.545 01097.205 01090.407 01083.929 01077.477
