examples/flatland/Outputs/centerIgnit/b_RAWS/singleWinds/flatland_centerIgnit_3mph60deg7hr_RAWS/flatland_centerIgnit_3mph60deg7hr_RAWS_ArrivalTime.asc
NCOLS 100
NROWS 100
XLLCORNER 20000.000000
YLLCORNER 20000.000000
CELLSIZE 30.000000
NODATA_VALUE -9999.0
[rows 28 to 55 of 100, columns 0 to 61 of 100]
-9999.0 -9999.0 -9999.0 -9999.0 -9999.0 -9999.0 -9999.0 -9999.0 -9999.0 -9999.0 -9999.0 -9999.0 -9999.0 -9999.0 -9999.0 -9999.0 -9999.0 -9999.0 -9999.0 -9999.0 -9999.0 -9999.0 -9999.0 00415.604 00405.670 00395.841 00387.132 00378.505 00369.963 00361.737 00353.666 00345.675 00338.804 00331.996 00325.382 00319.302 00313.704 00308.411 00303.878 00299.850 00296.264 00293.234 00294.349 00295.677 00297.804 00301.258 00305.157 00310.626 00316.419 00323.924 00332.206 00341.377 00350.953 00363.244 00375.872 00389.245 00403.591 00418.736 -9999.0 -9999.0 -9999.0 -9999.0
-9999.0 -9999.0 -9999.0 -9999.0 -9999.0 -9999.0 -9999.0 -9999.0 -9999.0 -9999.0 -9999.0 -9999.0 -9999.0 -9999.0 -9999.0 -9999.0 -9999.0 -9999.0 -9999.0 -9999.0 -9999.0 -9999.0 00411.345 00401.253 00391.353 00381.617 00371.951 00362.941 00354.477 00346.104 00337.953 00330.042 00322.171 00315.337 00308.674 00302.163 00296.266 00290.762 00285.759 00281.298 00277.576 00273.931 00273.515 00274.701 00276.736 00279.857 00283.492 00288.922 00294.559 00302.057 00310.303 00319.296 00329.334 00341.440 00353.956 00367.605 00381.924 00396.853 00412.980 -9999.0 -9999.0 -9999.0
-9999.0 -9999.0 -9999.0 -9999.0 -9999.0 -9999.0 -9999.0 -9999.0 -9999.0 -9999.0 -9999.0 -9999.0 -9999.0 -9999.0 -9999.0 -9999.0 -9999.0 -9999.0 -9999.0 -9999.0 00418.704 00408.067 00397.524 00387.304 00377.413 00367.597 00358.006 00348.518 00339.196 00330.921 00322.707 00314.630 00306.864 00299.130 00292.281 00285.755 00279.335 00273.620 00268.211 00263.485 00259.238 00255.583 00252.855 00254.193 00256.004 00258.800 00262.296 00267.554 00273.056 00280.535 00288.764 00297.586 00308.114 00320.137 00332.597 00346.321 00360.662 00375.334 00393.010 00411.393 -9999.0 -9999.0
-9999.0 -9999.0 -9999.0 -9999.0 -9999.0 -9999.0 -9999.0 -9999.0 -9999.0 -9999.0 -9999.0 -9999.0 -9999.0 -9999.0 -9999.0 -9999.0 -9999.0 -9999.0 -9999.0 00416.650 00405.732 00394.917 00384.461 00374.117 00363.851 00353.985 00344.354 00334.857 00325.534 00316.265 00307.798 00299.740 00291.738 00284.079 00276.478 00269.625 00263.222 00256.898 00251.358 00246.049 00241.602 00237.594 00233.870 00233.887 00235.610 00238.089 00241.530 00246.534 00251.899 00259.366 00267.554 00276.218 00287.267 00299.195 00311.928 00325.549 00339.737 00355.550 00373.442 00391.726 00410.737 -9999.0
-9999.0 -9999.0 -9999.0 -9999.0 -9999.0 -9999.0 -9999.0 -9999.0 -9999.0 -9999.0 -9999.0 -9999.0 -9999.0 -9999.0 -9999.0 -9999.0 -9999.0 -9999.0 00415.231 00404.181 00393.244 00382.445 00371.831 00361.304 00351.127 00341.048 00331.049 00321.566 00312.199 00302.987 00293.848 00285.062 00277.155 00269.297 00261.684 00254.210 00247.356 00241.083 00234.848 00229.472 00224.298 00220.056 00216.171 00213.641 00215.510 00217.672 00221.047 00225.823 00231.087 00238.551 00246.674 00255.172 00266.785 00278.569 00291.586 00305.184 00319.128 00336.631 00354.343 00372.651 00391.625 00411.331
-9999.0 -9999.0 -9999.0 -9999.0 -9999.0 -9999.0 -9999.0 -9999.0 -9999.0 -9999.0 -9999.0 -9999.0 -9999.0 -9999.0 -9999.0 -9999.0 -9999.0 00416.126 00404.258 00392.489 00381.019 00370.283 00359.651 00349.159 00338.823 00328.577 00318.679 00308.857 00299.182 00289.972 00280.826 00271.829 00262.883 00254.940 00247.232 00239.685 00232.313 00225.450 00219.273 00213.133 00207.907 00203.004 00198.846 00194.741 00195.614 00197.600 00200.856 00205.395 00210.578 00218.029 00226.091 00235.118 00246.649 00258.582 00271.581 00285.045 00300.813 00318.086 00335.695 00354.094 00373.107 00393.043
-9999.0 -9999.0 -9999.0 -9999.0 -9999.0 -9999.0 -9999.0 -9999.0 -9999.0 -9999.0 -9999.0 -9999.0 -9999.0 -9999.0 -9999.0 -9999.0 00417.797 00405.764 00393.986 00382.321 00370.755 00359.280 00347.912 00337.243 00326.940 00316.757 00306.681 00296.698 00287.039 00277.446 00268.099 00259.107 00250.201 00241.390 00233.092 00225.517 00218.027 00210.738 00203.869 00197.793 00191.755 00186.674 00181.995 00177.741 00175.771 00177.966 00180.965 00185.268 00190.366 00197.806 00205.771 00215.418 00226.817 00239.054 00251.926 00265.906 00282.775 00299.827 00317.699 00336.015 00355.360 00375.096
-9999.0 -9999.0 -9999.0 -9999.0 -9999.0 -9999.0 -9999.0 -9999.0 -9999.0 -9999.0 -9999.0 -9999.0 -9999.0 -9999.0 -9999.0 -9999.0 00407.839 00395.908 00384.094 00372.391 00360.790 00349.410 00338.141 00326.967 00315.883 00305.045 00295.034 00285.122 00275.291 00265.572 00256.135 00246.766 00237.749 00228.969 00220.243 00211.567 00204.096 00196.708 00189.501 00182.623 00176.639 00170.744 00165.727 00161.140 00156.703 00158.397 00161.309 00165.392 00170.435 00177.885 00185.719 00196.001 00207.271 00219.774 00232.448 00248.372 00265.029 00282.297 00300.011 00318.824 00337.950 00357.443
-9999.0 -9999.0 -9999.0 -9999.0 -9999.0 -9999.0 -9999.0 -9999.0 -9999.0 -9999.0 -9999.0 -9999.0 -9999.0 -9999.0 -9999.0 00410.660 00398.527 00386.517 00374.623 00362.836 00351.271 00339.873 00328.581 00317.392 00306.390 00295.463 00284.615 00273.831 00263.881 00254.218 00244.643 00235.177 00225.946 00216.767 00208.041 00199.432 00190.877 00182.976 00175.729 00168.574 00161.644 00155.731 00149.963 00145.015 00140.314 00138.710 00141.862 00145.715 00150.688 00158.200 00165.879 00176.866 00188.403 00200.707 00214.750 00231.107 00247.841 00265.016 00283.290 00301.903 00320.832 00340.067
-9999.0 -9999.0 -9999.0 -9999.0 -9999.0 -9999.0 -9999.0 -9999.0 -9999.0 -9999.0 -9999.0 -9999.0 -9999.0 -9999.0 00414.068 00401.660 00389.380 00377.371 00365.558 00353.837 00342.251 00330.776 00319.406 00308.199 00297.181 00286.259 00275.424 00264.725 00254.103 00243.545 00233.450 00224.019 00214.658 00205.421 00196.371 00187.428 00178.941 00170.492 00162.076 00154.956 00147.875 00140.871 00135.041 00129.395 00124.342 00119.119 00122.436 00126.236 00131.149 00138.674 00146.905 00157.953 00169.736 00181.871 00197.910 00214.244 00230.992 00248.696 00266.817 00285.257 00303.964 00322.973
-9999.0 -9999.0 -9999.0 -9999.0 -9999.0 -9999.0 -9999.0 -9999.0 -9999.0 -9999.0 -9999.0 -9999.0 -9999.0 00418.107 00405.632 00393.319 00381.126 00369.047 00357.061 00345.206 00333.464 00322.012 00310.720 00299.532 00288.433 00277.425 00266.510 00255.839 00245.261 00234.763 00224.331 00213.955 00203.646 00194.378 00185.270 00176.282 00167.387 00158.692 00150.311 00141.948 00134.388 00127.394 00120.433 00114.562 00108.934 00103.478 00102.754 00106.912 00111.891 00119.347 00128.250 00139.361 00151.207 00165.357 00181.428 00197.778 00214.974 00232.652 00250.602 00268.819 00287.336 00306.378
-9999.0 -9999.0 -9999.0 -9999.0 -9999.0 -9999.0 -9999.0 -9999.0 -9999.0 -9999.0 -9999.0 -9999.0 -9999.0 00409.892 00397.478 00385.194 00373.029 00360.974 00349.039 00337.266 00325.603 00314.047 00302.597 00291.230 00279.966 00269.003 00258.156 00247.405 00236.742 00226.157 00215.741 00205.440 00195.207 00185.041 00174.918 00165.251 00156.382 00147.575 00138.833 00130.368 00122.078 00114.021 00107.080 00100.158 00094.159 00088.317 00082.493 00087.649 00092.707 00100.112 00109.805 00121.058 00133.266 00149.254 00165.311 00182.029 00199.292 00216.844 00234.608 00252.624 00271.163 00290.348
-9999.0 -9999.0 -9999.0 -9999.0 -9999.0 -9999.0 -9999.0 -9999.0 -9999.0 -9999.0 -9999.0 -9999.0 00414.279 00401.795 00389.443 00377.213 00365.110 00353.117 00341.262 00329.520 00317.889 00306.367 00294.931 00283.625 00272.425 00261.318 00250.307 00239.396 00228.565 00218.035 00207.584 00197.211 00186.921 00176.743 00166.677 00156.636 00146.616 00136.620 00127.920 00119.285 00110.700 00102.370 00094.074 00086.844 00079.960 00073.596 00067.173 00067.631 00073.570 00080.895 00091.468 00102.678 00117.509 00133.385 00149.728 00166.698 00183.862 00201.201 00218.802 00236.897 00255.572 00274.695
-9999.0 -9999.0 -9999.0 -9999.0 -9999.0 -9999.0 -9999.0 -9999.0 -9999.0 -9999.0 -9999.0 00419.117 00406.448 00393.924 00381.527 00369.365 00357.309 00345.386 00333.580 00321.886 00310.307 00298.849 00287.487 00276.219 00265.046 00253.971 00242.995 00232.104 00221.321 00210.614 00199.987 00189.445 00179.011 00168.832 00158.708 00148.640 00138.629 00128.709 00118.794 00108.837 00099.736 00091.202 00082.789 00074.487 00066.660 00059.837 00052.934 00046.807 00054.556 00062.118 00073.142 00085.965 00101.878 00117.963 00134.667 00151.540 00168.564 00185.769 00203.439 00221.687 00240.263 00259.519
-9999.0 -9999.0 -9999.0 -9999.0 -9999.0 -9999.0 -9999.0 -9999.0 -9999.0 -9999.0 -9999.0 00411.722 00399.085 00386.633 00374.303 00362.087 00349.988 00338.015 00326.157 00314.410 00302.873 00291.446 00280.127 00268.903 00257.778 00246.756 00235.836 00224.996 00214.234 00203.554 00192.956 00182.444 00172.011 00161.639 00151.320 00141.054 00130.903 00120.988 00111.080 00101.182 00091.293 00081.376 00071.516 00063.200 00054.961 00046.837 00039.528 00031.706 00034.759 00044.020 00054.846 00070.474 00086.509 00103.102 00119.762 00136.504 00153.409 00170.740 00188.561 00206.639 00226.163 00246.948
-9999.0 -9999.0 -9999.0 -9999.0 -9999.0 -9999.0 -9999.0 -9999.0 -9999.0 -9999.0 00417.395 00404.681 00392.111 00379.666 00367.342 00355.113 00343.037 00331.080 00319.247 00307.570 00295.986 00284.505 00273.120 00261.832 00250.643 00239.643 00228.759 00217.955 00207.233 00196.594 00186.049 00175.578 00165.165 00154.807 00144.506 00134.261 00124.078 00113.942 00103.822 00093.718 00083.722 00073.856 00063.971 00054.087 00044.236 00035.636 00027.640 00019.224 00013.592 00026.169 00039.363 00055.285 00071.756 00088.309 00104.921 00121.595 00138.612 00156.117 00173.811 00193.561 00213.931 00234.663
-9999.0 -9999.0 -9999.0 -9999.0 -9999.0 -9999.0 -9999.0 -9999.0 -9999.0 -9999.0 00410.817 00397.985 00385.279 00372.796 00360.526 00348.383 00336.363 00324.461 00312.673 00300.994 00289.413 00277.938 00266.566 00255.299 00244.148 00233.107 00222.148 00211.271 00200.475 00189.767 00179.212 00168.764 00158.375 00148.044 00137.773 00127.567 00117.406 00107.270 00097.154 00087.059 00076.985 00066.935 00056.920 00046.991 00037.200 00027.515 00017.824 00008.396 0.0 00000.000 00024.755 00040.796 00057.075 00073.564 00090.126 00106.962 00124.159 00141.772 00161.704 00181.738 00202.136 00222.897
-9999.0 -9999.0 -9999.0 -9999.0 -9999.0 -9999.0 -9999.0 -9999.0 -9999.0 00418.291 00405.391 00392.631 00379.998 00367.484 00355.065 00342.796 00330.645 00318.605 00306.678 00294.846 00283.122 00271.511 00260.182 00248.958 00237.837 00226.802 00215.853 00204.994 00194.229 00183.559 00172.962 00162.424 00151.945 00141.527 00131.170 00120.917 00110.765 00100.636 00090.529 00080.445 00070.385 00060.345 00050.386 00040.517 00030.737 00021.046 00011.441 00000.000 0.0 0.0 00000.000 00026.502 00042.559 00058.868 00075.534 00092.529 00110.794 00130.446 00150.250 00170.269 00191.192 00212.930
-9999.0 -9999.0 -9999.0 -9999.0 -9999.0 -9999.0 -9999.0 -9999.0 -9999.0 00413.042 00400.181 00387.459 00374.864 00362.389 00350.035 00337.814 00325.712 00313.728 00301.854 00290.077 00278.406 00266.835 00255.366 00244.001 00232.721 00221.527 00210.416 00199.394 00188.460 00177.593 00166.785 00156.274 00145.822 00135.427 00125.086 00114.790 00104.525 00094.290 00084.085 00073.913 00063.799 00053.801 00043.898 00034.084 00024.359 00014.727 00000.000 0.0 0.0 0.0 0.0 00000.000 00028.250 00044.422 00061.066 00080.078 00099.630 00119.218 00139.835 00160.938 00182.253 00203.836
-9999.0 -9999.0 -9999.0 -9999.0 -9999.0 -9999.0 -9999.0 -9999.0 -9999.0 00408.259 00395.422 00382.722 00370.154 00357.691 00345.362 00333.156 00321.076 00309.114 00297.255 00285.501 00273.847 00262.295 00250.848 00239.512 00228.262 00217.096 00206.017 00195.037 00184.151 00173.331 00162.568 00151.860 00141.206 00130.602 00120.058 00109.538 00099.037 00088.557 00078.097 00067.743 00057.596 00047.551 00037.609 00027.768 00018.048 00008.455 0.0 0.0 0.0 0.0 0.0 0.0 00000.000 00030.510 00049.656 00069.034 00089.622 00110.356 00131.163 00152.401 00174.191 00196.232
-9999.0 -9999.0 -9999.0 -9999.0 -9999.0 -9999.0 -9999.0 -9999.0 00416.564 00403.627 00390.832 00378.168 00365.625 00353.190 00340.908 00328.746 00316.702 00304.774 00292.933 00281.215 00269.598 00258.085 00246.677 00235.364 00224.137 00212.989 00201.925 00190.951 00180.069 00169.248 00158.489 00147.792 00137.155 00126.584 00116.058 00105.556 00095.076 00084.616 00074.178 00063.758 00053.390 00043.119 00032.945 00022.661 00012.435 00000.000 0.0 0.0 0.0 0.0 0.0 0.0 00000.000 00018.970 00039.287 00060.079 00081.229 00102.498 00124.043 00145.614 00167.475 00189.717
-9999.0 -9999.0 -9999.0 -9999.0 -9999.0 -9999.0 -9999.0 -9999.0 00412.886 00399.992 00387.238 00374.612 00362.106 00349.721 00337.467 00325.334 00313.318 00301.418 00289.618 00277.925 00266.334 00254.847 00243.467 00232.174 00220.969 00209.849 00198.821 00187.883 00177.024 00166.227 00155.490 00144.812 00134.191 00123.630 00113.105 00102.606 00092.128 00081.671 00071.244 00060.744 00050.274 00039.773 00029.029 00018.610 00010.309 00000.000 0.0 0.0 0.0 0.0 0.0 0.0 0.0 00015.829 00034.749 00054.393 00074.995 00095.881 00117.026 00138.852 00161.294 00183.877
-9999.0 -9999.0 -9999.0 -9999.0 -9999.0 -9999.0 -9999.0 -9999.0 00409.555 00396.712 00384.004 00371.422 00358.961 00346.629 00334.419 00322.327 00310.355 00298.495 00286.734 00275.072 00263.510 00252.052 00240.698 00229.430 00218.248 00207.153 00196.147 00185.231 00174.388 00163.680 00153.036 00142.453 00131.933 00121.458 00110.994 00100.532 00090.065 00079.494 00068.759 00058.075 00048.963 00040.229 00031.733 00023.341 00015.278 00008.024 00000.000 0.0 0.0 0.0 0.0 0.0 00000.000 00023.335 00041.167 00059.889 00079.495 00099.605 00120.146 00140.993 00162.215 00183.796
-9999.0 -9999.0 -9999.0 -9999.0 -9999.0 -9999.0 -9999.0 00419.488 00406.528 00393.722 00381.048 00368.497 00356.044 00343.740 00331.561 00319.495 00307.623 00295.858 00284.200 00272.640 00261.182 00249.832 00238.587 00227.424 00216.342 00205.344 00194.433 00183.614 00172.864 00162.177 00151.550 00141.014 00130.491 00119.955 00109.414 00098.862 00089.033 00079.909 00070.831 00061.796 00052.956 00044.453 00036.041 00028.179 00020.907 00013.705 00006.555 0.0 0.0 0.0 0.0 00000.000 00017.602 00031.932 00047.707 00065.675 00084.305 00103.700 00123.397 00143.887 00164.571 00185.826
-9999.0 -9999.0 -9999.0 -9999.0 -9999.0 -9999.0 -9999.0 00416.897 00404.054 00391.352 00378.781 00366.333 00353.987 00341.792 00329.718 00317.758 00305.912 00294.157 00282.514 00270.974 00259.538 00248.207 00236.973 00225.892 00214.917 00204.020 00193.196 00182.446 00171.745 00161.084 00150.460 00139.785 00129.805 00120.327 00110.926 00101.626 00092.454 00083.393 00074.380 00065.682 00057.145 00048.787 00041.316 00033.935 00026.654 00019.421 00012.232 00000.000 0.0 0.0 0.0 00012.827 00027.003 00041.367 00056.212 00072.424 00090.517 00108.646 00128.138 00147.760 00167.909 00188.859
-9999.0 -9999.0 -9999.0 -9999.0 -9999.0 -9999.0 -9999.0 00414.981 00402.173 00389.502 00376.957 00364.531 00352.212 00340.034 00327.974 00316.105 00304.372 00292.723 00281.194 00269.763 00258.433 00247.207 00236.076 00225.033 00214.074 00203.152 00192.293 00181.505 00171.148 00161.369 00151.698 00142.146 00132.668 00123.265 00114.005 00104.935 00095.873 00087.135 00078.558 00069.989 00062.160 00054.588 00047.139 00039.763 00032.432 00025.156 00017.936 00010.759 00000.000 0.0 00000.000 00022.186 00036.489 00050.979 00065.712 00080.968 00097.361 00115.501 00133.673 00152.820 00172.698 00192.782
-9999.0 -9999.0 -9999.0 -9999.0 -9999.0 -9999.0 -9999.0 00413.188 00400.499 00387.944 00375.514 00363.201 00351.002 00338.936 00326.987 00315.152 00303.429 00291.821 00280.372 00269.010 00257.736 00246.552 00235.430 00224.336 00213.609 00203.494 00193.468 00183.553 00173.738 00164.050 00154.481 00144.957 00135.668 00126.542 00117.445 00108.677 00100.077 00091.484 00083.294 00075.630 00068.007 00060.492 00053.025 00045.615 00038.252 00030.934 00023.686 00016.484 00010.354 00000.000 00017.762 00031.646 00046.060 00060.678 00075.456 00090.455 00105.895 00122.427 00140.630 00159.030 00177.824 00197.980
-9999.0 -9999.0 -9999.0 -9999.0 -9999.0 -9999.0 -9999.0 00412.148 00399.470 00386.926 00374.506 00362.242 00350.147 00338.181 00326.330 00314.582 00302.932 00291.361 00279.889 00268.503 00257.284 00246.801 00236.443 00226.186 00216.013 00205.921 00195.927 00186.169 00176.494 00166.866 00157.570 00148.340 00139.149 00130.315 00121.685 00113.064 00104.538 00096.815 00089.119 00081.518 00073.983 00066.460 00058.952 00051.494 00044.092 00036.840 00029.602 00024.376 00018.701 00020.667 00029.866 00041.705 00055.725 00070.451 00085.257 00100.112 00115.363 00130.968 00147.757 00166.091 00184.715 00203.667
