examples/flatland/Outputs/centerIgnit/b_RAWS/singleWinds/flatland_centerIgnit_3mph120deg7hr_RAWS/flatland_centerIgnit_3mph120deg7hr_RAWS_Intensity.asc
NCOLS 100
NROWS 100
XLLCORNER 20000.000000
YLLCORNER 20000.000000
CELLSIZE 30.000000
NODATA_VALUE -9999.0
[rows 28 to 55 of 100, columns 0 to 62 of 100]
-9999.0 -9999.0 -9999.0 -9999.0 -9999.0 -9999.0 -9999.0 -9999.0 -9999.0 -9999.0 00042.212 00042.793 00043.321 00043.814 00044.280 00044.572 00045.203 00045.716 00046.181 00046.641 00047.086 00047.500 00047.730 00048.263 00048.640 00048.985 00049.302 00049.653 00049.893 00049.796 00049.765 00049.908 00049.956 00049.987 00049.886 00049.551 00049.225 00048.902 00048.605 00048.222 00047.597 00046.062 00044.359 00042.563 00040.861 00039.692 00038.714 00037.751 00036.575 00035.346 00034.336 00033.468 00032.647 00031.284 00030.289 00029.326 00028.587 00027.904 00027.294 00026.819 00026.362 00025.780 00025.058
-9999.0 -9999.0 -9999.0 -9999.0 -9999.0 -9999.0 -9999.0 -9999.0 -9999.0 -9999.0 00042.514 00043.073 00043.600 00044.098 00044.506 00044.760 00045.567 00046.032 00046.491 00046.954 00047.423 00047.715 00048.198 00048.647 00049.041 00049.439 00049.835 00050.210 00050.461 00050.686 00050.598 00050.545 00050.730 00050.790 00050.801 00050.641 00050.267 00049.862 00049.301 00048.772 00048.536 00047.607 00045.731 00043.661 00041.567 00040.257 00039.032 00038.228 00037.160 00035.836 00034.731 00033.755 00032.937 00031.398 00030.504 00029.677 00028.857 00028.169 00027.558 00027.165 00026.648 00026.046 00025.392
-9999.0 -9999.0 -9999.0 -9999.0 -9999.0 -9999.0 -9999.0 -9999.0 -9999.0 00042.093 00042.749 00043.348 00043.858 00044.343 00044.621 00045.382 00045.868 00046.346 00046.808 00047.272 00047.641 00048.016 00048.559 00048.989 00049.431 00049.880 00050.325 00050.676 00050.943 00051.261 00051.554 00051.474 00051.555 00051.619 00051.645 00051.617 00051.097 00050.616 00050.389 00049.965 00049.406 00048.888 00047.211 00044.862 00042.399 00040.822 00039.753 00038.806 00037.572 00036.091 00035.190 00034.099 00033.010 00031.689 00030.713 00029.879 00029.141 00028.434 00027.917 00027.427 00026.935 00026.283 00025.605
-9999.0 -9999.0 -9999.0 -9999.0 -9999.0 -9999.0 -9999.0 -9999.0 -9999.0 00042.245 00042.870 00043.473 00044.052 00044.499 00044.925 00045.646 00046.147 00046.634 00047.113 00047.567 00047.826 00048.416 00048.857 00049.321 00049.803 00050.288 00050.727 00051.045 00051.444 00051.781 00052.035 00052.238 00052.375 00052.461 00052.340 00052.008 00052.107 00051.676 00051.324 00050.942 00050.330 00049.758 00049.102 00046.460 00043.397 00041.384 00040.247 00039.277 00037.983 00036.540 00035.478 00034.366 00033.346 00032.120 00030.915 00030.090 00029.370 00028.770 00028.275 00027.744 00027.063 00026.517 00025.794
-9999.0 -9999.0 -9999.0 -9999.0 -9999.0 -9999.0 -9999.0 -9999.0 00041.609 00042.404 00043.014 00043.584 00044.125 00044.484 00045.344 00045.897 00046.377 00046.885 00047.402 00047.737 00048.234 00048.721 00049.172 00049.645 00050.147 00050.664 00051.017 00051.451 00051.866 00052.254 00052.644 00052.903 00053.170 00053.056 00053.147 00053.051 00052.818 00052.531 00052.190 00051.811 00051.331 00050.614 00049.585 00048.124 00045.519 00041.851 00040.785 00039.482 00038.337 00036.909 00035.752 00034.646 00033.386 00032.294 00031.134 00030.298 00029.605 00029.103 00028.657 00028.016 00027.357 00026.588 00025.974
-9999.0 -9999.0 -9999.0 -9999.0 -9999.0 -9999.0 -9999.0 -9999.0 00041.875 00042.520 00043.128 00043.703 00044.216 00044.523 00045.406 00046.009 00046.582 00047.121 00047.576 00047.932 00048.551 00049.011 00049.492 00049.982 00050.499 00050.914 00051.338 00051.805 00052.237 00052.686 00053.120 00053.566 00053.650 00053.871 00053.894 00053.802 00053.683 00053.430 00053.112 00052.729 00052.310 00051.708 00050.945 00048.835 00046.605 00043.872 00041.479 00040.011 00038.749 00037.548 00036.078 00034.835 00033.649 00032.120 00031.384 00030.561 00029.892 00029.439 00028.933 00028.283 00027.553 00026.679 00025.970
-9999.0 -9999.0 -9999.0 -9999.0 -9999.0 -9999.0 -9999.0 -9999.0 00041.941 00042.625 00043.224 00043.787 00044.205 00044.963 00045.543 00046.121 00046.688 00047.262 00047.668 00048.272 00048.771 00049.280 00049.799 00050.324 00050.806 00051.185 00051.656 00052.111 00052.587 00053.073 00053.561 00053.908 00053.980 00054.501 00054.568 00054.599 00054.486 00054.352 00054.066 00053.714 00053.186 00052.519 00051.718 00050.486 00047.939 00044.795 00041.638 00040.238 00039.066 00037.892 00036.332 00035.012 00033.639 00032.256 00031.330 00030.839 00030.256 00029.792 00029.166 00028.538 00027.641 00026.735 00025.870
-9999.0 -9999.0 -9999.0 -9999.0 -9999.0 -9999.0 -9999.0 -9999.0 00041.927 00042.593 00043.226 00043.832 00044.187 00045.051 00045.629 00046.212 00046.791 00047.334 00047.709 00048.405 00048.966 00049.513 00050.058 00050.637 00051.041 00051.508 00051.972 00052.433 00052.917 00053.428 00053.960 00053.994 00054.609 00054.908 00055.211 00055.308 00055.328 00055.271 00055.071 00054.464 00053.924 00053.322 00052.637 00051.963 00049.614 00046.075 00041.956 00040.534 00039.265 00037.948 00036.475 00035.170 00033.557 00032.371 00031.654 00030.909 00030.656 00030.068 00029.403 00028.641 00027.718 00026.786 00025.959
-9999.0 -9999.0 -9999.0 -9999.0 -9999.0 -9999.0 -9999.0 00041.195 00041.891 00042.547 00043.169 00043.756 00044.082 00045.064 00045.700 00046.277 00046.857 00047.328 00047.877 00048.485 00049.052 00049.652 00050.289 00050.815 00051.272 00051.797 00052.270 00052.762 00053.264 00053.784 00054.013 00054.551 00054.902 00055.238 00055.575 00055.899 00056.086 00056.219 00055.815 00055.339 00054.736 00054.226 00053.527 00052.564 00050.609 00047.577 00044.092 00041.005 00039.433 00038.030 00036.395 00034.706 00033.357 00032.503 00031.797 00031.333 00030.861 00030.361 00029.648 00028.644 00027.663 00026.831 00025.991
-9999.0 -9999.0 -9999.0 -9999.0 -9999.0 -9999.0 -9999.0 00041.147 00041.836 00042.484 00043.097 00043.611 00044.223 00044.980 00045.604 00046.233 00046.879 00047.309 00047.976 00048.505 00049.110 00049.741 00050.387 00050.885 00051.469 00052.007 00052.536 00053.078 00053.608 00054.025 00054.267 00054.791 00055.159 00055.535 00055.901 00056.258 00056.523 00056.443 00056.536 00056.306 00055.663 00055.183 00054.517 00053.567 00051.780 00049.031 00045.544 00041.766 00039.431 00037.848 00036.203 00034.472 00033.477 00032.659 00031.992 00031.617 00031.136 00030.503 00029.742 00028.594 00027.662 00026.829 00026.055
-9999.0 -9999.0 -9999.0 -9999.0 -9999.0 -9999.0 -9999.0 00041.094 00041.772 00042.409 00043.012 00043.468 00044.269 00044.891 00045.506 00046.126 00046.746 00047.171 00047.928 00048.508 00049.121 00049.769 00050.404 00050.934 00051.529 00052.113 00052.730 00053.320 00053.914 00054.039 00054.686 00055.053 00055.412 00055.792 00056.188 00056.595 00056.720 00056.859 00056.856 00056.714 00056.502 00055.990 00055.406 00054.666 00053.848 00051.133 00047.448 00042.175 00039.424 00037.684 00036.075 00034.304 00033.405 00032.648 00032.295 00031.920 00031.260 00030.636 00029.614 00028.569 00027.619 00026.805 00026.123
-9999.0 -9999.0 -9999.0 -9999.0 -9999.0 -9999.0 -9999.0 00040.960 00041.641 00042.295 00042.924 00043.330 00044.175 00044.791 00045.402 00046.020 00046.579 00047.098 00047.816 00048.435 00049.077 00049.761 00050.349 00050.919 00051.536 00052.163 00052.792 00053.461 00053.969 00054.507 00054.888 00055.281 00055.683 00056.068 00056.457 00056.767 00056.843 00057.069 00057.169 00057.120 00057.005 00056.863 00056.310 00055.680 00055.140 00054.025 00049.650 00044.446 00039.656 00037.714 00035.870 00034.388 00033.217 00032.652 00032.455 00032.093 00031.332 00030.548 00029.470 00028.530 00027.563 00026.705 00025.995
-9999.0 -9999.0 -9999.0 -9999.0 -9999.0 -9999.0 -9999.0 00040.820 00041.442 00042.091 00042.712 00043.113 00044.029 00044.674 00045.293 00045.906 00046.420 00047.013 00047.713 00048.358 00049.000 00049.686 00050.233 00050.858 00051.489 00052.124 00052.789 00053.490 00053.776 00054.539 00055.075 00055.483 00055.879 00056.313 00056.751 00056.799 00057.042 00057.192 00057.342 00057.456 00057.510 00057.379 00057.358 00057.103 00056.715 00055.096 00052.056 00047.496 00041.813 00038.155 00035.757 00034.003 00033.083 00032.760 00032.618 00032.145 00031.371 00030.588 00029.349 00028.286 00027.494 00026.645 00025.832
-9999.0 -9999.0 -9999.0 -9999.0 -9999.0 -9999.0 -9999.0 00040.435 00041.117 00041.727 00042.375 00042.786 00043.778 00044.446 00045.083 00045.728 00046.236 00046.916 00047.528 00048.166 00048.846 00049.559 00050.109 00050.746 00051.369 00052.028 00052.727 00053.398 00053.692 00054.438 00054.968 00055.518 00056.069 00056.523 00056.765 00057.002 00057.158 00057.293 00057.444 00057.597 00057.743 00057.907 00058.193 00058.598 00058.564 00058.176 00055.662 00050.705 00042.262 00038.301 00035.841 00033.688 00033.022 00032.878 00032.620 00031.936 00031.091 00030.188 00029.034 00028.197 00027.436 00026.581 00025.813
-9999.0 -9999.0 -9999.0 -9999.0 -9999.0 -9999.0 -9999.0 00039.686 00040.592 00041.343 00041.968 00042.341 00043.326 00044.000 00044.683 00045.388 00045.933 00046.705 00047.328 00047.973 00048.628 00049.274 00049.856 00050.538 00051.214 00051.904 00052.599 00053.127 00053.767 00054.310 00054.863 00055.455 00056.003 00056.573 00056.736 00057.050 00057.229 00057.410 00057.554 00057.699 00057.855 00058.306 00058.983 00059.646 00059.945 00060.005 00057.705 00053.278 00046.394 00038.776 00035.759 00034.037 00033.268 00033.001 00032.606 00031.634 00030.775 00029.864 00028.814 00028.014 00027.207 00026.480 00025.653
-9999.0 -9999.0 -9999.0 -9999.0 -9999.0 -9999.0 -9999.0 00039.151 00039.892 00040.603 00041.254 00041.679 00042.687 00043.426 00044.172 00044.842 00045.129 00045.894 00046.656 00047.507 00048.339 00048.761 00049.424 00050.185 00050.929 00051.640 00052.392 00052.832 00053.561 00054.073 00054.645 00055.306 00055.934 00056.341 00056.663 00056.957 00057.272 00057.459 00057.643 00057.819 00058.125 00058.722 00059.505 00060.209 00060.926 00061.395 00061.684 00057.525 00049.203 00038.365 00035.415 00034.457 00033.814 00033.136 00032.265 00031.273 00030.355 00029.549 00028.604 00027.819 00027.057 00026.278 00025.483
-9999.0 -9999.0 -9999.0 -9999.0 -9999.0 -9999.0 -9999.0 00038.642 00039.305 00039.919 00040.495 00040.869 00041.704 00042.344 00042.998 00043.679 00044.293 00045.022 00045.657 00046.334 00047.267 00048.175 00048.815 00049.531 00050.275 00051.076 00051.864 00052.450 00053.312 00053.656 00054.252 00054.958 00055.613 00055.994 00056.436 00056.731 00057.018 00057.330 00057.693 00057.900 00058.476 00059.261 00059.966 00060.687 00061.433 00062.175 00062.876 00063.559 -9999.0 -9999.000 00035.716 00035.043 00034.386 00033.545 00031.889 00030.770 00029.866 00029.078 00028.379 00027.539 00026.733 00025.947 00025.342
-9999.0 -9999.0 -9999.0 -9999.0 -9999.0 -9999.0 -9999.0 00038.169 00038.826 00039.438 00040.013 00040.428 00041.207 00041.792 00042.369 00042.945 00043.525 00044.262 00044.858 00045.487 00046.208 00047.077 00047.743 00048.524 00049.376 00050.322 00050.696 00051.017 00052.052 00052.840 00053.486 00054.206 00054.976 00055.332 00056.071 00056.428 00056.610 00057.022 00057.394 00057.989 00058.908 00059.686 00060.449 00061.172 00061.932 00062.638 00063.363 -9999.000 -9999.0 -9999.0 -9999.000 00035.631 00034.954 00033.493 00031.628 00030.142 00029.353 00028.537 00028.031 00027.120 00026.212 00025.401 00024.585
-9999.0 -9999.0 -9999.0 -9999.0 -9999.0 -9999.0 -9999.0 00037.548 00038.396 00039.004 00039.574 00040.038 00040.728 00041.304 00041.810 00042.388 00042.918 00043.482 00044.087 00044.668 00045.288 00045.911 00046.391 00046.950 00047.570 00048.239 00049.268 00049.742 00050.526 00051.602 00052.537 00053.379 00054.068 00053.771 00054.459 00055.158 00055.673 00056.110 00056.453 00057.700 00058.921 00059.561 00060.853 00061.675 00062.396 00063.112 -9999.000 -9999.0 -9999.0 -9999.0 -9999.0 -9999.000 00035.502 00033.126 00031.423 00029.270 00028.748 00027.630 00026.848 00026.114 00025.618 00024.804 00023.996
-9999.0 -9999.0 -9999.0 -9999.0 -9999.0 -9999.0 -9999.0 -9999.0 00037.886 00038.501 00039.073 00039.602 00039.998 00040.783 00041.237 00041.780 00042.321 00042.722 00043.356 00043.905 00044.489 00045.118 00045.589 00046.167 00046.732 00047.324 00048.055 00048.596 00049.211 00049.752 00050.326 00050.892 00051.492 00052.077 00052.531 00052.908 00054.499 00055.031 00054.636 00055.718 00057.368 00058.552 00059.262 00060.994 00062.895 00063.559 -9999.0 -9999.0 -9999.0 -9999.0 -9999.0 -9999.0 -9999.000 00032.147 00030.222 00028.200 00026.869 00026.547 00025.949 00025.331 00024.744 00024.180 00023.592
-9999.0 -9999.0 -9999.0 -9999.0 -9999.0 -9999.0 -9999.0 -9999.0 00037.282 00037.892 00038.457 00038.987 00039.289 00040.109 00040.665 00041.209 00041.752 00042.106 00042.741 00043.263 00043.817 00044.410 00044.907 00045.426 00045.839 00046.391 00046.993 00047.544 00048.011 00048.414 00048.814 00049.220 00049.621 00050.186 00050.592 00050.737 00051.022 00051.192 00052.117 00052.930 00054.414 00056.461 00057.415 00058.673 00060.167 -9999.000 -9999.0 -9999.0 -9999.0 -9999.0 -9999.0 -9999.0 -9999.000 00030.093 00028.209 00026.832 00025.782 00025.474 00025.152 00024.773 00024.247 00023.813 00023.261
-9999.0 -9999.0 -9999.0 -9999.0 -9999.0 -9999.0 -9999.0 -9999.0 00036.659 00037.264 00037.823 00038.343 00038.715 00039.414 00039.977 00040.597 00041.117 00041.524 00042.067 00042.562 00043.081 00043.635 00044.160 00044.610 00045.022 00045.473 00046.012 00046.580 00046.662 00047.335 00047.718 00048.104 00048.411 00048.748 00048.928 00048.975 00048.991 00048.953 00049.276 00049.764 00050.111 00049.967 00052.522 00052.927 00052.792 -9999.000 -9999.0 -9999.0 -9999.0 -9999.0 -9999.0 -9999.0 -9999.0 00027.703 00026.338 00025.539 00025.155 00024.934 00024.799 00024.424 00023.991 00023.572 00022.982
-9999.0 -9999.0 -9999.0 -9999.0 -9999.0 -9999.0 -9999.0 -9999.0 -9999.0 00036.701 00037.265 00037.786 00038.256 00038.645 00039.341 00039.854 00040.349 00040.821 00041.170 00041.723 00042.195 00042.694 00043.226 00043.597 00044.082 00044.611 00045.108 00045.633 00045.897 00046.396 00046.734 00047.076 00047.161 00047.417 00047.386 00047.504 00047.500 00047.476 00047.431 00047.425 00047.640 00048.011 00048.418 00048.532 00048.422 00048.623 -9999.000 -9999.0 -9999.0 -9999.0 -9999.0 -9999.0 -9999.000 00026.431 00025.687 00025.004 00024.844 00024.704 00024.539 00024.156 00023.750 00023.295 00022.731
-9999.0 -9999.0 -9999.0 -9999.0 -9999.0 -9999.0 -9999.0 -9999.0 -9999.0 00036.129 00036.698 00037.223 00037.646 00037.884 00038.607 00039.081 00039.545 00040.010 00040.309 00040.834 00041.260 00041.718 00042.210 00042.631 00043.033 00043.606 00044.061 00044.498 00044.950 00045.144 00045.462 00045.717 00045.917 00046.097 00046.217 00046.197 00046.116 00046.005 00045.872 00045.699 00045.631 00045.835 00046.147 00046.742 00047.398 00048.065 00048.742 -9999.0 -9999.0 -9999.0 -9999.0 -9999.000 00026.681 00025.938 00025.191 00024.794 00024.647 00024.515 00024.264 00023.858 00023.357 00022.990 00022.469
-9999.0 -9999.0 -9999.0 -9999.0 -9999.0 -9999.0 -9999.0 -9999.0 -9999.0 00035.395 00036.129 00036.623 00037.044 00037.323 00037.867 00038.366 00038.797 00039.246 00039.643 00040.000 00040.477 00040.904 00041.356 00041.840 00042.163 00042.573 00042.951 00043.347 00043.699 00043.734 00044.033 00044.153 00044.258 00044.725 00045.026 00044.935 00044.875 00044.717 00044.522 00044.485 00044.531 00044.816 00045.472 00046.147 00046.826 00047.535 00048.200 -9999.000 -9999.0 -9999.0 -9999.0 00026.919 00026.186 00025.472 00024.845 00024.685 00024.536 00024.379 00023.988 00023.600 00023.232 00022.682 00022.178
-9999.0 -9999.0 -9999.0 -9999.0 -9999.0 -9999.0 -9999.0 -9999.0 -9999.0 -9999.0 00035.196 00035.695 00036.181 00036.744 00037.017 00037.719 00038.126 00038.528 00038.957 00039.219 00039.699 00040.081 00040.485 00040.913 00041.279 00041.604 00041.957 00042.309 00042.583 00042.742 00042.693 00043.147 00043.345 00043.543 00043.778 00043.937 00043.870 00043.981 00044.037 00044.178 00044.322 00044.466 00044.908 00045.624 00046.199 00046.862 00047.419 00047.581 -9999.000 -9999.0 -9999.000 00026.445 00025.712 00025.004 00024.745 00024.591 00024.380 00024.146 00023.742 00023.324 00022.923 00022.415 00021.930
-9999.0 -9999.0 -9999.0 -9999.0 -9999.0 -9999.0 -9999.0 -9999.0 -9999.0 -9999.0 00034.444 00035.179 00035.677 00036.148 00036.559 00037.033 00037.560 00037.772 00038.173 00038.537 00038.813 00039.250 00039.614 00039.947 00040.283 00040.470 00040.696 00040.879 00041.156 00041.581 00042.088 00042.300 00042.516 00042.746 00042.985 00043.304 00043.629 00043.755 00043.914 00044.052 00044.147 00044.113 00044.128 00044.332 00044.388 00044.173 00043.765 00041.699 00038.982 -9999.000 00027.760 00026.148 00025.251 00024.807 00024.644 00024.493 00024.299 00023.894 00023.511 00023.139 00022.603 00022.130 00021.691
-9999.0 -9999.0 -9999.0 -9999.0 -9999.0 -9999.0 -9999.0 -9999.0 -9999.0 -9999.0 -9999.0 00034.606 00035.061 00035.460 00035.810 00035.959 00036.499 00036.905 00037.383 00037.720 00037.933 00038.266 00038.534 00038.800 00039.113 00039.509 00039.788 00040.151 00040.507 00040.887 00041.298 00041.531 00041.951 00042.286 00042.631 00042.982 00043.347 00043.508 00043.522 00043.393 00043.279 00043.043 00042.473 00042.015 00041.729 00041.151 00040.504 00039.199 00034.856 00030.127 00026.811 00025.829 00025.057 00024.775 00024.566 00024.378 00024.032 00023.649 00023.192 00022.808 00022.312 00021.847 00021.361
