examples/flatland/Outputs/centerIgnit/b_RAWS/singleWinds/flatland_centerIgnit_3mph120deg7hr_RAWS/flatland_centerIgnit_3mph120deg7hr_RAWS_SpreadDirection.asc
NCOLS 100
NROWS 100
XLLCORNER 20000.000000
YLLCORNER 20000.000000
CELLSIZE 30.000000
NODATA_VALUE -9999.0
[rows 38 to 75 of 100, columns 0 to 83 of 100]
-9999 -9999 -9999 -9999 -9999 -9999 -9999 279 279 279 279 279 279 284 284 284 284 284 284 284 290 290 290 291 291 291 291 301 301 301 301 304 304 304 304 304 304 308 308 308 325 325 325 335 335 336 020 020 022 032 032 044 044 048 048 048 048 050 050 059 059 060 060 066 066 066 071 071 071 071 -9999 -9999 -9999 -9999 -9999 -9999 -9999 -9999 -9999 -9999 -9999 -9999 -9999 -9999
-9999 -9999 -9999 -9999 -9999 -9999 -9999 276 276 276 279 279 279 279 279 279 284 284 284 284 284 284 290 290 290 290 291 291 291 301 301 301 301 304 304 304 304 304 304 308 307 307 325 325 335 335 335 022 022 031 031 045 048 048 048 048 050 050 059 059 060 060 066 066 066 071 071 071 075 075 075 -9999 -9999 -9999 -9999 -9999 -9999 -9999 -9999 -9999 -9999 -9999 -9999 -9999
-9999 -9999 -9999 -9999 -9999 -9999 -9999 274 274 276 276 276 276 276 279 279 279 279 279 284 284 284 284 284 284 290 290 290 291 291 290 301 301 301 304 304 304 304 304 304 307 307 307 325 325 332 332 024 024 031 045 045 048 048 048 050 050 050 059 060 060 066 066 066 071 071 071 075 075 075 078 -9999 -9999 -9999 -9999 -9999 -9999 -9999 -9999 -9999 -9999 -9999 -9999 -9999
-9999 -9999 -9999 -9999 -9999 -9999 -9999 274 274 274 274 274 274 276 276 276 276 279 279 279 279 279 284 284 284 284 284 290 290 290 290 290 290 301 301 301 304 304 304 304 304 304 307 306 325 326 329 325 027 031 046 048 048 048 048 050 050 059 060 060 066 066 071 071 071 075 075 075 078 078 080 -9999 -9999 -9999 -9999 -9999 -9999 -9999 -9999 -9999 -9999 -9999 -9999 -9999
-9999 -9999 -9999 -9999 -9999 -9999 -9999 263 263 274 274 274 274 274 275 275 275 276 276 276 276 279 279 279 279 284 284 284 284 284 290 290 290 290 290 301 302 302 304 304 304 304 304 306 305 325 325 321 034 031 046 048 048 048 049 050 060 060 060 066 066 071 071 071 075 075 078 078 079 079 080 -9999 -9999 -9999 -9999 -9999 -9999 -9999 -9999 -9999 -9999 -9999 -9999 -9999
-9999 -9999 -9999 -9999 -9999 -9999 -9999 263 263 263 263 263 263 262 275 275 275 275 276 276 276 276 277 277 279 279 279 279 284 284 284 284 290 290 290 290 290 302 302 304 304 304 304 304 304 305 321 315 039 034 046 048 048 048 049 049 060 060 066 066 071 071 075 075 077 078 078 079 079 079 091 -9999 -9999 -9999 -9999 -9999 -9999 -9999 -9999 -9999 -9999 -9999 -9999 -9999
-9999 -9999 -9999 -9999 -9999 -9999 -9999 261 261 261 262 262 263 262 262 262 262 261 261 261 276 276 277 277 277 277 277 278 279 279 279 284 284 283 283 290 290 290 302 302 302 304 304 304 304 304 304 304 -9999 -9999 048 048 048 049 049 060 060 066 066 071 071 075 075 077 077 078 078 092 091 091 091 -9999 -9999 -9999 -9999 -9999 -9999 -9999 -9999 -9999 -9999 -9999 -9999 -9999
-9999 -9999 -9999 -9999 -9999 -9999 -9999 259 259 259 259 262 262 262 262 262 262 262 261 261 261 261 261 260 260 277 277 278 278 279 279 280 280 280 283 283 283 290 290 289 302 303 303 304 304 304 304 -9999 -9999 -9999 -9999 048 048 049 060 060 066 071 071 074 074 075 076 077 093 092 092 092 091 092 092 -9999 -9999 -9999 -9999 -9999 -9999 -9999 -9999 -9999 -9999 -9999 -9999 -9999
-9999 -9999 -9999 -9999 -9999 -9999 -9999 259 259 259 259 259 259 259 259 259 259 259 259 259 259 259 259 259 260 260 259 259 258 258 258 280 280 280 281 282 283 284 284 286 289 289 303 303 304 304 -9999 -9999 -9999 -9999 -9999 -9999 048 060 060 065 068 070 071 074 074 095 094 094 093 094 094 094 094 094 094 -9999 -9999 -9999 -9999 -9999 -9999 -9999 -9999 -9999 -9999 -9999 -9999 -9999
-9999 -9999 -9999 -9999 -9999 -9999 -9999 -9999 255 255 255 255 255 255 255 255 255 255 255 255 255 259 259 259 259 259 259 259 258 258 258 257 256 255 254 254 252 284 286 287 289 290 292 294 304 304 -9999 -9999 -9999 -9999 -9999 -9999 -9999 059 060 064 066 101 098 097 096 095 094 094 094 094 094 094 094 094 098 -9999 -9999 -9999 -9999 -9999 -9999 -9999 -9999 -9999 -9999 -9999 -9999 -9999
-9999 -9999 -9999 -9999 -9999 -9999 -9999 -9999 254 254 254 254 254 255 255 255 255 255 255 255 255 255 255 255 255 255 255 255 255 255 255 255 255 255 254 254 254 252 250 249 247 243 292 294 298 -9999 -9999 -9999 -9999 -9999 -9999 -9999 -9999 053 111 105 103 099 098 097 098 098 098 098 098 098 098 098 098 098 098 -9999 -9999 -9999 -9999 -9999 -9999 -9999 -9999 -9999 -9999 -9999 -9999 -9999
-9999 -9999 -9999 -9999 -9999 -9999 -9999 -9999 250 250 250 250 250 250 250 250 250 250 250 250 250 250 250 249 249 249 249 249 249 249 249 250 250 250 250 250 250 250 250 249 248 247 243 239 237 -9999 -9999 -9999 -9999 -9999 -9999 -9999 -9999 114 109 104 102 102 102 103 103 103 103 103 103 103 102 102 102 102 098 -9999 -9999 -9999 -9999 -9999 -9999 -9999 -9999 -9999 -9999 -9999 -9999 -9999
-9999 -9999 -9999 -9999 -9999 -9999 -9999 -9999 -9999 250 250 250 250 250 250 250 250 249 249 249 249 249 249 249 249 249 249 249 249 249 249 249 243 243 243 243 243 243 243 243 243 243 233 233 232 232 -9999 -9999 -9999 -9999 -9999 -9999 -9999 123 109 110 110 110 110 103 103 103 103 103 103 103 102 102 102 102 102 -9999 -9999 -9999 -9999 -9999 -9999 -9999 -9999 -9999 -9999 -9999 -9999 -9999
-9999 -9999 -9999 -9999 -9999 -9999 -9999 -9999 -9999 249 249 249 249 249 249 249 249 249 249 249 249 243 243 243 243 243 243 243 243 243 243 243 243 243 243 243 243 234 233 233 233 233 232 232 232 232 232 -9999 -9999 -9999 -9999 -9999 123 123 122 122 110 110 110 110 110 110 109 109 109 103 103 103 103 103 -9999 -9999 -9999 -9999 -9999 -9999 -9999 -9999 -9999 -9999 -9999 -9999 -9999 -9999
-9999 -9999 -9999 -9999 -9999 -9999 -9999 -9999 -9999 249 244 244 243 243 243 243 243 243 243 243 243 243 243 243 243 242 242 242 242 242 242 242 234 234 234 234 234 234 234 232 232 232 232 232 232 232 232 -9999 -9999 -9999 -9999 123 123 123 123 121 121 121 121 110 111 111 109 109 109 109 109 109 109 103 -9999 -9999 -9999 -9999 -9999 -9999 -9999 -9999 -9999 -9999 -9999 -9999 -9999 -9999
-9999 -9999 -9999 -9999 -9999 -9999 -9999 -9999 -9999 -9999 244 243 243 243 243 243 243 243 241 242 242 242 242 242 242 242 242 242 234 234 234 234 234 234 234 232 232 232 232 232 232 232 232 232 232 232 232 232 -9999 -9999 -9999 123 123 123 123 123 123 121 121 121 120 111 111 111 111 111 109 109 109 109 -9999 -9999 -9999 -9999 -9999 -9999 -9999 -9999 -9999 -9999 -9999 -9999 -9999 -9999
-9999 -9999 -9999 -9999 -9999 -9999 -9999 -9999 -9999 -9999 243 241 241 241 241 241 241 241 241 242 242 242 242 235 235 235 235 234 234 234 234 234 232 232 232 232 232 232 232 232 232 232 232 230 230 231 231 217 217 -9999 144 125 125 123 123 123 123 123 121 120 120 120 120 111 111 111 112 111 111 -9999 -9999 -9999 -9999 -9999 -9999 -9999 -9999 -9999 -9999 -9999 -9999 -9999 -9999 -9999
-9999 -9999 -9999 -9999 -9999 -9999 -9999 -9999 -9999 -9999 -9999 241 241 241 241 241 241 241 235 235 235 235 235 235 234 234 234 234 232 232 232 232 232 232 232 232 232 232 232 232 229 229 229 230 214 213 213 210 213 144 144 143 126 126 123 123 123 123 123 123 120 120 120 120 119 111 112 112 111 -9999 -9999 -9999 -9999 -9999 -9999 -9999 -9999 -9999 -9999 -9999 -9999 -9999 -9999 -9999
-9999 -9999 -9999 -9999 -9999 -9999 -9999 -9999 -9999 -9999 -9999 -9999 241 235 235 235 235 235 235 235 234 234 234 234 232 232 232 232 232 232 232 232 232 232 232 232 232 229 229 229 229 229 214 214 214 214 205 207 210 152 154 143 143 127 127 123 123 123 123 123 123 123 120 120 119 119 119 112 112 -9999 -9999 -9999 -9999 -9999 -9999 -9999 -9999 -9999 -9999 -9999 -9999 -9999 -9999 -9999
-9999 -9999 -9999 -9999 -9999 -9999 -9999 -9999 -9999 -9999 -9999 -9999 235 235 235 235 234 234 234 234 234 232 232 232 232 232 232 232 232 232 232 232 232 232 229 229 229 228 228 228 216 215 215 214 205 205 201 203 157 157 154 143 143 127 127 127 123 123 123 123 123 123 123 121 121 119 119 119 -9999 -9999 -9999 -9999 -9999 -9999 -9999 -9999 -9999 -9999 -9999 -9999 -9999 -9999 -9999 -9999
-9999 -9999 -9999 -9999 -9999 -9999 -9999 -9999 -9999 -9999 -9999 -9999 -9999 234 234 234 234 232 232 232 232 232 232 232 232 232 232 232 232 232 232 229 229 229 227 227 227 228 216 216 216 213 214 205 205 199 200 200 160 160 154 143 143 142 127 128 127 127 123 123 123 123 123 123 123 121 121 119 -9999 -9999 -9999 -9999 -9999 -9999 -9999 -9999 -9999 -9999 -9999 -9999 -9999 -9999 -9999 -9999
-9999 -9999 -9999 -9999 -9999 -9999 -9999 -9999 -9999 -9999 -9999 -9999 -9999 -9999 232 232 232 232 232 232 232 232 232 232 232 232 232 232 229 229 229 229 227 227 227 227 216 216 216 216 213 213 205 205 199 199 198 161 163 161 154 154 143 141 141 128 128 127 127 123 123 123 123 123 123 123 121 -9999 -9999 -9999 -9999 -9999 -9999 -9999 -9999 -9999 -9999 -9999 -9999 -9999 -9999 -9999 -9999 -9999
-9999 -9999 -9999 -9999 -9999 -9999 -9999 -9999 -9999 -9999 -9999 -9999 -9999 -9999 232 232 232 232 232 232 232 232 232 232 232 229 229 229 229 227 227 227 227 227 217 217 216 216 213 213 213 205 205 199 199 196 197 164 165 161 154 154 144 144 141 141 129 129 127 127 123 123 124 123 123 123 -9999 -9999 -9999 -9999 -9999 -9999 -9999 -9999 -9999 -9999 -9999 -9999 -9999 -9999 -9999 -9999 -9999 -9999
-9999 -9999 -9999 -9999 -9999 -9999 -9999 -9999 -9999 -9999 -9999 -9999 -9999 -9999 -9999 232 232 232 232 232 232 232 229 229 229 229 227 227 227 227 227 227 217 217 217 216 213 213 213 205 205 205 199 199 195 195 195 166 166 161 154 153 144 144 141 141 140 129 129 127 127 127 124 124 123 123 -9999 -9999 -9999 -9999 -9999 -9999 -9999 -9999 -9999 -9999 -9999 -9999 -9999 -9999 -9999 -9999 -9999 -9999
-9999 -9999 -9999 -9999 -9999 -9999 -9999 -9999 -9999 -9999 -9999 -9999 -9999 -9999 -9999 -9999 232 232 232 229 229 229 229 229 227 227 227 226 226 226 218 218 217 216 216 213 213 213 206 206 205 199 199 195 195 194 168 168 166 161 154 153 153 144 144 141 140 129 129 129 127 127 127 124 124 -9999 -9999 -9999 -9999 -9999 -9999 -9999 -9999 -9999 -9999 -9999 -9999 -9999 -9999 -9999 -9999 -9999 -9999 -9999
-9999 -9999 -9999 -9999 -9999 -9999 -9999 -9999 -9999 -9999 -9999 -9999 -9999 -9999 -9999 -9999 -9999 229 229 229 229 227 227 227 226 226 226 226 218 218 218 216 216 213 213 213 213 206 206 205 199 199 199 195 192 192 169 169 166 161 154 154 153 144 144 141 140 139 129 130 129 129 127 127 -9999 -9999 -9999 -9999 -9999 -9999 -9999 -9999 -9999 -9999 -9999 -9999 -9999 -9999 -9999 -9999 -9999 -9999 -9999 -9999
-9999 -9999 -9999 -9999 -9999 -9999 -9999 -9999 -9999 -9999 -9999 -9999 -9999 -9999 -9999 -9999 -9999 -9999 227 227 227 227 226 226 226 226 218 218 218 216 216 216 213 213 213 206 206 206 205 199 199 199 195 192 192 192 170 166 166 161 161 154 153 144 144 144 141 139 139 130 130 129 129 127 -9999 -9999 -9999 -9999 -9999 -9999 -9999 -9999 -9999 -9999 -9999 -9999 -9999 -9999 -9999 -9999 -9999 -9999 -9999 -9999
-9999 -9999 -9999 -9999 -9999 -9999 -9999 -9999 -9999 -9999 -9999 -9999 -9999 -9999 -9999 -9999 -9999 -9999 -9999 226 226 226 226 226 218 218 218 218 216 216 213 213 212 212 206 206 205 205 199 199 199 195 195 191 191 170 170 166 166 161 161 154 152 152 144 144 141 141 139 139 130 130 129 -9999 -9999 -9999 -9999 -9999 -9999 -9999 -9999 -9999 -9999 -9999 -9999 -9999 -9999 -9999 -9999 -9999 -9999 -9999 -9999 -9999
-9999 -9999 -9999 -9999 -9999 -9999 -9999 -9999 -9999 -9999 -9999 -9999 -9999 -9999 -9999 -9999 -9999 -9999 -9999 -9999 226 219 218 218 218 218 216 216 216 213 213 212 212 206 206 204 205 199 199 199 195 195 191 190 190 171 170 166 166 161 161 154 152 152 145 145 144 141 139 139 139 130 -9999 -9999 -9999 -9999 -9999 -9999 -9999 -9999 -9999 -9999 -9999 -9999 -9999 -9999 -9999 -9999 -9999 -9999 -9999 -9999 -9999 -9999
-9999 -9999 -9999 -9999 -9999 -9999 -9999 -9999 -9999 -9999 -9999 -9999 -9999 -9999 -9999 -9999 -9999 -9999 -9999 -9999 -9999 219 218 218 216 216 216 213 213 212 212 212 206 206 204 204 199 199 199 195 195 191 191 189 172 172 170 166 166 161 161 154 154 152 152 145 144 141 141 139 139 -9999 -9999 -9999 -9999 -9999 -9999 -9999 -9999 -9999 -9999 -9999 -9999 -9999 -9999 -9999 -9999 -9999 -9999 -9999 -9999 -9999 -9999 -9999
-9999 -9999 -9999 -9999 -9999 -9999 -9999 -9999 -9999 -9999 -9999 -9999 -9999 -9999 -9999 -9999 -9999 -9999 -9999 -9999 -9999 -9999 216 216 216 213 213 213 212 212 206 206 206 204 204 199 199 199 195 195 192 192 189 189 172 172 170 166 166 161 160 154 154 152 152 145 144 144 141 139 -9999 -9999 -9999 -9999 -9999 -9999 -9999 -9999 -9999 -9999 -9999 -9999 -9999 -9999 -9999 -9999 -9999 -9999 -9999 -9999 -9999 -9999 -9999 -9999
-9999 -9999 -9999 -9999 -9999 -9999 -9999 -9999 -9999 -9999 -9999 -9999 -9999 -9999 -9999 -9999 -9999 -9999 -9999 -9999 -9999 -9999 -9999 -9999 213 213 212 212 212 206 206 206 204 204 199 199 199 199 195 195 192 189 189 189 173 173 170 166 166 161 160 154 154 152 152 145 145 144 141 -9999 -9999 -9999 -9999 -9999 -9999 -9999 -9999 -9999 -9999 -9999 -9999 -9999 -9999 -9999 -9999 -9999 -9999 -9999 -9999 -9999 -9999 -9999 -9999 -9999
-9999 -9999 -9999 -9999 -9999 -9999 -9999 -9999 -9999 -9999 -9999 -9999 -9999 -9999 -9999 -9999 -9999 -9999 -9999 -9999 -9999 -9999 -9999 -9999 -9999 212 212 212 207 206 206 204 204 200 200 199 199 195 195 192 192 189 188 173 173 170 170 166 166 161 160 154 154 152 152 152 145 -9999 -9999 -9999 -9999 -9999 -9999 -9999 -9999 -9999 -9999 -9999 -9999 -9999 -9999 -9999 -9999 -9999 -9999 -9999 -9999 -9999 -9999 -9999 -9999 -9999 -9999 -9999
-9999 -9999 -9999 -9999 -9999 -9999 -9999 -9999 -9999 -9999 -9999 -9999 -9999 -9999 -9999 -9999 -9999 -9999 -9999 -9999 -9999 -9999 -9999 -9999 -9999 -9999 -9999 207 206 206 204 204 200 200 199 199 195 195 192 192 189 188 188 174 173 170 170 166 166 161 160 160 154 154 152 152 -9999 -9999 -9999 -9999 -9999 -9999 -9999 -9999 -9999 -9999 -9999 -9999 -9999 -9999 -9999 -9999 -9999 -9999 -9999 -9999 -9999 -9999 -9999 -9999 -9999 -9999 -9999 -9999
-9999 -9999 -9999 -9999 -9999 -9999 -9999 -9999 -9999 -9999 -9999 -9999 -9999 -9999 -9999 -9999 -9999 -9999 -9999 -9999 -9999 -9999 -9999 -9999 -9999 -9999 -9999 -9999 -9999 204 204 200 200 199 199 195 195 195 192 189 189 187 174 174 173 170 170 166 166 161 160 160 154 154 -9999 -9999 -9999 -9999 -9999 -9999 -9999 -9999 -9999 -9999 -9999 -9999 -9999 -9999 -9999 -9999 -9999 -9999 -9999 -9999 -9999 -9999 -9999 -9999 -9999 -9999 -9999 -9999 -9999 -9999
-9999 -9999 -9999 -9999 -9999 -9999 -9999 -9999 -9999 -9999 -9999 -9999 -9999 -9999 -9999 -9999 -9999 -9999 -9999 -9999 -9999 -9999 -9999 -9999 -9999 -9999 -9999 -9999 -9999 -9999 -9999 200 200 199 195 195 195 192 192 189 187 187 174 174 173 170 170 166 165 161 160 160 -9999 -9999 -9999 -9999 -9999 -9999 -9999 -9999 -9999 -9999 -9999 -9999 -9999 -9999 -9999 -9999 -9999 -9999 -9999 -9999 -9999 -9999 -9999 -9999 -9999 -9999 -9999 -9999 -9999 -9999 -9999 -9999
-9999 -9999 -9999 -9999 -9999 -9999 -9999 -9999 -9999 -9999 -9999 -9999 -9999 -9999 -9999 -9999 -9999 -9999 -9999 -9999 -9999 -9999 -9999 -9999 -9999 -9999 -9999 -9999 -9999 -9999 -9999 -9999 -9999 -9999 195 195 192 192 189 189 187 187 174 175 173 170 170 166 165 -9999 -9999 -9999 -9999 -9999 -9999 -9999 -9999 -9999 -9999 -9999 -9999 -9999 -9999 -9999 -9999 -9999 -9999 -9999 -9999 -9999 -9999 -9999 -9999 -9999 -9999 -9999 -9999 -9999 -9999 -9999 -9999 -9999 -9999 -9999
-9999 -9999 -9999 -9999 -9999 -9999 -9999 -9999 -9999 -9999 -9999 -9999 -9999 -9999 -9999 -9999 -9999 -9999 -9999 -9999 -9999 -9999 -9999 -9999 -9999 -9999 -9999 -9999 -9999 -9999 -9999 -9999 -9999 -9999 -9999 -9999 -9999 -9999 -9999 187 187 175 175 173 -9999 -9999 -9999 -9999 -9999 -9999 -9999 -9999 -9999 -9999 -9999 -9999 -9999 -9999 -9999 -9999 -9999 -9999 -9999 -9999 -9999 -9999 -9999 -9999 -9999 -9999 -9999 -9999 -9999 -9999 -9999 -9999 -9999 -9999 -9999 -9999 -9999 -9999 -9999 -9999
