examples/flatland/Outputs/centerIgnit/b_RAWS/singleWinds/flatland_centerIgnit_3mph120deg7hr_RAWS/flatland_centerIgnit_3mph120deg7hr_RAWS_ArrivalTime.asc
NCOLS 100
NROWS 100
XLLCORNER 20000.000000
YLLCORNER 20000.000000
CELLSIZE 30.000000
NODATA_VALUE -9999.0
[rows 28 to 55 of 100, columns 0 to 62 of 100]
-9999.0 -9999.0 -9999.0 -9999.0 -9999.0 -9999.0 -9999.0 -9999.0 -9999.0 -9999.0 00415.902 00405.494 00395.315 00385.250 00375.304 00365.645 00356.036 00346.564 00337.168 00327.841 00318.640 00309.507 00300.592 00291.956 00283.383 00275.059 00266.837 00258.654 00251.019 00244.245 00237.563 00230.967 00224.806 00218.698 00213.052 00208.169 00203.405 00198.954 00195.265 00191.789 00188.891 00186.462 00184.066 00185.813 00187.833 00190.770 00194.670 00199.016 00204.705 00210.709 00218.214 00226.367 00235.394 00244.687 00255.996 00268.135 00280.865 00294.132 00308.226 00322.570 00337.131 00351.928 00367.450
-9999.0 -9999.0 -9999.0 -9999.0 -9999.0 -9999.0 -9999.0 -9999.0 -9999.0 -9999.0 00410.138 00399.787 00389.527 00379.369 00369.419 00359.538 00349.877 00340.416 00331.034 00321.744 00312.537 00303.418 00294.380 00285.415 00276.841 00268.363 00260.020 00251.889 00243.806 00235.933 00229.247 00222.652 00216.126 00209.999 00203.960 00198.472 00193.671 00188.959 00184.831 00181.173 00178.002 00175.263 00172.796 00172.868 00174.884 00177.692 00181.403 00185.614 00191.257 00197.182 00204.773 00212.937 00221.944 00231.144 00243.103 00255.223 00267.970 00281.519 00295.521 00309.759 00324.199 00339.035 00354.525
-9999.0 -9999.0 -9999.0 -9999.0 -9999.0 -9999.0 -9999.0 -9999.0 -9999.0 00415.982 00404.886 00394.082 00383.869 00373.745 00363.700 00353.769 00344.020 00334.357 00324.980 00315.713 00306.533 00297.419 00288.375 00279.431 00270.554 00261.882 00253.510 00245.194 00237.130 00229.112 00221.130 00214.398 00207.890 00201.427 00195.363 00189.369 00184.061 00179.331 00174.658 00170.823 00167.196 00164.328 00161.684 00159.931 00162.065 00164.708 00168.237 00172.315 00177.944 00183.782 00191.456 00199.677 00208.594 00218.475 00230.329 00242.579 00255.347 00269.034 00282.960 00297.076 00311.395 00326.429 00341.936
-9999.0 -9999.0 -9999.0 -9999.0 -9999.0 -9999.0 -9999.0 -9999.0 -9999.0 00411.601 00400.508 00389.556 00378.687 00368.161 00358.141 00348.225 00338.393 00328.719 00319.167 00309.730 00300.573 00291.472 00282.461 00273.520 00264.648 00255.877 00247.164 00238.828 00230.590 00222.517 00214.578 00206.663 00199.683 00193.269 00186.893 00180.873 00174.936 00169.774 00165.110 00160.519 00156.917 00153.569 00150.763 00148.033 00149.261 00151.809 00155.166 00159.142 00164.729 00170.480 00178.272 00186.553 00195.360 00205.919 00217.690 00230.041 00243.113 00256.703 00270.521 00284.534 00298.938 00313.950 00329.517
-9999.0 -9999.0 -9999.0 -9999.0 -9999.0 -9999.0 -9999.0 -9999.0 00418.731 00407.374 00396.248 00385.288 00374.425 00363.680 00352.995 00342.740 00332.942 00323.233 00313.607 00304.161 00294.779 00285.603 00276.609 00267.685 00258.837 00250.049 00241.363 00232.739 00224.297 00216.145 00208.058 00200.176 00192.328 00185.141 00178.792 00172.493 00166.504 00160.591 00155.608 00150.977 00146.682 00143.117 00140.038 00137.185 00136.406 00138.994 00142.179 00146.120 00151.599 00157.295 00165.191 00173.525 00182.240 00193.478 00205.330 00217.657 00230.981 00244.518 00258.207 00272.102 00286.720 00301.793 00317.210
-9999.0 -9999.0 -9999.0 -9999.0 -9999.0 -9999.0 -9999.0 -9999.0 00414.853 00403.529 00392.316 00381.207 00370.261 00359.513 00348.870 00338.325 00327.855 00317.852 00308.255 00298.737 00289.311 00280.040 00270.830 00261.898 00253.072 00244.329 00235.640 00227.003 00218.458 00209.959 00201.832 00193.817 00185.954 00178.151 00170.714 00164.438 00158.193 00152.235 00146.348 00141.542 00136.953 00132.952 00129.430 00126.512 00123.521 00126.242 00129.281 00133.184 00138.540 00144.334 00152.197 00160.571 00169.555 00181.178 00193.115 00205.746 00218.987 00232.434 00246.035 00260.027 00274.647 00289.727 00305.540
-9999.0 -9999.0 -9999.0 -9999.0 -9999.0 -9999.0 -9999.0 -9999.0 00411.434 00399.744 00388.514 00377.438 00366.457 00355.546 00344.783 00334.270 00323.841 00313.492 00303.224 00293.419 00284.015 00274.686 00265.465 00256.362 00247.368 00238.637 00229.960 00221.356 00212.806 00204.323 00195.914 00187.673 00179.734 00171.869 00164.105 00156.392 00150.176 00144.005 00138.068 00132.207 00127.587 00123.039 00119.325 00115.990 00112.876 00113.357 00116.465 00120.336 00125.577 00131.447 00139.289 00147.694 00157.412 00169.026 00181.008 00193.939 00207.119 00220.448 00233.965 00248.174 00262.803 00277.747 00294.903
-9999.0 -9999.0 -9999.0 -9999.0 -9999.0 -9999.0 -9999.0 -9999.0 00408.564 00396.908 00385.361 00373.913 00362.717 00351.854 00341.100 00330.441 00319.874 00309.536 00299.299 00289.134 00279.037 00269.442 00260.213 00251.068 00242.053 00233.107 00224.344 00215.751 00207.221 00198.750 00190.332 00182.008 00173.720 00165.768 00157.922 00150.171 00142.427 00136.023 00129.914 00124.015 00118.255 00113.719 00109.239 00105.758 00102.421 00100.337 00103.738 00107.534 00112.675 00118.654 00126.511 00134.896 00145.383 00157.078 00169.325 00182.257 00195.351 00208.591 00222.248 00236.477 00251.040 00267.165 00284.395
-9999.0 -9999.0 -9999.0 -9999.0 -9999.0 -9999.0 -9999.0 00417.666 00405.855 00394.167 00382.595 00371.148 00359.822 00348.599 00337.472 00326.810 00316.275 00305.829 00295.456 00285.266 00275.205 00265.213 00255.292 00245.904 00236.863 00227.892 00219.025 00210.214 00201.675 00193.226 00184.848 00176.509 00168.214 00159.983 00151.896 00144.113 00136.373 00128.644 00121.949 00115.915 00110.026 00104.411 00099.891 00095.685 00092.160 00088.563 00090.974 00094.771 00099.807 00105.910 00113.843 00122.133 00133.477 00145.199 00157.785 00170.678 00183.685 00196.830 00210.700 00224.918 00239.983 00256.892 00274.091
-9999.0 -9999.0 -9999.0 -9999.0 -9999.0 -9999.0 -9999.0 00415.664 00403.606 00391.670 00379.958 00368.511 00357.152 00345.921 00334.815 00323.814 00312.902 00302.258 00291.910 00281.650 00271.469 00261.424 00251.541 00241.731 00231.971 00222.764 00213.888 00205.088 00196.368 00187.748 00179.377 00171.058 00162.782 00154.541 00146.352 00138.207 00130.395 00122.699 00114.999 00107.894 00101.948 00096.073 00090.593 00086.100 00082.073 00078.305 00077.866 00081.985 00086.954 00093.195 00101.172 00110.075 00121.727 00133.636 00146.332 00159.167 00172.115 00185.449 00199.289 00213.412 00229.938 00246.729 00264.231
-9999.0 -9999.0 -9999.0 -9999.0 -9999.0 -9999.0 -9999.0 00413.785 00401.746 00389.830 00378.027 00366.329 00354.716 00343.335 00332.228 00321.224 00310.320 00299.524 00288.806 00278.165 00267.988 00257.915 00247.929 00238.037 00228.311 00218.639 00209.023 00199.987 00191.285 00182.653 00174.065 00165.640 00157.370 00149.145 00140.966 00132.822 00124.738 00116.772 00109.088 00101.399 00093.859 00087.988 00082.145 00076.813 00072.358 00068.300 00064.467 00069.099 00074.128 00080.521 00088.473 00098.380 00110.024 00122.319 00134.972 00147.730 00160.609 00174.198 00187.965 00203.473 00219.979 00237.066 00254.439
-9999.0 -9999.0 -9999.0 -9999.0 -9999.0 -9999.0 -9999.0 00412.435 00400.236 00388.161 00376.204 00364.523 00352.935 00341.474 00330.119 00318.866 00307.800 00297.001 00286.299 00275.680 00265.145 00254.695 00244.493 00234.604 00224.788 00215.042 00205.446 00195.921 00186.449 00177.606 00169.035 00160.512 00152.031 00143.786 00135.618 00127.494 00119.403 00111.335 00103.287 00095.525 00087.823 00080.095 00074.059 00068.254 00063.082 00058.657 00054.205 00056.136 00061.344 00067.885 00075.793 00086.733 00098.492 00111.054 00123.681 00136.372 00149.461 00162.996 00177.473 00193.727 00210.398 00227.454 00245.958
-9999.0 -9999.0 -9999.0 -9999.0 -9999.0 -9999.0 -9999.0 00411.373 00399.057 00386.912 00374.965 00363.126 00351.389 00339.776 00328.372 00317.136 00306.000 00294.945 00283.989 00273.197 00262.683 00252.255 00241.916 00231.641 00221.441 00211.652 00201.998 00192.418 00182.954 00173.548 00164.162 00155.516 00147.049 00138.625 00130.290 00122.187 00114.102 00106.034 00097.978 00089.946 00082.013 00074.307 00066.566 00060.158 00054.431 00049.377 00044.662 00042.745 00048.607 00055.293 00063.367 00075.125 00087.281 00099.835 00112.433 00125.083 00138.395 00151.845 00167.915 00184.251 00200.936 00219.088 00237.767
-9999.0 -9999.0 -9999.0 -9999.0 -9999.0 -9999.0 -9999.0 00410.627 00398.296 00386.102 00374.029 00362.073 00350.236 00338.581 00327.089 00315.701 00304.417 00293.240 00282.299 00271.443 00260.677 00250.000 00239.501 00229.250 00219.067 00208.955 00198.914 00189.066 00179.575 00170.140 00160.767 00151.438 00142.135 00133.660 00125.306 00116.992 00108.810 00100.747 00092.701 00084.668 00076.650 00068.647 00060.856 00053.133 00046.396 00040.775 00035.598 00030.200 00035.754 00042.807 00051.859 00063.615 00076.107 00088.641 00101.216 00114.114 00127.364 00142.398 00158.518 00174.925 00192.717 00211.048 00229.803
-9999.0 -9999.0 -9999.0 -9999.0 -9999.0 -9999.0 -9999.0 00410.514 00397.757 00385.335 00373.255 00361.290 00349.447 00337.731 00326.134 00314.652 00303.286 00292.065 00280.976 00269.976 00259.068 00248.375 00237.801 00227.299 00216.869 00206.607 00196.586 00186.638 00176.752 00166.917 00157.438 00148.115 00138.833 00129.591 00120.389 00112.031 00103.749 00095.500 00087.428 00079.402 00071.392 00063.395 00055.435 00047.579 00039.906 00032.777 00027.212 00021.390 00022.890 00030.464 00040.553 00052.533 00064.969 00077.476 00090.039 00103.133 00117.142 00133.152 00149.280 00166.812 00184.839 00203.498 00223.170
-9999.0 -9999.0 -9999.0 -9999.0 -9999.0 -9999.0 -9999.0 00412.132 00399.371 00386.736 00374.215 00361.801 00349.498 00337.311 00325.322 00313.828 00302.443 00291.142 00279.962 00268.899 00257.963 00247.152 00236.426 00225.790 00215.286 00204.944 00194.677 00184.487 00174.459 00164.637 00154.863 00145.134 00135.553 00126.335 00117.143 00107.962 00098.788 00090.517 00082.299 00074.147 00066.143 00058.162 00050.239 00042.369 00034.563 00026.885 00019.299 00013.226 00008.710 00018.112 00029.445 00041.578 00053.886 00066.336 00079.081 00092.134 00108.027 00124.001 00141.257 00159.042 00177.678 00196.999 00216.881
-9999.0 -9999.0 -9999.0 -9999.0 -9999.0 -9999.0 -9999.0 00413.971 00401.151 00388.469 00375.915 00363.481 00351.168 00339.009 00326.959 00315.011 00303.158 00291.387 00279.727 00268.163 00256.910 00246.045 00235.300 00224.645 00214.080 00203.609 00193.232 00182.960 00172.836 00162.762 00152.741 00142.883 00133.217 00123.599 00114.004 00104.743 00095.584 00086.431 00077.294 00069.106 00060.958 00052.953 00045.072 00037.246 00029.474 00021.756 00014.095 00006.488 0.0 00000.000 00018.692 00030.737 00042.914 00055.261 00068.099 00083.018 00098.954 00116.025 00133.602 00152.251 00171.305 00191.260 00211.609
-9999.0 -9999.0 -9999.0 -9999.0 -9999.0 -9999.0 -9999.0 00416.196 00403.299 00390.543 00377.916 00365.442 00353.094 00340.893 00328.811 00316.846 00304.996 00293.228 00281.572 00270.013 00258.552 00247.184 00235.882 00224.646 00213.469 00202.414 00192.005 00181.667 00171.414 00161.253 00151.197 00141.219 00131.319 00121.496 00111.807 00102.239 00092.676 00083.252 00074.120 00064.993 00055.939 00047.893 00039.936 00032.134 00024.395 00016.723 00009.100 00000.000 0.0 0.0 00000.000 00020.003 00032.059 00044.394 00058.111 00074.026 00090.963 00108.477 00127.171 00146.194 00165.926 00186.054 00206.706
-9999.0 -9999.0 -9999.0 -9999.0 -9999.0 -9999.0 -9999.0 00418.937 00406.005 00393.222 00380.570 00368.040 00355.607 00343.329 00331.173 00319.134 00307.210 00295.382 00283.663 00272.044 00260.530 00249.127 00237.826 00226.608 00215.497 00204.458 00193.487 00182.577 00171.721 00160.918 00150.095 00139.633 00129.699 00119.809 00109.946 00100.170 00090.490 00080.908 00071.375 00061.923 00052.799 00043.786 00034.914 00027.080 00019.359 00011.716 00000.000 0.0 0.0 0.0 0.0 00000.000 00021.317 00033.575 00049.281 00065.940 00083.604 00102.071 00121.050 00140.670 00160.552 00183.062 00205.820
-9999.0 -9999.0 -9999.0 -9999.0 -9999.0 -9999.0 -9999.0 -9999.0 00409.174 00396.311 00383.584 00370.986 00358.504 00346.153 00333.925 00321.819 00309.837 00297.962 00286.189 00274.517 00262.946 00251.503 00240.175 00228.935 00217.780 00206.712 00195.732 00184.839 00174.011 00163.240 00152.508 00141.812 00131.150 00120.487 00109.850 00099.220 00088.587 00078.637 00069.004 00059.373 00049.929 00040.728 00031.695 00022.794 00014.339 00006.724 0.0 0.0 0.0 0.0 0.0 0.0 00000.000 00024.639 00040.770 00058.015 00076.463 00095.766 00118.342 00140.428 00162.713 00185.103 00207.695
-9999.0 -9999.0 -9999.0 -9999.0 -9999.0 -9999.0 -9999.0 -9999.0 00412.859 00399.959 00387.198 00374.566 00362.053 00349.663 00337.406 00325.268 00313.246 00301.340 00289.534 00277.834 00266.236 00254.741 00243.353 00232.051 00220.836 00209.707 00198.668 00187.720 00176.849 00166.041 00155.293 00144.605 00133.980 00123.417 00112.867 00102.327 00091.800 00081.241 00070.644 00060.028 00049.475 00038.796 00028.372 00019.211 00010.303 00000.000 0.0 0.0 0.0 0.0 0.0 0.0 00000.000 00014.825 00032.737 00055.527 00077.810 00099.711 00121.587 00143.474 00165.543 00187.869 00210.530
-9999.0 -9999.0 -9999.0 -9999.0 -9999.0 -9999.0 -9999.0 -9999.0 00416.755 00403.831 00391.048 00378.396 00365.866 00353.442 00341.166 00329.010 00316.968 00305.043 00293.205 00281.489 00269.876 00258.366 00246.962 00235.654 00224.432 00213.295 00202.245 00191.283 00180.413 00169.604 00158.855 00148.168 00137.539 00126.969 00116.444 00105.942 00095.460 00084.998 00074.559 00064.125 00053.742 00043.475 00033.414 00023.188 00013.085 00000.000 0.0 0.0 0.0 0.0 0.0 0.0 0.0 00018.977 00040.073 00061.121 00082.657 00104.177 00125.789 00147.569 00169.588 00191.864 00214.489
-9999.0 -9999.0 -9999.0 -9999.0 -9999.0 -9999.0 -9999.0 -9999.0 -9999.0 00408.653 00395.816 00383.114 00370.546 00358.087 00345.762 00333.561 00321.482 00309.529 00297.688 00285.947 00274.305 00262.763 00251.323 00239.988 00228.740 00217.573 00206.490 00195.496 00184.591 00173.757 00162.984 00152.270 00141.711 00131.252 00120.856 00110.484 00100.133 00089.801 00079.488 00069.193 00058.920 00048.734 00038.774 00029.210 00019.755 00010.418 00000.000 0.0 0.0 0.0 0.0 0.0 00000.000 00028.347 00047.476 00068.284 00089.232 00110.228 00131.292 00152.662 00174.753 00197.109 00219.822
-9999.0 -9999.0 -9999.0 -9999.0 -9999.0 -9999.0 -9999.0 -9999.0 -9999.0 00413.697 00400.824 00388.088 00375.481 00362.990 00350.615 00338.375 00326.253 00314.246 00302.353 00290.553 00278.862 00267.364 00256.007 00244.755 00233.591 00222.514 00211.517 00200.606 00189.788 00179.060 00168.397 00157.798 00147.267 00136.788 00126.357 00115.967 00105.598 00095.339 00085.416 00075.525 00065.667 00055.864 00046.182 00036.638 00027.178 00017.803 00008.507 0.0 0.0 0.0 0.0 00000.000 00022.180 00040.199 00058.691 00077.646 00097.002 00118.065 00139.221 00160.536 00182.133 00204.045 00226.340
-9999.0 -9999.0 -9999.0 -9999.0 -9999.0 -9999.0 -9999.0 -9999.0 -9999.0 00418.879 00405.958 00393.284 00380.743 00368.327 00356.011 00343.843 00331.801 00319.874 00308.061 00296.348 00284.740 00273.232 00261.824 00250.520 00239.327 00228.242 00217.260 00206.359 00195.540 00184.800 00174.118 00163.485 00152.941 00142.808 00132.727 00122.706 00112.723 00102.772 00092.853 00083.035 00073.265 00063.515 00053.816 00044.206 00034.680 00025.237 00015.879 00000.000 0.0 0.0 0.0 00016.154 00034.065 00052.282 00070.800 00089.492 00108.628 00127.936 00147.452 00168.751 00190.379 00212.251 00234.475
-9999.0 -9999.0 -9999.0 -9999.0 -9999.0 -9999.0 -9999.0 -9999.0 -9999.0 -9999.0 00412.439 00399.707 00387.114 00374.645 00362.291 00350.056 00337.953 00325.967 00314.127 00302.436 00290.834 00279.339 00267.939 00256.636 00245.433 00234.316 00223.279 00212.320 00201.732 00191.290 00180.946 00170.664 00160.439 00150.272 00140.163 00130.149 00120.280 00110.433 00100.608 00090.803 00081.019 00071.254 00061.509 00051.826 00042.235 00032.727 00023.314 00013.979 00000.000 0.0 00000.000 00027.979 00046.095 00064.517 00083.119 00101.794 00120.551 00139.729 00159.320 00179.148 00199.235 00221.003 00243.350
-9999.0 -9999.0 -9999.0 -9999.0 -9999.0 -9999.0 -9999.0 -9999.0 -9999.0 -9999.0 00418.980 00406.207 00393.624 00381.170 00368.835 00356.597 00344.499 00332.525 00320.660 00308.906 00297.249 00285.691 00274.227 00263.141 00252.202 00241.368 00230.616 00219.958 00209.397 00198.925 00188.533 00178.214 00168.072 00157.997 00147.976 00138.013 00128.106 00118.245 00108.406 00098.586 00088.787 00079.011 00069.252 00059.583 00050.064 00040.568 00031.082 00023.395 00015.075 00000.000 00024.901 00040.434 00058.356 00076.827 00095.469 00114.191 00132.996 00151.991 00171.233 00191.167 00211.401 00232.015 00253.014
-9999.0 -9999.0 -9999.0 -9999.0 -9999.0 -9999.0 -9999.0 -9999.0 -9999.0 -9999.0 -9999.0 00413.264 00400.622 00388.109 00375.715 00363.429 00351.247 00339.191 00327.528 00316.022 00304.628 00293.318 00282.123 00271.030 00260.053 00249.201 00238.442 00227.757 00217.211 00206.813 00196.494 00186.255 00176.091 00165.982 00155.926 00145.922 00135.972 00126.084 00116.238 00106.409 00096.699 00087.132 00077.544 00067.933 00058.331 00050.531 00042.825 00035.514 00027.986 00030.728 00042.048 00054.680 00071.600 00089.572 00107.884 00126.621 00145.536 00164.645 00183.955 00203.526 00223.667 00244.354 00265.437
