examples/flatland/Outputs/centerIgnit/b_RAWS/singleWinds/flatland_centerIgnit_3mph120deg7hr_RAWS/flatland_centerIgnit_3mph120deg7hr_RAWS_ReactionIntensity.asc
NCOLS 100
NROWS 100
XLLCORNER 20000.000000
YLLCORNER 20000.000000
CELLSIZE 30.000000
NODATA_VALUE -9999.0
[rows 28 to 55 of 100, columns 0 to 62 of 100]
-9999.0 -9999.0 -9999.0 -9999.0 -9999.0 -9999.0 -9999.0 -9999.0 -9999.0 -9999.0 00152.382 00153.062 00153.660 00154.193 00154.675 00154.975 00155.579 00156.043 00156.450 00156.847 00157.241 00157.611 00157.833 00158.332 00158.706 00159.098 00159.513 00159.955 00160.397 00160.694 00161.007 00161.375 00161.712 00162.050 00162.383 00162.678 00162.980 00163.265 00163.518 00163.754 00163.880 00163.893 00163.906 00163.897 00163.886 00163.822 00163.558 00163.261 00162.898 00162.518 00162.079 00161.627 00161.129 00160.675 00160.109 00159.444 00158.821 00158.215 00157.643 00157.070 00156.452 00155.803 00154.938
-9999.0 -9999.0 -9999.0 -9999.0 -9999.0 -9999.0 -9999.0 -9999.0 -9999.0 -9999.0 00152.763 00153.399 00153.969 00154.483 00154.898 00155.146 00155.895 00156.311 00156.712 00157.105 00157.505 00157.763 00158.200 00158.618 00159.014 00159.433 00159.874 00160.347 00160.711 00161.101 00161.471 00161.828 00162.202 00162.560 00162.944 00163.299 00163.627 00163.880 00163.902 00163.921 00164.416 00164.549 00164.665 00164.662 00164.567 00164.431 00163.919 00163.898 00163.789 00163.388 00162.893 00162.388 00161.868 00161.365 00160.740 00160.154 00159.453 00158.790 00158.128 00157.604 00157.002 00156.371 00155.686
-9999.0 -9999.0 -9999.0 -9999.0 -9999.0 -9999.0 -9999.0 -9999.0 -9999.0 00152.378 00153.099 00153.729 00154.265 00154.749 00155.014 00155.720 00156.156 00156.570 00156.969 00157.368 00157.685 00158.009 00158.488 00158.890 00159.317 00159.772 00160.253 00160.652 00161.032 00161.477 00161.910 00162.307 00162.696 00163.104 00163.511 00163.878 00163.906 00164.181 00164.575 00164.754 00164.929 00165.071 00165.204 00165.287 00165.185 00165.053 00164.877 00164.685 00164.419 00163.907 00163.776 00163.215 00162.650 00162.064 00161.410 00160.762 00160.146 00159.397 00158.724 00158.031 00157.555 00156.908 00156.246
-9999.0 -9999.0 -9999.0 -9999.0 -9999.0 -9999.0 -9999.0 -9999.0 -9999.0 00152.667 00153.358 00153.969 00154.517 00154.924 00155.319 00155.969 00156.398 00156.811 00157.218 00157.605 00157.833 00158.353 00158.746 00159.171 00159.627 00160.116 00160.569 00160.936 00161.396 00161.836 00162.293 00162.774 00163.215 00163.654 00163.891 00163.922 00164.561 00164.804 00165.033 00165.258 00165.440 00165.612 00165.759 00165.901 00165.832 00165.703 00165.530 00165.324 00165.052 00164.771 00164.403 00163.893 00163.512 00162.822 00162.110 00161.426 00160.739 00160.067 00159.318 00158.656 00157.914 00157.444 00156.777
-9999.0 -9999.0 -9999.0 -9999.0 -9999.0 -9999.0 -9999.0 -9999.0 00152.021 00152.945 00153.606 00154.191 00154.718 00155.015 00155.757 00156.212 00156.631 00157.043 00157.460 00157.744 00158.175 00158.609 00159.024 00159.467 00159.943 00160.446 00160.813 00161.276 00161.739 00162.201 00162.685 00163.181 00163.718 00163.900 00164.378 00164.677 00164.964 00165.254 00165.508 00165.745 00165.972 00166.164 00166.326 00166.487 00166.540 00166.383 00166.213 00166.002 00165.714 00165.420 00165.029 00164.628 00163.915 00163.640 00162.857 00162.111 00161.374 00160.680 00159.980 00159.238 00158.561 00157.803 00157.303
-9999.0 -9999.0 -9999.0 -9999.0 -9999.0 -9999.0 -9999.0 -9999.0 00152.451 00153.178 00153.822 00154.396 00154.881 00155.149 00155.940 00156.403 00156.848 00157.276 00157.643 00157.927 00158.448 00158.861 00159.302 00159.771 00160.278 00160.687 00161.114 00161.591 00162.064 00162.563 00163.078 00163.615 00163.896 00164.409 00164.760 00165.066 00165.374 00165.681 00165.990 00166.247 00166.499 00166.723 00166.904 00166.919 00166.934 00166.921 00166.905 00166.710 00166.409 00166.099 00165.683 00165.255 00164.814 00163.921 00163.663 00162.830 00162.032 00161.293 00160.616 00159.874 00159.119 00158.430 00157.711
-9999.0 -9999.0 -9999.0 -9999.0 -9999.0 -9999.0 -9999.0 -9999.0 00152.678 00153.402 00154.022 00154.575 00154.958 00155.639 00156.123 00156.574 00157.017 00157.465 00157.768 00158.260 00158.679 00159.117 00159.584 00160.087 00160.560 00160.946 00161.430 00161.897 00162.395 00162.921 00163.472 00163.887 00164.028 00164.707 00165.084 00165.468 00165.786 00166.116 00166.436 00166.764 00166.914 00166.936 00167.007 00167.182 00167.248 00167.238 00167.171 00166.949 00166.924 00166.806 00166.366 00165.917 00165.415 00164.838 00163.921 00163.607 00162.742 00161.947 00161.208 00160.526 00159.724 00158.971 00158.168
-9999.0 -9999.0 -9999.0 -9999.0 -9999.0 -9999.0 -9999.0 -9999.0 00152.867 00153.568 00154.188 00154.742 00155.034 00155.807 00156.282 00156.738 00157.187 00157.610 00157.892 00158.456 00158.909 00159.376 00159.863 00160.394 00160.784 00161.256 00161.736 00162.223 00162.736 00163.278 00163.851 00163.916 00164.618 00164.999 00165.387 00165.786 00166.202 00166.552 00166.890 00166.931 00167.095 00167.228 00167.320 00167.392 00167.465 00167.507 00167.438 00167.355 00167.250 00167.062 00166.919 00166.615 00166.044 00165.431 00164.824 00163.915 00163.509 00162.650 00161.850 00161.069 00160.395 00159.496 00158.662
-9999.0 -9999.0 -9999.0 -9999.0 -9999.0 -9999.0 -9999.0 00152.265 00153.041 00153.724 00154.330 00154.863 00155.111 00155.953 00156.438 00156.892 00157.344 00157.703 00158.132 00158.625 00159.092 00159.598 00160.150 00160.623 00161.047 00161.545 00162.030 00162.547 00163.087 00163.655 00163.901 00164.485 00164.878 00165.283 00165.697 00166.109 00166.534 00166.908 00166.942 00167.183 00167.304 00167.421 00167.515 00167.603 00167.681 00167.753 00167.706 00167.623 00167.516 00167.390 00167.227 00166.941 00166.696 00166.051 00165.394 00164.760 00163.907 00163.409 00162.518 00161.707 00160.871 00160.058 00159.144
-9999.0 -9999.0 -9999.0 -9999.0 -9999.0 -9999.0 -9999.0 00152.398 00153.174 00153.856 00154.456 00154.917 00155.441 00156.072 00156.551 00157.019 00157.490 00157.792 00158.334 00158.784 00159.268 00159.796 00160.367 00160.798 00161.319 00161.823 00162.335 00162.872 00163.441 00163.886 00164.163 00164.742 00165.145 00165.560 00165.988 00166.427 00166.863 00166.938 00167.202 00167.347 00167.474 00167.595 00167.711 00167.808 00167.895 00167.975 00167.985 00167.897 00167.789 00167.657 00167.489 00167.303 00166.943 00166.683 00165.988 00165.323 00164.693 00163.898 00163.242 00162.362 00161.432 00160.587 00159.649
-9999.0 -9999.0 -9999.0 -9999.0 -9999.0 -9999.0 -9999.0 00152.522 00153.283 00153.953 00154.547 00154.961 00155.678 00156.186 00156.661 00157.128 00157.590 00157.878 00158.471 00158.951 00159.453 00159.998 00160.537 00160.981 00161.521 00162.054 00162.623 00163.193 00163.788 00163.913 00164.602 00165.005 00165.416 00165.838 00166.276 00166.729 00166.928 00167.165 00167.323 00167.483 00167.643 00167.766 00167.892 00168.007 00168.104 00168.266 00168.564 00168.202 00168.066 00167.927 00167.755 00167.545 00167.304 00166.940 00166.607 00165.913 00165.253 00164.595 00163.885 00162.975 00161.974 00161.035 00160.199
-9999.0 -9999.0 -9999.0 -9999.0 -9999.0 -9999.0 -9999.0 00152.612 00153.372 00154.041 00154.633 00154.998 00155.758 00156.266 00156.751 00157.231 00157.654 00158.036 00158.580 00159.069 00159.602 00160.185 00160.682 00161.173 00161.713 00162.266 00162.851 00163.473 00163.893 00164.434 00164.838 00165.258 00165.691 00166.126 00166.571 00166.914 00167.000 00167.277 00167.444 00167.607 00167.770 00167.935 00168.068 00168.265 00168.655 00169.048 00169.558 00169.347 00168.784 00168.293 00168.030 00167.794 00167.543 00167.282 00166.933 00166.530 00165.821 00165.136 00164.441 00163.623 00162.536 00161.568 00160.621
-9999.0 -9999.0 -9999.0 -9999.0 -9999.0 -9999.0 -9999.0 00152.682 00153.441 00154.107 00154.692 00155.026 00155.828 00156.339 00156.825 00157.307 00157.699 00158.164 00158.680 00159.187 00159.730 00160.325 00160.790 00161.337 00161.893 00162.464 00163.068 00163.711 00163.911 00164.628 00165.081 00165.512 00165.952 00166.404 00166.869 00166.940 00167.219 00167.386 00167.554 00167.724 00167.895 00168.062 00168.395 00168.870 00169.523 00170.070 00170.537 00170.715 00170.151 00169.425 00168.635 00168.044 00167.781 00167.515 00167.254 00166.926 00166.417 00165.700 00164.894 00163.905 00163.134 00162.027 00160.996
-9999.0 -9999.0 -9999.0 -9999.0 -9999.0 -9999.0 -9999.0 00152.735 00153.490 00154.150 00154.736 00155.047 00155.880 00156.391 00156.880 00157.369 00157.738 00158.271 00158.753 00159.270 00159.836 00160.449 00160.898 00161.469 00162.028 00162.627 00163.267 00163.879 00164.088 00164.786 00165.246 00165.723 00166.215 00166.683 00166.925 00167.160 00167.328 00167.496 00167.666 00167.837 00168.010 00168.233 00168.820 00169.667 00170.362 00170.929 00171.482 00172.077 00171.470 00170.709 00169.806 00168.612 00168.021 00167.751 00167.487 00167.220 00166.915 00166.203 00165.356 00164.562 00163.690 00162.498 00161.439
-9999.0 -9999.0 -9999.0 -9999.0 -9999.0 -9999.0 -9999.0 00152.740 00153.518 00154.189 00154.773 00155.063 00155.916 00156.428 00156.921 00157.415 00157.767 00158.327 00158.816 00159.347 00159.930 00160.518 00160.994 00161.576 00162.159 00162.777 00163.427 00163.892 00164.475 00164.943 00165.413 00165.894 00166.392 00166.904 00166.949 00167.263 00167.435 00167.607 00167.778 00167.950 00168.124 00168.627 00169.403 00170.244 00171.023 00171.763 00172.383 00173.017 00172.854 00172.024 00170.953 00169.732 00168.508 00167.991 00167.722 00167.448 00167.157 00166.712 00165.831 00164.948 00163.902 00162.974 00161.801
-9999.0 -9999.0 -9999.0 -9999.0 -9999.0 -9999.0 -9999.0 00152.633 00153.424 00154.117 00154.728 00155.053 00155.915 00156.447 00156.956 00157.451 00157.788 00158.369 00158.867 00159.408 00159.999 00160.571 00161.072 00161.660 00162.252 00162.882 00163.558 00163.903 00164.584 00165.056 00165.546 00166.056 00166.578 00166.920 00167.157 00167.346 00167.537 00167.713 00167.889 00168.064 00168.421 00169.091 00169.966 00170.754 00171.571 00172.421 00173.239 00173.864 00174.349 00173.362 00172.141 00170.837 00169.577 00168.407 00167.957 00167.679 00167.344 00166.931 00166.262 00165.329 00164.431 00163.400 00162.158
-9999.0 -9999.0 -9999.0 -9999.0 -9999.0 -9999.0 -9999.0 00152.511 00153.319 00154.025 00154.647 00155.019 00155.840 00156.375 00156.888 00157.402 00157.771 00158.357 00158.877 00159.444 00160.061 00160.617 00161.135 00161.722 00162.324 00162.968 00163.658 00163.912 00164.660 00165.147 00165.656 00166.176 00166.708 00166.933 00167.222 00167.414 00167.606 00167.800 00167.996 00168.199 00168.812 00169.684 00170.482 00171.290 00172.124 00172.955 00173.750 00160.241 -9999.0 -9999.000 00173.270 00171.985 00170.698 00169.427 00168.276 00167.874 00167.534 00167.181 00166.686 00165.680 00164.732 00163.788 00162.466
-9999.0 -9999.0 -9999.0 -9999.0 -9999.0 -9999.0 -9999.0 00152.362 00153.192 00153.916 00154.552 00154.979 00155.751 00156.291 00156.807 00157.319 00157.724 00158.271 00158.788 00159.346 00159.961 00160.570 00161.104 00161.724 00162.362 00163.043 00163.740 00163.918 00164.730 00165.225 00165.734 00166.265 00166.814 00166.944 00167.268 00167.466 00167.667 00167.869 00168.066 00168.513 00169.350 00170.210 00171.019 00171.831 00172.682 00173.471 00174.282 -9999.000 -9999.0 -9999.0 -9999.000 00173.135 00171.839 00170.555 00169.102 00168.068 00167.703 00167.335 00166.916 00166.000 00164.994 00163.895 00162.776
-9999.0 -9999.0 -9999.0 -9999.0 -9999.0 -9999.0 -9999.0 00151.908 00153.032 00153.774 00154.426 00154.926 00155.632 00156.186 00156.706 00157.220 00157.669 00158.137 00158.694 00159.241 00159.845 00160.486 00160.993 00161.614 00162.244 00162.919 00163.645 00163.913 00164.714 00165.239 00165.791 00166.348 00166.902 00166.967 00167.307 00167.510 00167.715 00167.919 00168.126 00168.745 00169.703 00170.614 00171.540 00172.398 00173.201 00174.001 -9999.000 -9999.0 -9999.0 -9999.0 -9999.0 -9999.000 00173.008 00171.674 00170.069 00168.446 00167.863 00167.471 00166.946 00166.294 00165.257 00163.911 00162.828
-9999.0 -9999.0 -9999.0 -9999.0 -9999.0 -9999.0 -9999.0 -9999.0 00152.827 00153.602 00154.280 00154.866 00155.274 00156.062 00156.589 00157.102 00157.603 00157.976 00158.584 00159.124 00159.716 00160.369 00160.862 00161.487 00162.105 00162.770 00163.485 00163.902 00164.607 00165.126 00165.670 00166.236 00166.825 00166.949 00167.308 00167.529 00167.753 00167.967 00168.208 00168.958 00170.015 00170.934 00171.892 00172.862 00173.721 00166.071 -9999.0 -9999.0 -9999.0 -9999.0 -9999.0 -9999.0 -9999.000 00172.660 00170.939 00169.117 00168.018 00167.604 00167.088 00166.308 00165.154 00163.900 00162.709
-9999.0 -9999.0 -9999.0 -9999.0 -9999.0 -9999.0 -9999.0 -9999.0 00152.584 00153.389 00154.092 00154.711 00155.048 00155.906 00156.441 00156.957 00157.475 00157.814 00158.438 00158.967 00159.545 00160.182 00160.730 00161.315 00161.926 00162.579 00163.285 00163.886 00164.471 00164.987 00165.524 00166.084 00166.665 00166.934 00167.247 00167.465 00167.687 00167.913 00168.143 00168.880 00170.058 00171.164 00172.266 00173.241 00174.180 -9999.000 -9999.0 -9999.0 -9999.0 -9999.0 -9999.0 -9999.0 -9999.000 00173.670 00171.770 00169.405 00167.985 00167.519 00166.943 00166.143 00165.011 00163.886 00162.528
-9999.0 -9999.0 -9999.0 -9999.0 -9999.0 -9999.0 -9999.0 -9999.0 00152.325 00153.161 00153.889 00154.529 00154.970 00155.735 00156.279 00156.799 00157.314 00157.723 00158.273 00158.791 00159.353 00159.972 00160.578 00161.115 00161.733 00162.368 00163.052 00163.787 00163.925 00164.811 00165.339 00165.891 00166.466 00166.917 00167.172 00167.389 00167.609 00167.831 00168.056 00168.583 00169.603 00170.648 00171.691 00172.818 00173.876 -9999.000 -9999.0 -9999.0 -9999.0 -9999.0 -9999.0 -9999.0 -9999.0 00173.267 00171.000 00168.803 00167.881 00167.426 00166.923 00165.923 00164.812 00163.748 00162.298
-9999.0 -9999.0 -9999.0 -9999.0 -9999.0 -9999.0 -9999.0 -9999.0 -9999.0 00152.861 00153.631 00154.305 00154.875 00155.326 00156.079 00156.604 00157.117 00157.610 00157.993 00158.595 00159.135 00159.726 00160.379 00160.870 00161.498 00162.117 00162.784 00163.502 00163.903 00164.617 00165.137 00165.679 00166.238 00166.817 00166.947 00167.295 00167.510 00167.727 00167.948 00168.192 00169.008 00170.125 00171.138 00172.163 00173.168 00174.144 -9999.000 -9999.0 -9999.0 -9999.0 -9999.0 -9999.0 -9999.000 00172.259 00170.251 00168.262 00167.739 00167.300 00166.814 00165.659 00164.570 00163.391 00161.984
-9999.0 -9999.0 -9999.0 -9999.0 -9999.0 -9999.0 -9999.0 -9999.0 -9999.0 00152.528 00153.338 00154.045 00154.667 00155.029 00155.863 00156.400 00156.916 00157.432 00157.790 00158.394 00158.918 00159.485 00160.109 00160.671 00161.229 00161.836 00162.472 00163.155 00163.875 00164.284 00164.869 00165.394 00165.941 00166.508 00166.920 00167.182 00167.396 00167.611 00167.822 00168.035 00168.461 00169.358 00170.373 00171.354 00172.377 00173.361 00174.345 -9999.0 -9999.0 -9999.0 -9999.0 -9999.000 00172.911 00170.981 00169.034 00167.989 00167.575 00167.110 00166.370 00165.257 00163.916 00162.939 00161.629
-9999.0 -9999.0 -9999.0 -9999.0 -9999.0 -9999.0 -9999.0 -9999.0 -9999.0 00151.940 00153.035 00153.772 00154.419 00154.920 00155.582 00156.164 00156.680 00157.187 00157.647 00158.077 00158.647 00159.185 00159.775 00160.425 00160.908 00161.525 00162.135 00162.793 00163.499 00163.902 00164.601 00165.114 00165.644 00166.179 00166.735 00166.938 00167.249 00167.455 00167.664 00167.872 00168.083 00168.619 00169.585 00170.569 00171.558 00172.590 00173.558 -9999.000 -9999.0 -9999.0 -9999.0 00173.530 00171.622 00169.760 00168.137 00167.734 00167.332 00166.912 00165.929 00164.851 00163.848 00162.429 00161.180
-9999.0 -9999.0 -9999.0 -9999.0 -9999.0 -9999.0 -9999.0 -9999.0 -9999.0 -9999.0 00152.613 00153.403 00154.095 00154.706 00155.043 00155.887 00156.417 00156.927 00157.437 00157.787 00158.381 00158.895 00159.455 00160.072 00160.642 00161.189 00161.795 00162.425 00163.085 00163.788 00163.922 00164.762 00165.261 00165.780 00166.319 00166.877 00166.950 00167.295 00167.499 00167.706 00167.915 00168.127 00168.768 00169.808 00170.768 00171.766 00172.800 00173.762 -9999.000 -9999.0 -9999.000 00172.289 00170.382 00168.542 00167.870 00167.475 00166.948 00166.342 00165.316 00164.250 00163.245 00161.917 00160.730
-9999.0 -9999.0 -9999.0 -9999.0 -9999.0 -9999.0 -9999.0 -9999.0 -9999.0 -9999.0 00151.884 00153.020 00153.753 00154.397 00154.910 00155.510 00156.135 00156.649 00157.153 00157.626 00158.021 00158.606 00159.138 00159.707 00160.329 00160.813 00161.394 00161.976 00162.598 00163.266 00163.882 00164.405 00164.885 00165.383 00165.901 00166.437 00166.911 00167.096 00167.337 00167.541 00167.748 00167.958 00168.187 00168.931 00169.991 00170.951 00171.957 00172.796 00173.641 -9999.000 00172.630 00170.965 00169.074 00168.006 00167.607 00167.218 00166.718 00165.692 00164.735 00163.795 00162.479 00161.317 00160.283
-9999.0 -9999.0 -9999.0 -9999.0 -9999.0 -9999.0 -9999.0 -9999.0 -9999.0 -9999.0 -9999.0 00152.557 00153.351 00154.045 00154.658 00155.020 00155.835 00156.366 00156.862 00157.356 00157.733 00158.266 00158.761 00159.292 00159.872 00160.482 00160.957 00161.550 00162.137 00162.762 00163.432 00163.894 00164.505 00164.987 00165.489 00166.010 00166.551 00166.921 00167.176 00167.378 00167.582 00167.785 00167.991 00168.289 00169.077 00169.944 00170.708 00171.490 00172.322 00172.024 00170.791 00169.495 00168.120 00167.732 00167.347 00166.918 00166.031 00165.053 00163.906 00162.970 00161.773 00160.687 00159.587
