examples/flatland/Outputs/centerIgnit/b_RAWS/singleWinds/flatland_centerIgnit_3mph120deg7hr_RAWS/flatland_centerIgnit_3mph120deg7hr_RAWS_HeatPerUnitArea.asc
NCOLS 100
NROWS 100
XLLCORNER 20000.000000
YLLCORNER 20000.000000
CELLSIZE 30.000000
NODATA_VALUE -9999.0
[rows 28 to 55 of 100, columns 0 to 62 of 100]
-9999.0 -9999.0 -9999.0 -9999.0 -9999.0 -9999.0 -9999.0 -9999.0 -9999.0 -9999.0 01003.069 01007.541 01011.476 01014.988 01018.162 01020.128 01024.108 01027.162 01029.844 01032.459 01035.050 01037.480 01038.942 01042.227 01044.689 01047.273 01050.010 01052.913 01055.821 01057.779 01059.839 01062.256 01064.480 01066.706 01068.898 01070.841 01072.828 01074.700 01076.369 01077.919 01078.747 01078.834 01078.917 01078.856 01078.785 01078.366 01076.636 01074.674 01072.291 01069.784 01066.894 01063.922 01060.642 01057.655 01053.935 01049.557 01045.450 01041.459 01037.691 01033.922 01029.857 01025.585 01019.887
-9999.0 -9999.0 -9999.0 -9999.0 -9999.0 -9999.0 -9999.0 -9999.0 -9999.0 -9999.0 01005.582 01009.763 01013.517 01016.897 01019.622 01021.258 01026.192 01028.931 01031.564 01034.153 01036.786 01038.482 01041.358 01044.111 01046.719 01049.478 01052.383 01055.492 01057.889 01060.457 01062.891 01065.243 01067.706 01070.060 01072.595 01074.925 01077.092 01078.745 01078.888 01079.014 01082.273 01083.155 01083.920 01083.895 01083.269 01082.372 01079.006 01078.862 01078.153 01075.513 01072.259 01068.930 01065.504 01062.192 01058.082 01054.228 01049.614 01045.241 01040.888 01037.437 01033.474 01029.323 01024.813
-9999.0 -9999.0 -9999.0 -9999.0 -9999.0 -9999.0 -9999.0 -9999.0 -9999.0 01003.041 01007.785 01011.928 01015.459 01018.646 01020.389 01025.039 01027.905 01030.634 01033.258 01035.887 01037.968 01040.106 01043.258 01045.904 01048.711 01051.705 01054.878 01057.503 01060.002 01062.932 01065.782 01068.399 01070.955 01073.639 01076.326 01078.730 01078.916 01080.731 01083.328 01084.506 01085.655 01086.592 01087.466 01088.011 01087.341 01086.471 01085.310 01084.051 01082.292 01078.925 01078.064 01074.370 01070.657 01066.800 01062.488 01058.225 01054.177 01049.242 01044.808 01040.250 01037.110 01032.857 01028.501
-9999.0 -9999.0 -9999.0 -9999.0 -9999.0 -9999.0 -9999.0 -9999.0 -9999.0 01004.947 01009.496 01013.517 01017.122 01019.792 01022.403 01026.681 01029.506 01032.218 01034.898 01037.442 01038.945 01042.365 01044.950 01047.751 01050.759 01053.975 01056.954 01059.368 01062.393 01065.294 01068.305 01071.476 01074.367 01077.265 01078.817 01079.024 01083.232 01084.828 01086.337 01087.817 01089.019 01090.153 01091.115 01092.060 01091.594 01090.748 01089.612 01088.253 01086.465 01084.614 01082.187 01078.829 01076.330 01071.787 01067.101 01062.593 01058.076 01053.652 01048.721 01044.361 01039.480 01036.389 01031.996
-9999.0 -9999.0 -9999.0 -9999.0 -9999.0 -9999.0 -9999.0 -9999.0 01000.697 01006.770 01011.120 01014.974 01018.444 01020.396 01025.279 01028.271 01031.028 01033.743 01036.490 01038.360 01041.194 01044.057 01046.790 01049.705 01052.834 01056.145 01058.557 01061.611 01064.660 01067.698 01070.887 01074.148 01077.685 01078.878 01082.022 01083.996 01085.884 01087.795 01089.465 01091.024 01092.519 01093.780 01094.846 01095.896 01096.254 01095.226 01094.110 01092.721 01090.819 01088.892 01086.311 01083.676 01078.977 01077.176 01072.022 01067.108 01062.251 01057.683 01053.080 01048.193 01043.738 01038.747 01035.463
-9999.0 -9999.0 -9999.0 -9999.0 -9999.0 -9999.0 -9999.0 -9999.0 01003.528 01008.309 01012.546 01016.320 01019.509 01021.279 01026.489 01029.538 01032.463 01035.282 01037.689 01039.565 01042.993 01045.710 01048.615 01051.699 01055.041 01057.735 01060.542 01063.683 01066.797 01070.076 01073.469 01077.013 01078.850 01082.228 01084.541 01086.559 01088.579 01090.608 01092.641 01094.329 01095.987 01097.467 01098.654 01098.753 01098.850 01098.762 01098.659 01097.381 01095.394 01093.357 01090.618 01087.801 01084.894 01079.014 01077.326 01071.845 01066.587 01061.719 01057.266 01052.378 01047.410 01042.878 01038.143
-9999.0 -9999.0 -9999.0 -9999.0 -9999.0 -9999.0 -9999.0 -9999.0 01005.025 01009.784 01013.866 01017.501 01020.020 01024.502 01027.684 01030.658 01033.576 01036.521 01038.515 01041.751 01044.514 01047.398 01050.478 01053.789 01056.896 01059.438 01062.620 01065.698 01068.975 01072.438 01076.071 01078.789 01079.722 01084.192 01086.674 01089.200 01091.292 01093.472 01095.573 01097.737 01098.715 01098.864 01099.330 01100.485 01100.915 01100.850 01100.411 01098.951 01098.781 01098.012 01095.112 01092.157 01088.852 01085.052 01079.019 01076.955 01071.264 01066.020 01061.161 01056.671 01051.396 01046.441 01041.154
-9999.0 -9999.0 -9999.0 -9999.0 -9999.0 -9999.0 -9999.0 -9999.0 01006.263 01010.871 01014.953 01018.597 01020.519 01025.609 01028.739 01031.736 01034.695 01037.476 01039.330 01043.048 01046.032 01049.106 01052.309 01055.800 01058.367 01061.476 01064.639 01067.846 01071.221 01074.786 01078.554 01078.985 01083.608 01086.117 01088.668 01091.296 01094.033 01096.340 01098.560 01098.833 01099.909 01100.788 01101.390 01101.867 01102.344 01102.623 01102.165 01101.619 01100.930 01099.694 01098.751 01096.753 01092.992 01088.958 01084.961 01078.976 01076.313 01070.652 01065.385 01060.247 01055.810 01049.897 01044.404
-9999.0 -9999.0 -9999.0 -9999.0 -9999.0 -9999.0 -9999.0 01002.291 01007.399 01011.898 01015.883 01019.389 01021.026 01026.575 01029.768 01032.752 01035.730 01038.088 01040.918 01044.157 01047.235 01050.570 01054.205 01057.313 01060.105 01063.379 01066.574 01069.969 01073.531 01077.272 01078.886 01082.734 01085.316 01087.984 01090.712 01093.421 01096.218 01098.680 01098.900 01100.491 01101.286 01102.057 01102.673 01103.252 01103.758 01104.243 01103.939 01103.389 01102.683 01101.848 01100.776 01098.892 01097.284 01093.038 01088.715 01084.542 01078.926 01075.656 01069.784 01064.447 01058.936 01053.593 01047.579
-9999.0 -9999.0 -9999.0 -9999.0 -9999.0 -9999.0 -9999.0 01003.173 01008.280 01012.771 01016.715 01019.746 01023.207 01027.355 01030.509 01033.585 01036.689 01038.671 01042.240 01045.200 01048.391 01051.861 01055.623 01058.459 01061.894 01065.211 01068.580 01072.117 01075.863 01078.787 01080.614 01084.424 01087.078 01089.812 01092.629 01095.515 01098.384 01098.875 01100.612 01101.569 01102.402 01103.204 01103.966 01104.601 01105.178 01105.700 01105.767 01105.189 01104.476 01103.605 01102.504 01101.278 01098.906 01097.203 01092.629 01088.245 01084.101 01078.866 01074.550 01068.760 01062.631 01057.077 01050.905
-9999.0 -9999.0 -9999.0 -9999.0 -9999.0 -9999.0 -9999.0 01003.996 01009.004 01013.411 01017.318 01020.038 01024.756 01028.102 01031.231 01034.305 01037.345 01039.237 01043.145 01046.305 01049.611 01053.199 01056.744 01059.665 01063.223 01066.731 01070.475 01074.227 01078.144 01078.963 01083.502 01086.158 01088.857 01091.632 01094.520 01097.502 01098.808 01100.369 01101.409 01102.466 01103.515 01104.326 01105.158 01105.915 01106.555 01107.620 01109.586 01107.193 01106.302 01105.383 01104.255 01102.874 01101.284 01098.886 01096.703 01092.133 01087.783 01083.450 01078.780 01072.798 01066.203 01060.022 01054.526
-9999.0 -9999.0 -9999.0 -9999.0 -9999.0 -9999.0 -9999.0 01004.588 01009.591 01013.992 01017.885 01020.279 01025.288 01028.632 01031.826 01034.986 01037.764 01040.284 01043.863 01047.084 01050.591 01054.429 01057.700 01060.934 01064.489 01068.129 01071.980 01076.078 01078.833 01082.396 01085.050 01087.816 01090.668 01093.536 01096.465 01098.717 01099.285 01101.108 01102.207 01103.281 01104.350 01105.441 01106.313 01107.616 01110.186 01112.725 01116.118 01114.806 01111.027 01107.803 01106.063 01104.507 01102.859 01101.141 01098.841 01096.195 01091.526 01087.018 01082.444 01077.060 01069.900 01063.533 01057.297
-9999.0 -9999.0 -9999.0 -9999.0 -9999.0 -9999.0 -9999.0 01005.046 01010.040 01014.421 01018.272 01020.466 01025.750 01029.117 01032.316 01035.483 01038.059 01041.127 01044.519 01047.856 01051.433 01055.353 01058.407 01062.012 01065.672 01069.426 01073.404 01077.639 01078.954 01083.675 01086.655 01089.490 01092.386 01095.361 01098.422 01098.891 01100.728 01101.824 01102.930 01104.051 01105.176 01106.277 01108.470 01111.596 01115.899 01119.508 01122.576 01123.741 01120.026 01115.263 01110.053 01106.159 01104.425 01102.675 01100.954 01098.797 01095.444 01090.731 01085.419 01078.908 01073.839 01066.553 01059.768
-9999.0 -9999.0 -9999.0 -9999.0 -9999.0 -9999.0 -9999.0 01005.398 01010.358 01014.702 01018.563 01020.606 01026.096 01029.455 01032.677 01035.895 01038.320 01041.822 01044.996 01048.400 01052.127 01056.161 01059.117 01062.881 01066.561 01070.502 01074.718 01078.741 01080.120 01084.714 01087.743 01090.879 01094.123 01097.202 01098.790 01100.339 01101.445 01102.552 01103.666 01104.792 01105.933 01107.401 01111.265 01116.844 01121.431 01125.158 01128.800 01132.710 01128.703 01123.700 01117.754 01109.902 01106.007 01104.230 01102.488 01100.734 01098.722 01094.041 01088.465 01083.240 01077.505 01069.654 01062.681
-9999.0 -9999.0 -9999.0 -9999.0 -9999.0 -9999.0 -9999.0 01005.426 01010.555 01014.964 01018.801 01020.709 01026.329 01029.699 01032.948 01036.199 01038.508 01042.196 01045.415 01048.914 01052.748 01056.619 01059.753 01063.589 01067.422 01071.490 01075.774 01078.826 01082.666 01085.744 01088.838 01092.004 01095.283 01098.649 01098.949 01101.016 01102.146 01103.283 01104.403 01105.535 01106.681 01109.999 01115.115 01120.648 01125.776 01130.636 01134.659 01138.905 01137.818 01132.410 01125.311 01117.268 01109.221 01105.810 01104.040 01102.231 01100.318 01097.395 01091.587 01085.779 01078.888 01072.788 01065.064
-9999.0 -9999.0 -9999.0 -9999.0 -9999.0 -9999.0 -9999.0 01004.726 01009.933 01014.491 01018.511 01020.644 01026.322 01029.826 01033.172 01036.431 01038.643 01042.475 01045.752 01049.313 01053.201 01056.965 01060.269 01064.139 01068.035 01072.188 01076.634 01078.900 01083.382 01086.488 01089.719 01093.071 01096.507 01098.756 01100.318 01101.559 01102.820 01103.975 01105.135 01106.290 01108.646 01113.055 01118.819 01123.997 01129.378 01134.983 01140.375 01144.481 01147.654 01141.137 01133.136 01124.544 01116.258 01108.550 01105.581 01103.752 01101.550 01098.833 01094.427 01088.285 01082.376 01075.589 01067.416
-9999.0 -9999.0 -9999.0 -9999.0 -9999.0 -9999.0 -9999.0 01003.920 01009.239 01013.885 01017.978 01020.419 01025.828 01029.348 01032.729 01036.109 01038.537 01042.396 01045.817 01049.555 01053.626 01057.275 01060.684 01064.547 01068.508 01072.752 01077.288 01078.955 01083.885 01087.088 01090.442 01093.864 01097.368 01098.846 01100.749 01102.009 01103.272 01104.551 01105.843 01107.175 01111.213 01116.956 01122.217 01127.534 01133.024 01138.493 01143.718 01148.653 -9999.0 -9999.000 01140.566 01132.107 01123.627 01115.273 01107.688 01105.035 01102.798 01100.473 01097.223 01090.602 01084.361 01078.143 01069.442
-9999.0 -9999.0 -9999.0 -9999.0 -9999.0 -9999.0 -9999.0 01002.939 01008.400 01013.165 01017.353 01020.157 01025.242 01028.799 01032.194 01035.566 01038.226 01041.828 01045.227 01048.906 01052.961 01056.963 01060.479 01064.561 01068.758 01073.241 01077.823 01078.998 01084.345 01087.605 01090.956 01094.447 01098.060 01098.914 01101.047 01102.352 01103.674 01105.003 01106.303 01109.249 01114.767 01120.423 01125.750 01131.090 01136.691 01141.890 01147.224 -9999.000 -9999.0 -9999.0 -9999.000 01139.679 01131.145 01122.695 01113.130 01106.315 01103.915 01101.492 01098.728 01092.708 01086.082 01078.847 01071.485
-9999.0 -9999.0 -9999.0 -9999.0 -9999.0 -9999.0 -9999.0 00999.952 01007.340 01012.230 01016.522 01019.808 01024.453 01028.102 01031.530 01034.911 01037.862 01040.951 01044.613 01048.213 01052.184 01056.407 01059.744 01063.837 01067.980 01072.424 01077.216 01078.967 01084.237 01087.701 01091.325 01094.990 01098.637 01099.066 01101.303 01102.643 01103.988 01105.331 01106.692 01110.778 01117.081 01123.073 01129.180 01134.827 01140.114 01145.378 -9999.000 -9999.0 -9999.0 -9999.0 -9999.0 -9999.000 01138.843 01130.053 01119.505 01108.812 01104.966 01102.384 01098.929 01094.635 01087.812 01078.951 01071.830
-9999.0 -9999.0 -9999.0 -9999.0 -9999.0 -9999.0 -9999.0 -9999.0 01006.000 01011.098 01015.557 01019.411 01022.108 01027.288 01030.755 01034.132 01037.425 01039.886 01043.893 01047.447 01051.344 01055.638 01058.883 01062.997 01067.066 01071.448 01076.163 01078.889 01083.532 01086.955 01090.534 01094.258 01098.136 01098.947 01101.312 01102.764 01104.240 01105.645 01107.237 01112.173 01119.145 01125.168 01131.496 01137.877 01143.528 01148.653 -9999.0 -9999.0 -9999.0 -9999.0 -9999.0 -9999.0 -9999.000 01136.545 01125.189 01113.234 01105.989 01103.257 01099.866 01094.731 01087.137 01078.881 01071.042
-9999.0 -9999.0 -9999.0 -9999.0 -9999.0 -9999.0 -9999.0 -9999.0 01004.406 01009.701 01014.325 01018.396 01020.608 01026.262 01029.788 01033.181 01036.590 01038.821 01042.931 01046.410 01050.216 01054.412 01058.013 01061.864 01065.884 01070.184 01074.833 01078.788 01082.639 01086.036 01089.575 01093.257 01097.085 01098.852 01100.909 01102.348 01103.807 01105.295 01106.806 01111.658 01119.452 01126.676 01133.960 01140.379 01146.556 -9999.000 -9999.0 -9999.0 -9999.0 -9999.0 -9999.0 -9999.0 -9999.000 01143.193 01130.685 01115.124 01105.772 01102.702 01098.911 01093.655 01086.195 01078.783 01069.851
-9999.0 -9999.0 -9999.0 -9999.0 -9999.0 -9999.0 -9999.0 -9999.0 01002.693 01008.193 01012.989 01017.203 01020.100 01025.137 01028.723 01032.141 01035.535 01038.219 01041.837 01045.252 01048.952 01053.026 01057.015 01060.549 01064.614 01068.798 01073.301 01078.139 01079.040 01084.877 01088.349 01091.984 01095.771 01098.736 01100.415 01101.843 01103.290 01104.754 01106.241 01109.706 01116.419 01123.296 01130.162 01137.582 01144.544 -9999.000 -9999.0 -9999.0 -9999.0 -9999.0 -9999.0 -9999.0 -9999.0 01140.550 01125.668 01111.152 01105.084 01102.087 01098.775 01092.199 01084.882 01077.882 01068.339
-9999.0 -9999.0 -9999.0 -9999.0 -9999.0 -9999.0 -9999.0 -9999.0 -9999.0 01006.222 01011.286 01015.716 01019.471 01022.447 01027.400 01030.856 01034.230 01037.477 01040.001 01043.965 01047.516 01051.409 01055.705 01058.935 01063.071 01067.146 01071.540 01076.265 01078.896 01083.601 01087.025 01090.591 01094.269 01098.079 01098.934 01101.224 01102.639 01104.073 01105.524 01107.131 01112.506 01119.865 01126.542 01133.272 01139.889 01146.318 -9999.000 -9999.0 -9999.0 -9999.0 -9999.0 -9999.0 -9999.000 01133.915 01120.695 01107.597 01104.150 01101.258 01098.064 01090.459 01083.291 01075.537 01066.265
-9999.0 -9999.0 -9999.0 -9999.0 -9999.0 -9999.0 -9999.0 -9999.0 -9999.0 01004.036 01009.362 01014.014 01018.108 01020.484 01025.980 01029.514 01032.911 01036.310 01038.658 01042.638 01046.089 01049.826 01053.930 01057.626 01061.303 01065.296 01069.478 01073.973 01078.716 01081.405 01085.258 01088.715 01092.313 01096.049 01098.756 01100.480 01101.890 01103.305 01104.694 01106.099 01108.908 01114.818 01121.495 01127.955 01134.688 01141.163 01147.640 -9999.0 -9999.0 -9999.0 -9999.0 -9999.000 01138.204 01125.501 01112.680 01105.791 01103.071 01100.011 01095.137 01087.812 01078.981 01072.562 01063.935
-9999.0 -9999.0 -9999.0 -9999.0 -9999.0 -9999.0 -9999.0 -9999.0 -9999.0 01000.164 01007.360 01012.212 01016.471 01019.770 01024.129 01027.955 01031.352 01034.696 01037.720 01040.552 01044.306 01047.845 01051.725 01056.004 01059.182 01063.247 01067.269 01071.597 01076.244 01078.890 01083.496 01086.871 01090.362 01093.888 01097.542 01098.874 01100.922 01102.280 01103.652 01105.025 01106.415 01109.945 01116.311 01122.784 01129.294 01136.084 01142.457 -9999.000 -9999.0 -9999.0 -9999.0 01142.272 01129.714 01117.452 01106.767 01104.114 01101.471 01098.703 01092.239 01085.140 01078.537 01069.198 01060.982
-9999.0 -9999.0 -9999.0 -9999.0 -9999.0 -9999.0 -9999.0 -9999.0 -9999.0 -9999.0 01004.594 01009.791 01014.347 01018.369 01020.576 01026.142 01029.628 01032.987 01036.342 01038.643 01042.555 01045.936 01049.627 01053.690 01057.439 01061.039 01065.024 01069.171 01073.518 01078.141 01079.021 01084.552 01087.839 01091.256 01094.805 01098.473 01098.952 01101.227 01102.569 01103.930 01105.307 01106.701 01110.928 01117.769 01124.091 01130.660 01137.470 01143.813 -9999.000 -9999.0 -9999.000 01134.112 01121.558 01109.445 01105.011 01102.408 01098.943 01094.956 01088.196 01081.187 01074.570 01065.826 01058.015
-9999.0 -9999.0 -9999.0 -9999.0 -9999.0 -9999.0 -9999.0 -9999.0 -9999.0 -9999.0 00999.797 01007.260 01012.087 01016.332 01019.701 01023.656 01027.766 01031.146 01034.469 01037.580 01040.181 01044.036 01047.538 01051.281 01055.377 01058.560 01062.384 01066.213 01070.313 01074.711 01078.759 01082.204 01085.362 01088.642 01092.049 01095.582 01098.697 01099.913 01101.499 01102.846 01104.210 01105.591 01107.097 01111.996 01118.985 01125.305 01131.928 01137.452 01142.997 -9999.000 01136.360 01125.396 01112.944 01105.906 01103.280 01100.716 01097.429 01090.678 01084.377 01078.188 01069.525 01061.880 01055.072
-9999.0 -9999.0 -9999.0 -9999.0 -9999.0 -9999.0 -9999.0 -9999.0 -9999.0 -9999.0 -9999.0 01004.222 01009.450 01014.016 01018.046 01020.428 01025.800 01029.296 01032.556 01035.805 01038.287 01041.791 01045.049 01048.547 01052.368 01056.384 01059.510 01063.416 01067.280 01071.397 01075.807 01078.838 01082.863 01086.040 01089.343 01092.774 01096.335 01098.764 01100.440 01101.775 01103.113 01104.448 01105.808 01107.777 01112.968 01118.676 01123.691 01128.861 01134.288 01132.421 01124.237 01115.715 01106.660 01104.104 01101.570 01098.746 01092.910 01086.473 01078.918 01072.765 01064.880 01057.732 01050.497
