examples/flatland/Outputs/centerIgnit/b_RAWS/clockwise/1hr/flatland_centerIgnit_clockwise1hr_RAWS/flatland_centerIgnit_clockwise1hr_RAWS_HeatPerUnitArea.asc
NCOLS 100
NROWS 100
XLLCORNER 20000.000000
YLLCORNER 20000.000000
CELLSIZE 30.000000
NODATA_VALUE -9999.0
[rows 28 to 55 of 100, columns 0 to 61 of 100]
-9999.0 -9999.0 -9999.0 -9999.0 -9999.0 -9999.0 -9999.0 -9999.0 -9999.0 -9999.0 -9999.0 -9999.0 -9999.0 -9999.0 -9999.0 -9999.0 -9999.0 -9999.0 -9999.0 -9999.0 -9999.0 -9999.0 -9999.0 -9999.0 -9999.0 01004.355 01009.221 01013.289 01016.953 01019.737 01021.739 01026.108 01028.498 01030.642 01032.763 01034.855 01037.001 01038.107 01040.494 01043.677 01046.368 01048.999 01051.790 01054.867 01057.149 01059.778 01063.047 01065.979 01068.639 01070.884 01073.000 01073.532 01072.259 01070.719 01068.924 01066.458 01064.132 01060.891 01057.839 01055.111 01050.745 01046.538
-9999.0 -9999.0 -9999.0 -9999.0 -9999.0 -9999.0 -9999.0 -9999.0 -9999.0 -9999.0 -9999.0 -9999.0 -9999.0 -9999.0 -9999.0 -9999.0 -9999.0 -9999.0 -9999.0 -9999.0 -9999.0 -9999.0 -9999.0 -9999.0 01002.605 01007.735 01012.201 01016.126 01019.454 01020.707 01025.693 01028.247 01030.674 01033.020 01035.172 01037.295 01038.397 01041.655 01044.469 01047.384 01050.534 01053.981 01056.707 01059.496 01063.672 01067.694 01071.225 01074.833 01078.177 01078.833 01078.942 01082.093 01078.916 01078.835 01078.596 01075.709 01072.495 01068.827 01065.236 01061.638 01057.561 01053.425
-9999.0 -9999.0 -9999.0 -9999.0 -9999.0 -9999.0 -9999.0 -9999.0 -9999.0 -9999.0 -9999.0 -9999.0 -9999.0 -9999.0 -9999.0 -9999.0 -9999.0 -9999.0 -9999.0 -9999.0 -9999.0 -9999.0 -9999.0 -9999.0 01006.045 01010.768 01014.920 01018.678 01020.455 01025.155 01027.807 01030.275 01032.708 01035.137 01037.410 01038.596 01042.153 01045.019 01048.089 01051.428 01055.041 01057.712 01062.275 01066.799 01071.232 01075.946 01078.810 01082.350 01084.588 01086.467 01088.002 01087.738 01086.790 01085.720 01084.294 01082.878 01078.885 01077.780 01073.519 01068.662 01064.157 01059.467
-9999.0 -9999.0 -9999.0 -9999.0 -9999.0 -9999.0 -9999.0 -9999.0 -9999.0 -9999.0 -9999.0 -9999.0 -9999.0 -9999.0 -9999.0 -9999.0 -9999.0 -9999.0 -9999.0 -9999.0 -9999.0 -9999.0 -9999.0 01004.203 01009.180 01013.542 01017.459 01020.080 01024.458 01027.191 01029.747 01032.242 01034.700 01037.217 01038.522 01042.273 01045.428 01048.556 01051.942 01055.780 01058.498 01063.691 01068.698 01074.148 01078.766 01082.614 01085.932 01088.619 01091.077 01093.137 01094.815 01093.697 01092.509 01091.087 01089.574 01087.546 01085.484 01083.480 01078.891 01076.602 01071.198 01066.157
-9999.0 -9999.0 -9999.0 -9999.0 -9999.0 -9999.0 -9999.0 -9999.0 -9999.0 -9999.0 -9999.0 -9999.0 -9999.0 -9999.0 -9999.0 -9999.0 -9999.0 -9999.0 -9999.0 -9999.0 -9999.0 -9999.0 01001.954 01007.400 01012.103 01016.162 01019.589 01021.822 01026.341 01029.042 01031.651 01034.125 01036.713 01038.256 01041.643 01044.835 01048.216 01051.913 01056.081 01059.231 01064.549 01069.861 01075.855 01078.871 01084.932 01088.689 01092.280 01095.402 01098.184 01098.804 01098.858 01098.771 01098.552 01096.897 01094.651 01092.445 01090.163 01087.472 01084.876 01082.295 01078.737 01073.232
-9999.0 -9999.0 -9999.0 -9999.0 -9999.0 -9999.0 -9999.0 -9999.0 -9999.0 -9999.0 -9999.0 -9999.0 -9999.0 -9999.0 -9999.0 -9999.0 -9999.0 -9999.0 -9999.0 -9999.0 -9999.0 -9999.0 01005.112 01010.258 01014.686 01018.606 01020.499 01025.392 01028.161 01030.801 01033.382 01036.046 01037.932 01040.605 01044.201 01047.572 01051.248 01055.352 01058.475 01064.351 01070.412 01076.951 01078.940 01086.197 01090.770 01095.253 01098.700 01099.226 01100.681 01101.252 01101.175 01100.833 01100.439 01098.911 01098.772 01097.433 01094.427 01091.560 01088.772 01086.048 01083.110 01078.792
-9999.0 -9999.0 -9999.0 -9999.0 -9999.0 -9999.0 -9999.0 -9999.0 -9999.0 -9999.0 -9999.0 -9999.0 -9999.0 -9999.0 -9999.0 -9999.0 -9999.0 -9999.0 -9999.0 -9999.0 -9999.0 01002.520 01008.075 01012.871 01017.081 01020.026 01024.407 01027.221 01029.902 01032.516 01035.154 01037.520 01039.220 01043.362 01046.737 01050.376 01054.412 01057.680 01063.204 01069.202 01075.908 01078.934 01087.087 01091.925 01097.061 01098.901 01100.880 01101.749 01102.441 01103.031 01102.646 01102.259 01101.798 01101.228 01100.578 01098.890 01098.672 01095.832 01092.501 01089.237 01086.073 01083.044
-9999.0 -9999.0 -9999.0 -9999.0 -9999.0 -9999.0 -9999.0 -9999.0 -9999.0 -9999.0 -9999.0 -9999.0 -9999.0 -9999.0 -9999.0 -9999.0 -9999.0 -9999.0 -9999.0 -9999.0 -9999.0 01005.312 01010.781 01015.287 01019.347 01021.038 01026.186 01028.975 01031.614 01034.219 01036.933 01038.467 01042.276 01045.572 01049.151 01053.110 01056.817 01061.638 01067.741 01074.250 01078.848 01086.053 01092.032 01098.197 01100.209 01101.543 01102.625 01103.532 01104.216 01104.548 01104.105 01103.697 01103.117 01102.479 01101.709 01100.954 01099.594 01098.714 01095.823 01092.406 01089.105 01085.892
-9999.0 -9999.0 -9999.0 -9999.0 -9999.0 -9999.0 -9999.0 -9999.0 -9999.0 -9999.0 -9999.0 -9999.0 -9999.0 -9999.0 -9999.0 -9999.0 -9999.0 -9999.0 -9999.0 -9999.0 00998.336 01007.721 01013.061 01017.545 01020.238 01024.962 01027.863 01030.593 01033.275 01035.989 01037.945 01040.809 01044.402 01047.869 01051.664 01055.982 01059.492 01065.627 01072.127 01078.741 01084.561 01090.669 01097.137 01100.330 01101.891 01103.251 01104.411 01105.341 01106.158 01106.084 01105.589 01105.046 01104.415 01103.640 01102.853 01101.959 01100.998 01099.437 01098.696 01095.538 01092.062 01088.738
-9999.0 -9999.0 -9999.0 -9999.0 -9999.0 -9999.0 -9999.0 -9999.0 -9999.0 -9999.0 -9999.0 -9999.0 -9999.0 -9999.0 -9999.0 -9999.0 -9999.0 -9999.0 -9999.0 -9999.0 01003.916 01009.891 01015.008 01019.438 01022.095 01026.590 01029.417 01032.162 01034.883 01037.440 01039.046 01043.268 01046.649 01050.341 01054.477 01057.819 01063.588 01069.780 01076.858 01082.545 01088.698 01095.301 01098.907 01101.779 01103.591 01104.976 01106.256 01108.263 01110.987 01109.272 01107.240 01106.422 01105.593 01104.814 01103.866 01102.881 01101.907 01100.919 01098.920 01098.661 01095.128 01091.685
-9999.0 -9999.0 -9999.0 -9999.0 -9999.0 -9999.0 -9999.0 -9999.0 -9999.0 -9999.0 -9999.0 -9999.0 -9999.0 -9999.0 -9999.0 -9999.0 -9999.0 -9999.0 -9999.0 -9999.0 01006.136 01011.951 01016.817 01020.172 01025.045 01028.143 01030.930 01033.651 01036.477 01038.278 01041.923 01045.234 01048.841 01052.827 01056.683 01061.420 01067.566 01074.234 01078.858 01086.538 01092.999 01098.759 01101.273 01103.241 01105.189 01106.759 01111.029 01114.417 01117.567 01114.767 01111.836 01109.242 01106.828 01105.818 01104.812 01103.800 01102.789 01101.795 01100.809 01098.891 01098.399 01094.725
-9999.0 -9999.0 -9999.0 -9999.0 -9999.0 -9999.0 -9999.0 -9999.0 -9999.0 -9999.0 -9999.0 -9999.0 -9999.0 -9999.0 -9999.0 -9999.0 -9999.0 -9999.0 -9999.0 01000.596 01008.192 01013.682 01018.523 01020.726 01026.285 01029.329 01032.257 01035.207 01037.618 01039.743 01043.774 01047.256 01051.065 01055.372 01058.726 01064.999 01071.498 01078.715 01084.280 01090.706 01097.592 01100.580 01102.619 01104.699 01106.727 01112.229 01117.061 01120.621 01123.845 01121.201 01118.256 01114.264 01109.854 01106.800 01105.732 01104.701 01103.687 01102.681 01101.685 01100.695 01098.858 01097.757
-9999.0 -9999.0 -9999.0 -9999.0 -9999.0 -9999.0 -9999.0 -9999.0 -9999.0 -9999.0 -9999.0 -9999.0 -9999.0 -9999.0 -9999.0 -9999.0 -9999.0 -9999.0 -9999.0 01003.448 01009.980 01015.386 01019.690 01024.050 01027.465 01030.457 01033.381 01036.398 01038.346 01042.169 01045.583 01049.317 01053.398 01057.066 01062.320 01068.588 01075.597 01079.244 01088.015 01094.820 01098.900 01101.917 01103.978 01106.109 01111.357 01117.939 01122.492 01126.554 01130.190 01127.352 01123.795 01119.866 01114.323 01109.505 01106.680 01105.614 01104.592 01103.577 01102.553 01101.514 01100.497 01098.796
-9999.0 -9999.0 -9999.0 -9999.0 -9999.0 -9999.0 -9999.0 -9999.0 -9999.0 -9999.0 -9999.0 -9999.0 -9999.0 -9999.0 -9999.0 -9999.0 -9999.0 -9999.0 -9999.0 01005.149 01011.485 01016.809 01020.296 01025.371 01028.519 01031.526 01034.504 01037.388 01039.157 01043.436 01046.959 01050.808 01055.156 01058.583 01064.901 01071.506 01078.720 01084.730 01091.874 01098.690 01101.129 01103.267 01105.357 01109.391 01116.030 01122.333 01128.011 01132.601 01136.751 01133.674 01129.616 01124.721 01119.451 01113.624 01109.102 01106.565 01105.496 01104.447 01103.402 01102.319 01101.148 01099.166
-9999.0 -9999.0 -9999.0 -9999.0 -9999.0 -9999.0 -9999.0 -9999.0 -9999.0 -9999.0 -9999.0 -9999.0 -9999.0 -9999.0 -9999.0 -9999.0 -9999.0 -9999.0 -9999.0 01006.768 01012.811 01018.050 01020.702 01026.385 01029.543 01032.531 01035.556 01037.933 01041.034 01044.667 01048.283 01052.305 01056.445 01060.933 01067.223 01074.018 01078.857 01087.270 01094.594 01099.179 01102.404 01104.582 01106.791 01113.556 01120.318 01126.671 01133.138 01138.183 01142.793 01139.549 01135.335 01129.677 01124.169 01118.861 01112.959 01108.703 01106.409 01105.312 01104.116 01102.928 01101.757 01100.573
-9999.0 -9999.0 -9999.0 -9999.0 -9999.0 -9999.0 -9999.0 -9999.0 -9999.0 -9999.0 -9999.0 -9999.0 -9999.0 -9999.0 -9999.0 -9999.0 -9999.0 -9999.0 -9999.0 01007.960 01014.072 01019.215 01022.841 01027.196 01030.346 01033.415 01036.588 01038.493 01042.438 01045.877 01049.634 01053.828 01057.427 01063.076 01069.416 01076.656 01082.705 01089.744 01097.401 01100.867 01103.405 01105.923 01111.219 01118.171 01124.423 01130.926 01137.641 01143.598 01148.653 01145.380 01140.285 01134.777 01129.077 01123.574 01118.290 01112.102 01107.805 01105.973 01104.751 01103.531 01102.286 01101.055
-9999.0 -9999.0 -9999.0 -9999.0 -9999.0 -9999.0 -9999.0 -9999.0 -9999.0 -9999.0 -9999.0 -9999.0 -9999.0 -9999.0 -9999.0 -9999.0 -9999.0 -9999.0 01001.935 01009.012 01014.992 01019.777 01024.666 01027.964 01031.092 01034.165 01037.305 01039.047 01043.379 01046.887 01050.728 01055.062 01058.475 01064.665 01071.126 01078.457 01084.335 01091.568 01098.717 01101.662 01104.284 01106.982 01115.587 01122.281 01128.682 01135.359 01141.714 01148.137 -9999.0 -9999.000 01145.024 01139.656 01134.151 01128.482 01122.950 01116.820 01109.972 01106.601 01105.285 01104.017 01102.749 01101.474
-9999.0 -9999.0 -9999.0 -9999.0 -9999.0 -9999.0 -9999.0 -9999.0 -9999.0 -9999.0 -9999.0 -9999.0 -9999.0 -9999.0 -9999.0 -9999.0 -9999.0 -9999.0 01002.736 01009.901 01015.884 01020.115 01025.255 01028.595 01031.784 01034.936 01037.686 01040.269 01044.167 01047.736 01051.650 01056.080 01059.881 01066.086 01072.651 01078.765 01085.741 01093.164 01098.839 01102.301 01105.026 01110.415 01118.773 01126.391 01133.049 01139.570 01145.908 -9999.000 -9999.0 -9999.0 -9999.000 01144.426 01139.075 01133.590 01127.570 01120.565 01112.746 01107.469 01105.796 01104.492 01103.197 01101.906
-9999.0 -9999.0 -9999.0 -9999.0 -9999.0 -9999.0 -9999.0 -9999.0 -9999.0 -9999.0 -9999.0 -9999.0 -9999.0 -9999.0 -9999.0 -9999.0 -9999.0 -9999.0 01003.454 01010.589 01016.507 01020.386 01025.808 01029.118 01032.295 01035.501 01038.014 01041.317 01044.829 01048.453 01052.464 01056.524 01061.001 01067.100 01073.689 01078.820 01086.814 01094.345 01099.275 01102.813 01105.662 01112.344 01121.428 01129.440 01137.412 01143.679 -9999.000 -9999.0 -9999.0 -9999.0 -9999.0 -9999.000 01143.822 01138.532 01131.477 01123.998 01116.512 01109.179 01106.221 01104.681 01103.193 01101.735
-9999.0 -9999.0 -9999.0 -9999.0 -9999.0 -9999.0 -9999.0 -9999.0 -9999.0 -9999.0 -9999.0 -9999.0 -9999.0 -9999.0 -9999.0 -9999.0 -9999.0 -9999.0 01003.902 01011.065 01017.035 01020.558 01026.196 01029.538 01032.759 01036.034 01038.292 01042.022 01045.401 01049.087 01053.179 01056.939 01061.861 01067.848 01074.401 01078.863 01087.674 01095.120 01099.286 01103.019 01106.157 01114.920 01123.698 01132.507 01140.889 01147.951 -9999.0 -9999.0 -9999.0 -9999.0 -9999.0 -9999.0 -9999.000 01142.618 01135.669 01127.960 01117.239 01108.268 01105.876 01104.366 01102.905 01101.466
-9999.0 -9999.0 -9999.0 -9999.0 -9999.0 -9999.0 -9999.0 -9999.0 -9999.0 -9999.0 -9999.0 -9999.0 -9999.0 -9999.0 -9999.0 -9999.0 -9999.0 -9999.0 01004.169 01011.380 01017.351 01020.671 01026.497 01029.861 01033.088 01036.385 01038.505 01042.424 01045.809 01049.503 01053.614 01057.235 01062.410 01068.426 01075.128 01078.842 01086.502 01093.215 01098.769 01102.091 01105.061 01111.009 01122.312 01133.876 01144.118 -9999.000 -9999.0 -9999.0 -9999.0 -9999.0 -9999.0 -9999.0 -9999.000 01147.270 01136.570 01125.149 01114.195 01107.153 01105.481 01104.009 01102.557 01101.124
-9999.0 -9999.0 -9999.0 -9999.0 -9999.0 -9999.0 -9999.0 -9999.0 -9999.0 -9999.0 -9999.0 -9999.0 -9999.0 -9999.0 -9999.0 -9999.0 -9999.0 -9999.0 01004.159 01011.605 01017.580 01020.744 01026.697 01030.045 01033.292 01036.637 01038.662 01042.706 01046.097 01049.804 01053.946 01057.478 01062.846 01068.165 01073.724 01078.762 01084.803 01091.223 01098.158 01101.070 01103.949 01106.922 01117.537 01128.100 01139.352 -9999.000 -9999.0 -9999.0 -9999.0 -9999.0 -9999.0 -9999.0 -9999.0 01143.282 01132.346 01121.492 01110.675 01106.505 01104.985 01103.515 01102.065 01100.634
-9999.0 -9999.0 -9999.0 -9999.0 -9999.0 -9999.0 -9999.0 -9999.0 -9999.0 -9999.0 -9999.0 -9999.0 -9999.0 -9999.0 -9999.0 -9999.0 -9999.0 -9999.0 01002.803 01010.719 01017.261 01020.932 01026.852 01030.215 01033.472 01036.835 01038.761 01042.897 01046.313 01050.051 01053.971 01057.300 01061.828 01066.913 01072.381 01078.344 01083.041 01089.104 01095.496 01098.906 01102.635 01105.439 01111.552 01122.144 01132.343 01142.388 -9999.000 -9999.0 -9999.0 -9999.0 -9999.0 -9999.0 -9999.000 01137.358 01126.688 01116.231 01107.992 01105.819 01104.363 01102.933 01101.521 01099.755
-9999.0 -9999.0 -9999.0 -9999.0 -9999.0 -9999.0 -9999.0 -9999.0 -9999.0 -9999.0 -9999.0 -9999.0 -9999.0 -9999.0 -9999.0 -9999.0 -9999.0 -9999.0 00996.472 01009.470 01016.235 01020.513 01026.292 01029.801 01033.184 01036.668 01038.743 01042.696 01045.880 01049.332 01053.134 01056.748 01060.635 01065.685 01070.874 01076.573 01078.890 01086.773 01092.759 01098.664 01101.240 01103.819 01106.381 01114.151 01124.282 01134.514 01144.419 -9999.0 -9999.0 -9999.0 -9999.0 -9999.000 01140.751 01130.227 01120.008 01109.932 01106.391 01104.932 01103.509 01102.096 01100.699 01098.795
-9999.0 -9999.0 -9999.0 -9999.0 -9999.0 -9999.0 -9999.0 -9999.0 -9999.0 -9999.0 -9999.0 -9999.0 -9999.0 -9999.0 -9999.0 -9999.0 -9999.0 -9999.0 -9999.0 01008.026 01015.053 01020.154 01025.614 01029.159 01032.554 01036.009 01038.429 01042.092 01045.217 01048.569 01052.220 01056.193 01059.353 01064.325 01069.296 01074.425 01078.767 01084.241 01089.789 01095.667 01098.832 01101.963 01104.413 01106.937 01116.435 01126.359 01136.653 -9999.000 -9999.0 -9999.0 -9999.0 01144.173 01133.904 01123.370 01112.741 01106.899 01105.412 01103.991 01102.593 01101.209 01098.893 01098.663
-9999.0 -9999.0 -9999.0 -9999.0 -9999.0 -9999.0 -9999.0 -9999.0 -9999.0 -9999.0 -9999.0 -9999.0 -9999.0 -9999.0 -9999.0 -9999.0 -9999.0 -9999.0 -9999.0 01006.172 01013.541 01019.589 01024.829 01028.430 01031.854 01035.284 01038.078 01041.232 01044.500 01047.779 01051.291 01055.221 01058.153 01062.875 01067.462 01072.429 01077.676 01078.934 01086.864 01092.083 01097.294 01099.692 01102.482 01104.921 01108.802 01118.581 01128.432 01138.723 -9999.000 -9999.0 -9999.000 01137.475 01126.920 01116.637 01108.205 01105.911 01104.470 01103.062 01101.672 01100.300 01098.732 01096.894
-9999.0 -9999.0 -9999.0 -9999.0 -9999.0 -9999.0 -9999.0 -9999.0 -9999.0 -9999.0 -9999.0 -9999.0 -9999.0 -9999.0 -9999.0 -9999.0 -9999.0 -9999.0 -9999.0 01003.890 01011.797 01018.284 01023.004 01027.580 01031.033 01034.432 01037.644 01040.113 01043.705 01046.849 01050.261 01054.049 01057.201 01061.067 01065.618 01070.209 01075.023 01078.769 01083.835 01088.472 01093.375 01098.444 01100.585 01102.978 01105.428 01110.324 01120.328 01129.454 01137.757 -9999.000 01137.329 01128.621 01119.703 01109.784 01106.370 01104.931 01103.535 01102.145 01100.767 01098.809 01097.932 01094.849
-9999.0 -9999.0 -9999.0 -9999.0 -9999.0 -9999.0 -9999.0 -9999.0 -9999.0 -9999.0 -9999.0 -9999.0 -9999.0 -9999.0 -9999.0 -9999.0 -9999.0 -9999.0 -9999.0 00996.566 01009.621 01016.476 01020.614 01026.524 01030.034 01033.425 01036.928 01038.884 01042.826 01045.872 01049.079 01052.578 01056.275 01059.197 01063.714 01067.973 01072.492 01077.442 01078.862 01085.007 01089.607 01094.361 01098.699 01101.073 01103.415 01105.802 01110.172 01118.081 01124.993 01132.958 01125.017 01117.812 01109.732 01106.560 01105.292 01103.881 01102.502 01101.143 01098.884 01098.664 01095.880 01092.949
