examples/flatland/Outputs/centerIgnit/b_RAWS/clockwise/1hr/flatland_centerIgnit_clockwise1hr_RAWS/flatland_centerIgnit_clockwise1hr_RAWS_Intensity.asc
NCOLS 100
NROWS 100
XLLCORNER 20000.000000
YLLCORNER 20000.000000
CELLSIZE 30.000000
NODATA_VALUE -9999.0
[rows 28 to 55 of 100, columns 0 to 61 of 100]
-9999.0 -9999.0 -9999.0 -9999.0 -9999.0 -9999.0 -9999.0 -9999.0 -9999.0 -9999.0 -9999.0 -9999.0 -9999.0 -9999.0 -9999.0 -9999.0 -9999.0 -9999.0 -9999.0 -9999.0 -9999.0 -9999.0 -9999.0 -9999.0 -9999.0 00035.484 00036.240 00036.964 00037.681 00039.803 00044.475 00045.057 00045.320 00045.541 00045.754 00045.893 00045.868 00038.477 00033.130 00032.998 00032.826 00032.798 00032.720 00032.322 00027.525 00022.730 00022.821 00022.878 00022.904 00022.926 00022.904 00022.881 00022.852 00022.831 00022.823 00022.775 00022.729 00022.696 00022.967 00023.055 00022.533 00022.006
-9999.0 -9999.0 -9999.0 -9999.0 -9999.0 -9999.0 -9999.0 -9999.0 -9999.0 -9999.0 -9999.0 -9999.0 -9999.0 -9999.0 -9999.0 -9999.0 -9999.0 -9999.0 -9999.0 -9999.0 -9999.0 -9999.0 -9999.0 -9999.0 00035.015 00035.681 00036.413 00037.126 00038.243 00044.236 00045.250 00045.603 00045.885 00046.146 00046.225 00045.708 00037.043 00034.000 00034.139 00034.286 00034.118 00033.936 00030.326 00023.231 00023.298 00023.353 00023.431 00023.516 00023.558 00024.931 00027.374 00028.845 00028.960 00026.872 00023.467 00023.407 00023.354 00023.312 00023.301 00023.268 00023.079 00022.499
-9999.0 -9999.0 -9999.0 -9999.0 -9999.0 -9999.0 -9999.0 -9999.0 -9999.0 -9999.0 -9999.0 -9999.0 -9999.0 -9999.0 -9999.0 -9999.0 -9999.0 -9999.0 -9999.0 -9999.0 -9999.0 -9999.0 -9999.0 -9999.0 00035.326 00035.922 00036.561 00037.268 00042.886 00045.250 00045.668 00046.059 00046.445 00046.597 00045.162 00036.655 00034.798 00034.807 00034.956 00035.024 00034.773 00027.104 00023.860 00023.957 00023.991 00024.049 00024.433 00025.537 00026.082 00026.867 00028.291 00029.961 00031.322 00031.840 00032.349 00032.826 00030.341 00024.046 00024.025 00023.903 00023.781 00023.644
-9999.0 -9999.0 -9999.0 -9999.0 -9999.0 -9999.0 -9999.0 -9999.0 -9999.0 -9999.0 -9999.0 -9999.0 -9999.0 -9999.0 -9999.0 -9999.0 -9999.0 -9999.0 -9999.0 -9999.0 -9999.0 -9999.0 -9999.0 00034.830 00035.556 00036.180 00036.741 00040.718 00045.204 00045.643 00046.056 00046.464 00046.791 00046.924 00038.253 00036.051 00036.064 00036.305 00036.144 00035.524 00024.990 00024.351 00024.517 00024.689 00024.591 00024.756 00025.335 00025.842 00026.466 00027.361 00030.005 00031.202 00032.142 00032.896 00033.629 00034.149 00034.736 00035.470 00032.350 00024.611 00024.470 00024.340
-9999.0 -9999.0 -9999.0 -9999.0 -9999.0 -9999.0 -9999.0 -9999.0 -9999.0 -9999.0 -9999.0 -9999.0 -9999.0 -9999.0 -9999.0 -9999.0 -9999.0 -9999.0 -9999.0 -9999.0 -9999.0 -9999.0 00034.213 00034.993 00035.729 00036.411 00038.040 00044.820 00045.552 00046.000 00046.442 00046.841 00046.990 00040.353 00037.045 00037.382 00037.340 00037.586 00037.099 00024.867 00024.934 00025.094 00025.221 00024.271 00024.443 00025.051 00025.587 00026.216 00027.075 00035.808 00041.688 00038.026 00033.273 00034.150 00034.809 00035.368 00035.899 00036.506 00036.974 00037.288 00026.289 00025.101
-9999.0 -9999.0 -9999.0 -9999.0 -9999.0 -9999.0 -9999.0 -9999.0 -9999.0 -9999.0 -9999.0 -9999.0 -9999.0 -9999.0 -9999.0 -9999.0 -9999.0 -9999.0 -9999.0 -9999.0 -9999.0 -9999.0 00034.367 00035.123 00035.855 00036.552 00043.006 00045.414 00045.883 00046.341 00046.784 00047.032 00042.623 00037.412 00037.772 00038.024 00038.306 00038.179 00026.459 00025.528 00025.740 00025.864 00023.648 00024.234 00024.769 00025.346 00027.667 00039.009 00040.872 00044.490 00047.795 00050.562 00051.531 00052.113 00042.451 00036.817 00037.460 00038.065 00038.368 00038.612 00038.991 00029.462
-9999.0 -9999.0 -9999.0 -9999.0 -9999.0 -9999.0 -9999.0 -9999.0 -9999.0 -9999.0 -9999.0 -9999.0 -9999.0 -9999.0 -9999.0 -9999.0 -9999.0 -9999.0 -9999.0 -9999.0 -9999.0 00033.337 00034.441 00035.241 00035.949 00040.019 00045.262 00045.732 00046.195 00046.658 00047.013 00045.372 00037.733 00038.212 00038.566 00038.906 00038.934 00029.898 00026.050 00026.382 00026.592 00023.502 00024.004 00024.468 00025.000 00035.589 00037.706 00039.160 00041.150 00045.879 00049.665 00051.481 00052.436 00053.382 00054.027 00052.617 00040.564 00040.067 00040.202 00040.388 00040.617 00040.437
-9999.0 -9999.0 -9999.0 -9999.0 -9999.0 -9999.0 -9999.0 -9999.0 -9999.0 -9999.0 -9999.0 -9999.0 -9999.0 -9999.0 -9999.0 -9999.0 -9999.0 -9999.0 -9999.0 -9999.0 -9999.0 00033.188 00034.224 00035.333 00036.044 00044.728 00045.572 00046.050 00046.510 00046.949 00047.165 00040.241 00038.479 00038.903 00039.283 00039.530 00034.532 00026.338 00026.723 00027.095 00024.679 00023.702 00024.180 00024.711 00034.514 00036.169 00037.561 00039.663 00043.466 00046.986 00049.829 00052.279 00053.463 00054.373 00054.924 00055.499 00055.871 00044.275 00041.357 00041.323 00041.303 00041.125
-9999.0 -9999.0 -9999.0 -9999.0 -9999.0 -9999.0 -9999.0 -9999.0 -9999.0 -9999.0 -9999.0 -9999.0 -9999.0 -9999.0 -9999.0 -9999.0 -9999.0 -9999.0 -9999.0 -9999.0 00031.844 00033.034 00033.998 00035.036 00040.993 00045.368 00045.863 00046.342 00046.820 00047.112 00043.058 00038.394 00038.870 00039.315 00039.781 00039.761 00026.434 00026.897 00027.333 00026.844 00023.556 00023.942 00024.349 00032.522 00034.077 00035.642 00037.521 00040.053 00044.523 00048.617 00051.865 00053.464 00054.543 00055.168 00055.730 00056.042 00056.262 00056.306 00044.449 00042.224 00041.958 00041.608
-9999.0 -9999.0 -9999.0 -9999.0 -9999.0 -9999.0 -9999.0 -9999.0 -9999.0 -9999.0 -9999.0 -9999.0 -9999.0 -9999.0 -9999.0 -9999.0 -9999.0 -9999.0 -9999.0 -9999.0 00032.132 00032.920 00033.784 00035.226 00044.852 00045.624 00046.122 00046.621 00047.034 00046.086 00038.540 00039.061 00039.451 00039.859 00039.963 00030.094 00026.804 00027.264 00027.648 00023.412 00023.783 00024.190 00031.192 00032.303 00033.806 00035.394 00037.299 00043.495 00056.403 00053.870 00053.781 00054.630 00055.395 00056.049 00056.365 00056.565 00056.681 00056.619 00056.363 00043.214 00042.286 00041.948
-9999.0 -9999.0 -9999.0 -9999.0 -9999.0 -9999.0 -9999.0 -9999.0 -9999.0 -9999.0 -9999.0 -9999.0 -9999.0 -9999.0 -9999.0 -9999.0 -9999.0 -9999.0 -9999.0 -9999.0 00032.135 00032.828 00033.628 00039.607 00045.261 00045.862 00046.370 00046.869 00047.173 00041.929 00039.378 00039.755 00040.154 00040.455 00036.104 00026.911 00027.331 00027.766 00024.687 00023.650 00024.035 00026.689 00031.157 00032.061 00033.350 00035.058 00051.508 00056.719 00059.296 00057.383 00055.868 00055.037 00056.166 00056.634 00056.919 00056.969 00056.891 00056.753 00056.622 00054.997 00042.972 00042.809
-9999.0 -9999.0 -9999.0 -9999.0 -9999.0 -9999.0 -9999.0 -9999.0 -9999.0 -9999.0 -9999.0 -9999.0 -9999.0 -9999.0 -9999.0 -9999.0 -9999.0 -9999.0 -9999.0 00030.878 00031.956 00032.754 00033.522 00044.154 00045.375 00045.950 00046.529 00047.028 00045.360 00039.639 00040.236 00040.670 00041.056 00041.010 00027.402 00027.481 00027.911 00027.975 00023.503 00023.889 00024.304 00030.744 00030.917 00031.523 00032.789 00052.503 00055.043 00057.395 00060.188 00058.089 00056.238 00054.030 00053.971 00056.989 00057.196 00057.145 00057.009 00056.877 00056.803 00056.758 00053.467 00044.152
-9999.0 -9999.0 -9999.0 -9999.0 -9999.0 -9999.0 -9999.0 -9999.0 -9999.0 -9999.0 -9999.0 -9999.0 -9999.0 -9999.0 -9999.0 -9999.0 -9999.0 -9999.0 -9999.0 00030.849 00031.791 00032.671 00035.484 00044.886 00045.497 00046.053 00046.608 00047.027 00042.565 00040.669 00041.285 00041.747 00042.006 00035.313 00028.074 00028.514 00028.879 00023.221 00023.735 00024.135 00029.828 00030.793 00030.998 00031.257 00047.927 00052.152 00054.636 00057.237 00060.967 00058.249 00056.101 00053.935 00051.732 00053.683 00057.135 00057.238 00057.137 00057.080 00057.048 00057.022 00056.986 00051.254
-9999.0 -9999.0 -9999.0 -9999.0 -9999.0 -9999.0 -9999.0 -9999.0 -9999.0 -9999.0 -9999.0 -9999.0 -9999.0 -9999.0 -9999.0 -9999.0 -9999.0 -9999.0 -9999.0 00030.715 00031.577 00032.465 00039.849 00045.018 00045.591 00046.158 00046.699 00046.508 00041.262 00041.750 00042.090 00042.591 00042.689 00029.240 00028.931 00029.465 00029.307 00023.608 00023.978 00025.062 00029.853 00030.663 00031.097 00038.352 00049.375 00051.372 00054.208 00057.028 00061.734 00058.591 00056.001 00053.617 00052.090 00051.293 00054.168 00057.165 00057.341 00057.348 00057.334 00057.260 00057.086 00056.803
-9999.0 -9999.0 -9999.0 -9999.0 -9999.0 -9999.0 -9999.0 -9999.0 -9999.0 -9999.0 -9999.0 -9999.0 -9999.0 -9999.0 -9999.0 -9999.0 -9999.0 -9999.0 -9999.0 00030.571 00031.350 00032.158 00043.527 00045.077 00045.679 00046.244 00046.730 00044.668 00041.893 00042.365 00042.877 00043.377 00040.455 00029.194 00029.764 00030.362 00025.554 00023.845 00024.256 00028.663 00029.396 00030.225 00031.053 00048.827 00049.593 00050.614 00053.445 00057.092 00062.259 00058.737 00055.760 00053.340 00052.543 00051.914 00051.130 00054.516 00057.389 00057.643 00057.493 00057.316 00057.143 00056.936
-9999.0 -9999.0 -9999.0 -9999.0 -9999.0 -9999.0 -9999.0 -9999.0 -9999.0 -9999.0 -9999.0 -9999.0 -9999.0 -9999.0 -9999.0 -9999.0 -9999.0 -9999.0 -9999.0 00030.280 00031.088 00031.857 00044.251 00045.035 00045.647 00046.262 00046.759 00043.196 00042.494 00042.992 00043.536 00043.925 00035.377 00029.988 00030.601 00031.065 00023.704 00024.108 00024.543 00028.248 00028.875 00029.658 00045.255 00049.264 00050.054 00050.788 00051.927 00054.751 00062.467 00057.407 00054.960 00053.818 00053.123 00052.472 00051.544 00049.283 00055.463 00057.543 00057.538 00057.344 00057.081 00056.806
-9999.0 -9999.0 -9999.0 -9999.0 -9999.0 -9999.0 -9999.0 -9999.0 -9999.0 -9999.0 -9999.0 -9999.0 -9999.0 -9999.0 -9999.0 -9999.0 -9999.0 -9999.0 00029.103 00029.965 00030.809 00034.410 00044.351 00044.969 00045.581 00046.191 00046.508 00042.497 00043.186 00043.733 00044.306 00044.528 00031.342 00030.690 00031.338 00031.677 00023.930 00024.355 00025.408 00027.753 00028.293 00029.069 00046.724 00049.207 00050.523 00051.287 00052.011 00052.800 -9999.0 -9999.000 00055.013 00054.376 00053.723 00053.009 00051.066 00048.745 00050.091 00057.205 00057.477 00057.255 00056.671 00056.064
-9999.0 -9999.0 -9999.0 -9999.0 -9999.0 -9999.0 -9999.0 -9999.0 -9999.0 -9999.0 -9999.0 -9999.0 -9999.0 -9999.0 -9999.0 -9999.0 -9999.0 -9999.0 00028.878 00029.689 00030.582 00036.858 00044.277 00044.891 00045.500 00046.081 00045.557 00043.254 00043.895 00044.469 00045.066 00044.742 00030.704 00031.373 00032.099 00029.798 00024.167 00024.598 00026.218 00027.316 00027.831 00038.021 00045.673 00048.016 00050.972 00051.761 00052.477 -9999.000 -9999.0 -9999.0 -9999.000 00054.942 00054.306 00053.024 00050.144 00048.102 00044.559 00054.240 00056.563 00056.150 00055.580 00055.084
-9999.0 -9999.0 -9999.0 -9999.0 -9999.0 -9999.0 -9999.0 -9999.0 -9999.0 -9999.0 -9999.0 -9999.0 -9999.0 -9999.0 -9999.0 -9999.0 -9999.0 -9999.0 00028.620 00029.439 00030.254 00039.148 00044.199 00044.806 00045.410 00045.975 00044.998 00043.878 00044.461 00045.044 00045.571 00042.148 00031.410 00032.142 00032.998 00028.163 00024.537 00025.013 00025.946 00026.454 00027.072 00040.694 00044.156 00045.602 00049.880 00052.226 -9999.000 -9999.0 -9999.0 -9999.0 -9999.0 -9999.000 00054.871 00052.771 00047.549 00045.654 00042.060 00046.758 00054.798 00054.280 00053.698 00053.223
-9999.0 -9999.0 -9999.0 -9999.0 -9999.0 -9999.0 -9999.0 -9999.0 -9999.0 -9999.0 -9999.0 -9999.0 -9999.0 -9999.0 -9999.0 -9999.0 -9999.0 -9999.0 00028.268 00029.112 00029.900 00040.704 00044.026 00044.656 00045.287 00045.872 00044.703 00044.355 00044.925 00045.529 00046.003 00040.181 00032.109 00032.794 00034.441 00027.350 00025.252 00025.966 00025.291 00025.543 00025.789 00037.902 00040.345 00042.289 00046.730 00052.607 -9999.0 -9999.0 -9999.0 -9999.0 -9999.0 -9999.0 -9999.000 00049.741 00044.592 00041.523 00038.448 00047.182 00051.977 00051.626 00051.536 00051.407
-9999.0 -9999.0 -9999.0 -9999.0 -9999.0 -9999.0 -9999.0 -9999.0 -9999.0 -9999.0 -9999.0 -9999.0 -9999.0 -9999.0 -9999.0 -9999.0 -9999.0 -9999.0 00027.590 00028.561 00029.544 00041.794 00043.836 00044.455 00045.074 00045.635 00044.680 00044.860 00045.450 00046.069 00046.501 00039.132 00033.020 00034.290 00035.929 00029.110 00026.000 00026.972 00026.048 00024.924 00024.939 00032.792 00035.526 00038.286 00041.068 -9999.000 -9999.0 -9999.0 -9999.0 -9999.0 -9999.0 -9999.0 -9999.000 00044.416 00039.869 00036.134 00034.544 00049.485 00050.785 00050.603 00050.422 00050.244
-9999.0 -9999.0 -9999.0 -9999.0 -9999.0 -9999.0 -9999.0 -9999.0 -9999.0 -9999.0 -9999.0 -9999.0 -9999.0 -9999.0 -9999.0 -9999.0 -9999.0 -9999.0 00026.863 00027.769 00028.672 00042.262 00043.524 00044.275 00044.893 00045.260 00044.907 00045.470 00046.125 00046.832 00047.350 00039.256 00034.800 00036.305 00037.344 00034.423 00026.616 00027.344 00027.855 00024.616 00024.741 00024.898 00032.027 00033.539 00034.517 -9999.000 -9999.0 -9999.0 -9999.0 -9999.0 -9999.0 -9999.0 -9999.0 00035.394 00034.981 00033.192 00035.034 00048.921 00049.352 00049.257 00049.146 00049.030
-9999.0 -9999.0 -9999.0 -9999.0 -9999.0 -9999.0 -9999.0 -9999.0 -9999.0 -9999.0 -9999.0 -9999.0 -9999.0 -9999.0 -9999.0 -9999.0 -9999.0 -9999.0 00026.026 00026.869 00027.710 00041.711 00042.760 00043.455 00044.172 00044.698 00045.369 00046.201 00046.917 00047.696 00048.208 00041.401 00036.269 00037.862 00038.573 00039.283 00026.868 00027.563 00028.401 00024.501 00024.619 00024.771 00030.353 00031.004 00031.354 00031.500 -9999.000 -9999.0 -9999.0 -9999.0 -9999.0 -9999.0 -9999.000 00032.235 00031.969 00031.469 00042.212 00047.630 00047.877 00047.898 00047.891 00047.652
-9999.0 -9999.0 -9999.0 -9999.0 -9999.0 -9999.0 -9999.0 -9999.0 -9999.0 -9999.0 -9999.0 -9999.0 -9999.0 -9999.0 -9999.0 -9999.0 -9999.0 -9999.0 00025.026 00026.071 00026.705 00037.570 00041.718 00042.368 00043.034 00043.942 00045.809 00046.780 00047.457 00048.185 00048.834 00045.237 00037.238 00038.174 00039.234 00040.078 00029.147 00027.770 00028.629 00028.959 00024.513 00024.681 00024.869 00029.588 00030.221 00030.891 00031.566 -9999.0 -9999.0 -9999.0 -9999.0 -9999.000 00032.256 00031.519 00030.828 00034.501 00045.727 00046.205 00046.380 00046.492 00046.570 00050.331
-9999.0 -9999.0 -9999.0 -9999.0 -9999.0 -9999.0 -9999.0 -9999.0 -9999.0 -9999.0 -9999.0 -9999.0 -9999.0 -9999.0 -9999.0 -9999.0 -9999.0 -9999.0 -9999.0 00025.596 00026.238 00033.120 00041.086 00041.653 00042.211 00042.995 00045.546 00047.190 00047.895 00048.575 00049.207 00048.577 00037.611 00038.646 00039.742 00040.729 00036.556 00027.987 00028.821 00029.846 00025.935 00024.614 00024.786 00024.947 00029.662 00030.337 00031.038 -9999.000 -9999.0 -9999.0 -9999.0 00032.497 00031.776 00031.039 00030.293 00045.228 00045.828 00045.717 00045.586 00045.566 00046.121 00055.437
-9999.0 -9999.0 -9999.0 -9999.0 -9999.0 -9999.0 -9999.0 -9999.0 -9999.0 -9999.0 -9999.0 -9999.0 -9999.0 -9999.0 -9999.0 -9999.0 -9999.0 -9999.0 -9999.0 00025.165 00025.800 00027.947 00040.586 00041.159 00041.726 00042.322 00044.686 00047.400 00048.041 00048.669 00049.294 00049.590 00040.416 00039.095 00040.066 00041.112 00041.792 00028.438 00029.283 00030.247 00030.816 00024.507 00024.685 00024.829 00026.514 00029.746 00030.412 00030.767 -9999.000 -9999.0 -9999.000 00031.272 00030.980 00030.393 00039.712 00045.558 00045.748 00045.603 00045.453 00045.307 00052.089 00056.213
-9999.0 -9999.0 -9999.0 -9999.0 -9999.0 -9999.0 -9999.0 -9999.0 -9999.0 -9999.0 -9999.0 -9999.0 -9999.0 -9999.0 -9999.0 -9999.0 -9999.0 -9999.0 -9999.0 00024.670 00025.323 00025.865 00039.915 00040.604 00041.152 00041.702 00043.242 00047.414 00048.082 00048.661 00049.274 00049.699 00044.543 00039.374 00040.364 00041.452 00042.522 00038.235 00029.542 00030.284 00031.068 00031.350 00024.574 00024.715 00024.887 00027.607 00028.835 00028.871 00028.411 -9999.000 00028.556 00029.171 00029.143 00033.345 00043.867 00044.649 00044.922 00044.960 00044.967 00048.774 00056.186 00056.216
-9999.0 -9999.0 -9999.0 -9999.0 -9999.0 -9999.0 -9999.0 -9999.0 -9999.0 -9999.0 -9999.0 -9999.0 -9999.0 -9999.0 -9999.0 -9999.0 -9999.0 -9999.0 -9999.0 00023.778 00024.754 00025.355 00037.272 00040.080 00040.617 00041.150 00041.704 00047.114 00048.067 00048.639 00049.230 00049.787 00048.908 00039.627 00040.680 00041.793 00042.954 00043.988 00033.360 00030.265 00030.927 00031.370 00029.682 00024.642 00024.889 00025.193 00026.853 00027.185 00027.024 00026.423 00027.112 00027.323 00031.617 00041.227 00042.472 00043.035 00043.678 00043.833 00045.153 00055.096 00056.180 00055.957
