examples/flatland/Outputs/centerIgnit/b_RAWS/clockwise/1hr/flatland_centerIgnit_clockwise1hr_RAWS/flatland_centerIgnit_clockwise1hr_RAWS_SpreadDirection.asc
NCOLS 100
NROWS 100
XLLCORNER 20000.000000
YLLCORNER 20000.000000
CELLSIZE 30.000000
NODATA_VALUE -9999.0
[rows 38 to 75 of 100, columns 0 to 84 of 100]
-9999 -9999 -9999 -9999 -9999 -9999 -9999 -9999 -9999 -9999 -9999 -9999 -9999 -9999 -9999 -9999 -9999 -9999 -9999 -9999 289 291 291 292 292 292 299 299 299 299 301 301 301 301 301 301 303 303 304 304 304 304 304 308 308 322 332 332 022 022 022 032 033 046 046 048 048 048 048 048 048 048 051 051 051 051 051 052 052 060 060 060 060 062 062 067 067 068 068 -9999 -9999 -9999 -9999 -9999 -9999
-9999 -9999 -9999 -9999 -9999 -9999 -9999 -9999 -9999 -9999 -9999 -9999 -9999 -9999 -9999 -9999 -9999 -9999 -9999 285 289 289 289 291 291 292 292 292 299 299 299 299 299 299 300 301 301 301 301 304 304 304 304 304 307 322 322 330 027 024 032 032 046 046 048 048 048 048 048 050 051 051 051 051 051 061 061 061 061 060 060 062 062 062 067 067 068 068 072 072 -9999 -9999 -9999 -9999 -9999
-9999 -9999 -9999 -9999 -9999 -9999 -9999 -9999 -9999 -9999 -9999 -9999 -9999 -9999 -9999 -9999 -9999 -9999 -9999 285 285 289 289 289 291 291 291 292 291 291 291 299 299 300 300 300 300 301 301 301 301 304 304 304 307 307 322 328 328 027 032 046 046 048 048 048 048 048 050 050 050 062 062 061 061 061 061 062 062 062 062 062 062 068 067 068 068 072 072 072 -9999 -9999 -9999 -9999 -9999
-9999 -9999 -9999 -9999 -9999 -9999 -9999 -9999 -9999 -9999 -9999 -9999 -9999 -9999 -9999 -9999 -9999 -9999 -9999 284 285 284 289 289 289 289 289 291 291 291 291 291 291 291 291 291 291 291 290 301 301 304 304 304 304 307 323 323 323 032 032 046 048 048 048 048 048 050 050 062 062 062 062 062 062 062 062 062 062 068 068 068 068 068 068 072 072 072 072 076 -9999 -9999 -9999 -9999 -9999
-9999 -9999 -9999 -9999 -9999 -9999 -9999 -9999 -9999 -9999 -9999 -9999 -9999 -9999 -9999 -9999 -9999 -9999 -9999 284 284 284 284 284 289 289 289 289 289 289 289 289 289 289 289 289 289 289 290 290 301 302 304 304 304 304 306 320 320 035 047 048 048 048 048 049 050 050 062 062 062 068 068 068 068 068 068 068 068 068 068 068 068 068 072 072 072 076 076 076 -9999 -9999 -9999 -9999 -9999
-9999 -9999 -9999 -9999 -9999 -9999 -9999 -9999 -9999 -9999 -9999 -9999 -9999 -9999 -9999 -9999 -9999 -9999 -9999 280 280 284 284 284 284 284 284 289 289 289 289 289 289 289 289 289 284 290 290 290 289 302 302 304 304 304 305 315 304 040 047 048 048 048 049 049 062 062 062 068 068 068 072 072 072 072 072 072 072 072 072 072 072 072 072 072 076 076 078 078 080 -9999 -9999 -9999 -9999
-9999 -9999 -9999 -9999 -9999 -9999 -9999 -9999 -9999 -9999 -9999 -9999 -9999 -9999 -9999 -9999 -9999 -9999 276 280 280 280 284 284 284 284 284 284 284 284 284 284 284 284 284 284 284 284 284 284 289 289 302 303 304 304 304 304 -9999 -9999 048 048 048 048 049 062 062 068 068 068 071 071 071 072 072 074 075 075 075 072 072 072 072 072 076 076 076 078 078 080 080 -9999 -9999 -9999 -9999
-9999 -9999 -9999 -9999 -9999 -9999 -9999 -9999 -9999 -9999 -9999 -9999 -9999 -9999 -9999 -9999 -9999 -9999 276 276 280 280 280 280 280 284 284 284 284 284 284 284 284 284 279 279 279 279 280 284 284 289 289 303 304 304 304 -9999 -9999 -9999 -9999 048 048 048 062 062 065 066 068 069 070 071 099 098 098 073 074 075 075 076 076 076 076 076 076 078 078 079 079 080 091 -9999 -9999 -9999 -9999
-9999 -9999 -9999 -9999 -9999 -9999 -9999 -9999 -9999 -9999 -9999 -9999 -9999 -9999 -9999 -9999 -9999 -9999 274 276 276 276 280 280 280 280 280 280 280 280 279 279 279 279 279 277 278 279 280 281 284 286 287 289 304 304 -9999 -9999 -9999 -9999 -9999 -9999 048 048 060 062 065 066 103 101 101 100 099 098 098 097 097 096 096 095 076 077 078 078 078 079 079 079 091 091 091 -9999 -9999 -9999 -9999
-9999 -9999 -9999 -9999 -9999 -9999 -9999 -9999 -9999 -9999 -9999 -9999 -9999 -9999 -9999 -9999 -9999 -9999 274 274 274 276 276 276 276 280 280 280 280 280 276 276 276 276 276 277 278 254 254 252 250 286 287 291 293 304 -9999 -9999 -9999 -9999 -9999 -9999 -9999 057 060 062 104 103 103 103 103 103 103 099 099 099 099 096 096 095 095 094 093 078 078 079 091 091 091 091 093 -9999 -9999 -9999 -9999
-9999 -9999 -9999 -9999 -9999 -9999 -9999 -9999 -9999 -9999 -9999 -9999 -9999 -9999 -9999 -9999 -9999 -9999 272 272 274 274 274 274 276 276 276 276 276 276 276 276 275 275 276 257 256 255 254 253 251 249 247 243 297 -9999 -9999 -9999 -9999 -9999 -9999 -9999 -9999 054 110 109 104 103 103 103 103 103 103 104 104 104 099 099 099 095 095 094 093 093 093 092 091 091 093 093 093 -9999 -9999 -9999 -9999
-9999 -9999 -9999 -9999 -9999 -9999 -9999 -9999 -9999 -9999 -9999 -9999 -9999 -9999 -9999 -9999 -9999 -9999 261 273 273 273 273 274 274 274 274 274 274 274 274 274 275 257 257 257 254 254 250 250 250 244 244 244 240 -9999 -9999 -9999 -9999 -9999 -9999 -9999 -9999 116 110 109 109 109 109 109 109 109 110 110 104 104 104 104 104 099 099 095 095 095 093 093 093 093 095 095 095 -9999 -9999 -9999 -9999
-9999 -9999 -9999 -9999 -9999 -9999 -9999 -9999 -9999 -9999 -9999 -9999 -9999 -9999 -9999 -9999 -9999 -9999 261 261 261 261 273 273 274 274 274 274 274 274 259 259 258 257 257 254 254 249 250 244 244 244 233 233 232 232 -9999 -9999 -9999 -9999 -9999 -9999 -9999 123 122 121 121 121 121 121 120 110 110 110 110 110 110 104 104 104 099 099 099 095 095 095 095 095 095 095 099 -9999 -9999 -9999 -9999
-9999 -9999 -9999 -9999 -9999 -9999 -9999 -9999 -9999 -9999 -9999 -9999 -9999 -9999 -9999 -9999 -9999 -9999 260 260 260 261 261 260 260 260 260 260 259 259 259 259 257 257 254 254 249 249 243 244 244 234 233 232 232 232 232 -9999 -9999 -9999 -9999 -9999 123 123 123 123 123 123 121 120 120 120 120 111 111 111 110 110 110 104 104 099 099 099 099 099 099 099 099 099 -9999 -9999 -9999 -9999 -9999
-9999 -9999 -9999 -9999 -9999 -9999 -9999 -9999 -9999 -9999 -9999 -9999 -9999 -9999 -9999 -9999 -9999 -9999 -9999 257 260 260 260 260 260 260 260 260 259 257 257 257 254 254 254 249 249 243 243 243 234 234 232 232 232 232 232 -9999 -9999 -9999 -9999 123 123 123 123 123 123 123 123 123 123 120 120 120 120 111 111 111 110 110 104 104 104 099 099 099 099 099 099 099 -9999 -9999 -9999 -9999 -9999
-9999 -9999 -9999 -9999 -9999 -9999 -9999 -9999 -9999 -9999 -9999 -9999 -9999 -9999 -9999 -9999 -9999 -9999 -9999 257 257 257 257 257 257 257 257 257 257 257 254 254 254 249 249 249 244 244 243 234 234 232 232 232 232 232 232 232 -9999 -9999 -9999 123 124 123 123 123 123 123 123 123 123 123 123 120 120 120 120 111 111 109 109 104 104 104 104 104 103 103 103 103 -9999 -9999 -9999 -9999 -9999
-9999 -9999 -9999 -9999 -9999 -9999 -9999 -9999 -9999 -9999 -9999 -9999 -9999 -9999 -9999 -9999 -9999 -9999 -9999 254 254 254 254 254 254 254 254 254 254 254 254 254 249 249 249 244 244 243 234 234 232 232 232 232 232 230 231 215 218 -9999 139 142 125 125 126 126 126 123 123 123 123 123 123 123 123 120 120 120 111 111 109 109 104 104 104 104 103 103 104 104 -9999 -9999 -9999 -9999 -9999
-9999 -9999 -9999 -9999 -9999 -9999 -9999 -9999 -9999 -9999 -9999 -9999 -9999 -9999 -9999 -9999 -9999 -9999 -9999 254 254 254 254 254 254 254 254 254 254 250 250 250 249 249 244 244 242 242 234 234 232 232 232 232 230 230 215 215 210 215 147 142 141 141 126 126 126 126 127 127 123 123 123 123 123 123 120 120 120 111 111 109 109 109 104 104 104 104 104 -9999 -9999 -9999 -9999 -9999 -9999
-9999 -9999 -9999 -9999 -9999 -9999 -9999 -9999 -9999 -9999 -9999 -9999 -9999 -9999 -9999 -9999 -9999 -9999 -9999 -9999 250 250 250 250 250 250 250 250 250 250 249 249 244 244 244 242 242 234 234 232 232 232 232 229 229 216 216 205 203 207 154 152 151 141 141 140 140 127 127 127 127 123 123 123 123 123 123 120 120 120 111 111 109 109 109 109 109 109 109 -9999 -9999 -9999 -9999 -9999 -9999
-9999 -9999 -9999 -9999 -9999 -9999 -9999 -9999 -9999 -9999 -9999 -9999 -9999 -9999 -9999 -9999 -9999 -9999 -9999 -9999 249 249 249 249 249 249 249 249 249 249 244 244 244 244 242 242 234 234 232 232 232 232 232 229 229 216 216 205 198 200 155 157 151 151 141 141 139 139 140 128 128 127 127 123 123 123 123 123 120 120 119 111 112 112 109 109 109 109 109 -9999 -9999 -9999 -9999 -9999 -9999
-9999 -9999 -9999 -9999 -9999 -9999 -9999 -9999 -9999 -9999 -9999 -9999 -9999 -9999 -9999 -9999 -9999 -9999 -9999 -9999 -9999 249 249 249 249 249 249 244 244 244 244 244 242 242 242 234 234 234 232 232 232 232 229 229 216 215 216 205 197 197 158 158 159 151 151 151 142 142 140 140 128 128 127 127 123 123 123 123 120 120 119 119 112 112 112 112 111 111 -9999 -9999 -9999 -9999 -9999 -9999 -9999
-9999 -9999 -9999 -9999 -9999 -9999 -9999 -9999 -9999 -9999 -9999 -9999 -9999 -9999 -9999 -9999 -9999 -9999 -9999 -9999 -9999 244 244 244 244 244 244 244 244 244 242 242 242 242 235 235 234 232 232 232 232 229 229 228 216 215 205 206 197 194 194 161 161 158 151 151 151 142 142 139 139 128 128 127 127 123 123 123 123 120 120 119 119 112 112 112 112 112 -9999 -9999 -9999 -9999 -9999 -9999 -9999
-9999 -9999 -9999 -9999 -9999 -9999 -9999 -9999 -9999 -9999 -9999 -9999 -9999 -9999 -9999 -9999 -9999 -9999 -9999 -9999 -9999 -9999 244 244 244 242 242 242 242 242 242 242 235 235 235 234 232 232 232 232 232 229 228 228 217 215 205 205 197 193 193 162 162 158 158 151 151 151 142 142 139 139 128 128 127 123 123 123 123 123 120 119 119 119 119 119 119 119 -9999 -9999 -9999 -9999 -9999 -9999 -9999
-9999 -9999 -9999 -9999 -9999 -9999 -9999 -9999 -9999 -9999 -9999 -9999 -9999 -9999 -9999 -9999 -9999 -9999 -9999 -9999 -9999 -9999 242 242 242 242 242 242 242 242 235 235 235 234 234 232 232 232 232 232 229 229 228 217 217 215 205 205 197 197 192 192 164 163 158 158 151 151 151 142 142 139 139 128 128 127 123 123 123 123 123 120 120 119 119 119 119 -9999 -9999 -9999 -9999 -9999 -9999 -9999 -9999
-9999 -9999 -9999 -9999 -9999 -9999 -9999 -9999 -9999 -9999 -9999 -9999 -9999 -9999 -9999 -9999 -9999 -9999 -9999 -9999 -9999 -9999 -9999 242 242 235 235 235 235 235 235 235 234 234 232 232 232 232 232 232 229 228 228 217 217 215 206 205 197 197 192 191 165 163 163 158 158 151 151 142 142 139 139 128 129 127 127 124 123 123 123 123 120 120 120 120 -9999 -9999 -9999 -9999 -9999 -9999 -9999 -9999 -9999
-9999 -9999 -9999 -9999 -9999 -9999 -9999 -9999 -9999 -9999 -9999 -9999 -9999 -9999 -9999 -9999 -9999 -9999 -9999 -9999 -9999 -9999 -9999 235 235 235 235 235 234 234 234 234 232 232 232 232 232 232 232 229 227 228 217 217 215 215 206 205 197 197 192 190 165 165 163 158 158 151 151 151 142 142 139 139 129 129 127 124 124 123 123 123 123 123 123 120 -9999 -9999 -9999 -9999 -9999 -9999 -9999 -9999 -9999
-9999 -9999 -9999 -9999 -9999 -9999 -9999 -9999 -9999 -9999 -9999 -9999 -9999 -9999 -9999 -9999 -9999 -9999 -9999 -9999 -9999 -9999 -9999 -9999 235 234 234 234 234 232 232 232 232 232 232 232 232 232 229 229 227 227 217 217 215 215 206 205 197 197 192 189 189 166 166 163 158 158 152 151 142 142 139 139 139 129 129 127 124 124 123 123 123 123 123 -9999 -9999 -9999 -9999 -9999 -9999 -9999 -9999 -9999 -9999
-9999 -9999 -9999 -9999 -9999 -9999 -9999 -9999 -9999 -9999 -9999 -9999 -9999 -9999 -9999 -9999 -9999 -9999 -9999 -9999 -9999 -9999 -9999 -9999 -9999 234 232 232 232 232 232 232 232 232 232 232 229 229 229 227 227 217 217 215 215 206 206 205 198 198 192 189 189 166 166 163 159 159 152 151 150 142 142 139 138 129 129 127 127 124 124 123 123 123 123 -9999 -9999 -9999 -9999 -9999 -9999 -9999 -9999 -9999 -9999
-9999 -9999 -9999 -9999 -9999 -9999 -9999 -9999 -9999 -9999 -9999 -9999 -9999 -9999 -9999 -9999 -9999 -9999 -9999 -9999 -9999 -9999 -9999 -9999 -9999 232 232 232 232 232 232 232 232 232 232 229 229 227 227 228 218 218 217 215 215 206 205 205 198 198 192 189 189 167 167 163 159 159 152 152 150 142 142 139 138 129 129 129 127 127 124 124 124 124 -9999 -9999 -9999 -9999 -9999 -9999 -9999 -9999 -9999 -9999 -9999
-9999 -9999 -9999 -9999 -9999 -9999 -9999 -9999 -9999 -9999 -9999 -9999 -9999 -9999 -9999 -9999 -9999 -9999 -9999 -9999 -9999 -9999 -9999 -9999 -9999 -9999 232 232 232 232 232 232 232 229 229 229 227 227 227 219 218 217 215 215 215 207 205 198 198 193 193 189 189 167 167 163 163 159 159 152 150 142 142 139 138 138 129 129 129 127 127 127 127 -9999 -9999 -9999 -9999 -9999 -9999 -9999 -9999 -9999 -9999 -9999 -9999
-9999 -9999 -9999 -9999 -9999 -9999 -9999 -9999 -9999 -9999 -9999 -9999 -9999 -9999 -9999 -9999 -9999 -9999 -9999 -9999 -9999 -9999 -9999 -9999 -9999 -9999 -9999 232 232 232 229 229 229 229 227 227 227 227 219 219 218 215 215 215 207 207 205 198 198 193 193 189 188 168 167 163 163 159 159 152 150 150 142 142 139 138 129 130 129 129 129 127 -9999 -9999 -9999 -9999 -9999 -9999 -9999 -9999 -9999 -9999 -9999 -9999 -9999
-9999 -9999 -9999 -9999 -9999 -9999 -9999 -9999 -9999 -9999 -9999 -9999 -9999 -9999 -9999 -9999 -9999 -9999 -9999 -9999 -9999 -9999 -9999 -9999 -9999 -9999 -9999 -9999 229 229 229 227 227 227 227 227 227 219 219 218 215 215 215 207 207 205 205 198 198 193 193 189 188 168 167 163 163 159 159 152 150 150 143 142 139 138 138 130 130 130 129 129 -9999 -9999 -9999 -9999 -9999 -9999 -9999 -9999 -9999 -9999 -9999 -9999 -9999
-9999 -9999 -9999 -9999 -9999 -9999 -9999 -9999 -9999 -9999 -9999 -9999 -9999 -9999 -9999 -9999 -9999 -9999 -9999 -9999 -9999 -9999 -9999 -9999 -9999 -9999 -9999 -9999 -9999 227 227 227 227 227 227 219 219 219 218 215 215 215 207 207 205 205 198 198 198 193 193 189 188 169 167 167 163 159 158 152 150 150 143 142 139 139 138 138 130 130 130 -9999 -9999 -9999 -9999 -9999 -9999 -9999 -9999 -9999 -9999 -9999 -9999 -9999 -9999
-9999 -9999 -9999 -9999 -9999 -9999 -9999 -9999 -9999 -9999 -9999 -9999 -9999 -9999 -9999 -9999 -9999 -9999 -9999 -9999 -9999 -9999 -9999 -9999 -9999 -9999 -9999 -9999 -9999 -9999 226 227 227 219 219 219 218 218 215 215 214 207 207 207 205 205 198 198 193 193 189 187 187 169 167 163 163 159 158 152 150 150 143 142 142 139 138 138 137 137 -9999 -9999 -9999 -9999 -9999 -9999 -9999 -9999 -9999 -9999 -9999 -9999 -9999 -9999 -9999
-9999 -9999 -9999 -9999 -9999 -9999 -9999 -9999 -9999 -9999 -9999 -9999 -9999 -9999 -9999 -9999 -9999 -9999 -9999 -9999 -9999 -9999 -9999 -9999 -9999 -9999 -9999 -9999 -9999 -9999 -9999 219 219 219 218 218 215 215 214 214 207 207 207 205 205 198 198 198 193 193 189 187 187 169 167 163 163 159 158 152 152 150 143 143 142 142 139 139 137 -9999 -9999 -9999 -9999 -9999 -9999 -9999 -9999 -9999 -9999 -9999 -9999 -9999 -9999 -9999 -9999
-9999 -9999 -9999 -9999 -9999 -9999 -9999 -9999 -9999 -9999 -9999 -9999 -9999 -9999 -9999 -9999 -9999 -9999 -9999 -9999 -9999 -9999 -9999 -9999 -9999 -9999 -9999 -9999 -9999 -9999 -9999 -9999 219 218 218 215 215 214 214 207 207 207 205 205 198 198 197 193 193 189 186 186 170 170 167 163 163 159 158 152 152 150 150 143 143 142 142 139 -9999 -9999 -9999 -9999 -9999 -9999 -9999 -9999 -9999 -9999 -9999 -9999 -9999 -9999 -9999 -9999 -9999
-9999 -9999 -9999 -9999 -9999 -9999 -9999 -9999 -9999 -9999 -9999 -9999 -9999 -9999 -9999 -9999 -9999 -9999 -9999 -9999 -9999 -9999 -9999 -9999 -9999 -9999 -9999 -9999 -9999 -9999 -9999 -9999 -9999 218 215 215 214 214 207 207 207 205 205 198 198 197 193 193 189 189 186 186 170 170 167 163 163 159 158 152 152 150 150 150 143 143 -9999 -9999 -9999 -9999 -9999 -9999 -9999 -9999 -9999 -9999 -9999 -9999 -9999 -9999 -9999 -9999 -9999 -9999 -9999
-9999 -9999 -9999 -9999 -9999 -9999 -9999 -9999 -9999 -9999 -9999 -9999 -9999 -9999 -9999 -9999 -9999 -9999 -9999 -9999 -9999 -9999 -9999 -9999 -9999 -9999 -9999 -9999 -9999 -9999 -9999 -9999 -9999 -9999 -9999 214 214 207 207 207 205 205 198 198 197 197 193 193 189 186 186 186 171 170 167 163 163 159 158 152 152 152 150 149 149 -9999 -9999 -9999 -9999 -9999 -9999 -9999 -9999 -9999 -9999 -9999 -9999 -9999 -9999 -9999 -9999 -9999 -9999 -9999 -9999
