examples/flatland/Outputs/centerIgnit/b_RAWS/clockwise/1hr/flatland_centerIgnit_clockwise1hr_RAWS/flatland_centerIgnit_clockwise1hr_RAWS_SpreadRate.asc
NCOLS 100
NROWS 100
XLLCORNER 20000.000000
YLLCORNER 20000.000000
CELLSIZE 30.000000
NODATA_VALUE -9999.0
[rows 32 to 63 of 100, columns 0 to 71 of 100]
-9999.0 -9999.0 -9999.0 -9999.0 -9999.0 -9999.0 -9999.0 -9999.0 -9999.0 -9999.0 -9999.0 -9999.0 -9999.0 -9999.0 -9999.0 -9999.0 -9999.0 -9999.0 -9999.0 -9999.0 -9999.0 -9999.0 02.05 02.08 02.12 02.15 02.24 02.63 02.66 02.68 02.70 02.72 02.72 02.33 02.13 02.15 02.14 02.14 02.11 01.41 01.41 01.41 01.41 01.35 01.35 01.38 01.41 01.44 01.48 01.96 02.28 02.08 01.82 01.87 01.91 01.94 01.98 02.01 02.04 02.07 01.46 01.40 01.40 01.40 01.28 01.23 01.21 01.27 01.56 01.54 01.51 01.58
-9999.0 -9999.0 -9999.0 -9999.0 -9999.0 -9999.0 -9999.0 -9999.0 -9999.0 -9999.0 -9999.0 -9999.0 -9999.0 -9999.0 -9999.0 -9999.0 -9999.0 -9999.0 -9999.0 -9999.0 -9999.0 -9999.0 02.05 02.09 02.12 02.15 02.53 02.66 02.68 02.70 02.72 02.72 02.46 02.16 02.17 02.18 02.19 02.17 01.50 01.44 01.44 01.44 01.32 01.34 01.36 01.39 01.51 02.13 02.23 02.42 02.60 02.76 02.81 02.85 02.32 02.01 02.05 02.09 02.11 02.13 02.16 01.64 01.44 01.43 01.42 01.27 01.23 01.21 01.32 01.54 01.51 01.48
-9999.0 -9999.0 -9999.0 -9999.0 -9999.0 -9999.0 -9999.0 -9999.0 -9999.0 -9999.0 -9999.0 -9999.0 -9999.0 -9999.0 -9999.0 -9999.0 -9999.0 -9999.0 -9999.0 -9999.0 -9999.0 02.00 02.05 02.09 02.12 02.35 02.65 02.67 02.69 02.71 02.72 02.62 02.18 02.20 02.21 02.22 02.22 01.70 01.47 01.48 01.48 01.31 01.32 01.34 01.37 01.94 02.06 02.13 02.24 02.50 02.70 02.80 02.86 02.91 02.95 02.87 02.22 02.19 02.21 02.22 02.24 02.24 01.65 01.46 01.44 01.43 01.24 01.23 01.21 01.37 01.52 01.48
-9999.0 -9999.0 -9999.0 -9999.0 -9999.0 -9999.0 -9999.0 -9999.0 -9999.0 -9999.0 -9999.0 -9999.0 -9999.0 -9999.0 -9999.0 -9999.0 -9999.0 -9999.0 -9999.0 -9999.0 -9999.0 01.98 02.03 02.09 02.12 02.63 02.66 02.69 02.71 02.72 02.73 02.33 02.22 02.23 02.25 02.25 01.96 01.49 01.50 01.51 01.37 01.31 01.33 01.35 01.88 01.97 02.04 02.16 02.36 02.55 02.71 02.84 02.91 02.96 02.99 03.02 03.05 02.42 02.26 02.27 02.28 02.27 02.27 01.54 01.46 01.45 01.43 01.24 01.22 01.20 01.45 01.49
-9999.0 -9999.0 -9999.0 -9999.0 -9999.0 -9999.0 -9999.0 -9999.0 -9999.0 -9999.0 -9999.0 -9999.0 -9999.0 -9999.0 -9999.0 -9999.0 -9999.0 -9999.0 -9999.0 -9999.0 01.91 01.97 02.01 02.07 02.41 02.66 02.68 02.70 02.72 02.73 02.49 02.21 02.23 02.25 02.27 02.26 01.50 01.51 01.53 01.49 01.30 01.32 01.33 01.77 01.86 01.94 02.04 02.17 02.42 02.64 02.81 02.90 02.96 03.00 03.03 03.05 03.07 03.07 02.43 02.31 02.31 02.29 02.28 02.27 01.48 01.47 01.45 01.44 01.23 01.21 01.19 01.48
-9999.0 -9999.0 -9999.0 -9999.0 -9999.0 -9999.0 -9999.0 -9999.0 -9999.0 -9999.0 -9999.0 -9999.0 -9999.0 -9999.0 -9999.0 -9999.0 -9999.0 -9999.0 -9999.0 -9999.0 01.92 01.96 02.00 02.07 02.63 02.67 02.69 02.71 02.73 02.67 02.23 02.25 02.26 02.28 02.27 01.71 01.51 01.53 01.54 01.30 01.31 01.33 01.70 01.76 01.84 01.92 02.02 02.35 03.05 02.91 02.91 02.96 03.01 03.04 03.06 03.08 03.09 03.09 03.08 02.36 02.32 02.31 02.30 02.30 02.29 01.49 01.48 01.47 01.43 01.23 01.21 01.23
-9999.0 -9999.0 -9999.0 -9999.0 -9999.0 -9999.0 -9999.0 -9999.0 -9999.0 -9999.0 -9999.0 -9999.0 -9999.0 -9999.0 -9999.0 -9999.0 -9999.0 -9999.0 -9999.0 -9999.0 01.92 01.95 01.98 02.33 02.65 02.68 02.70 02.72 02.73 02.42 02.27 02.28 02.30 02.31 02.05 01.52 01.54 01.55 01.37 01.31 01.32 01.46 01.70 01.74 01.81 01.90 02.78 03.05 03.18 03.09 03.01 02.98 03.04 03.07 03.09 03.10 03.10 03.09 03.09 03.00 02.35 02.35 02.35 02.35 02.33 02.26 01.52 01.51 01.51 01.34 01.22 01.20
-9999.0 -9999.0 -9999.0 -9999.0 -9999.0 -9999.0 -9999.0 -9999.0 -9999.0 -9999.0 -9999.0 -9999.0 -9999.0 -9999.0 -9999.0 -9999.0 -9999.0 -9999.0 -9999.0 01.85 01.90 01.94 01.97 02.60 02.65 02.68 02.70 02.73 02.62 02.29 02.31 02.33 02.34 02.33 01.55 01.55 01.56 01.56 01.30 01.31 01.33 01.68 01.68 01.71 01.78 02.83 02.96 03.07 03.21 03.11 03.02 02.91 02.92 03.09 03.10 03.10 03.10 03.09 03.09 03.09 02.92 02.41 02.40 02.40 02.41 02.42 01.97 01.56 01.55 01.53 01.23 01.21
-9999.0 -9999.0 -9999.0 -9999.0 -9999.0 -9999.0 -9999.0 -9999.0 -9999.0 -9999.0 -9999.0 -9999.0 -9999.0 -9999.0 -9999.0 -9999.0 -9999.0 -9999.0 -9999.0 01.84 01.89 01.93 02.09 02.63 02.66 02.68 02.71 02.72 02.46 02.34 02.37 02.39 02.39 02.00 01.59 01.60 01.61 01.29 01.31 01.32 01.63 01.68 01.68 01.70 02.59 02.80 02.92 03.05 03.24 03.10 03.00 02.89 02.79 02.90 03.10 03.11 03.10 03.10 03.10 03.11 03.11 02.80 02.49 02.49 02.49 02.49 02.49 01.60 01.59 01.57 01.42 01.22
-9999.0 -9999.0 -9999.0 -9999.0 -9999.0 -9999.0 -9999.0 -9999.0 -9999.0 -9999.0 -9999.0 -9999.0 -9999.0 -9999.0 -9999.0 -9999.0 -9999.0 -9999.0 -9999.0 01.83 01.87 01.92 02.34 02.63 02.66 02.68 02.71 02.69 02.38 02.40 02.41 02.43 02.43 01.66 01.63 01.65 01.63 01.31 01.32 01.37 01.63 01.67 01.69 02.07 02.65 02.75 02.88 03.02 03.26 03.10 02.97 02.86 02.79 02.76 02.93 03.10 03.11 03.12 03.12 03.12 03.11 03.10 02.57 02.57 02.56 02.56 02.55 02.17 01.63 01.61 01.60 01.23
-9999.0 -9999.0 -9999.0 -9999.0 -9999.0 -9999.0 -9999.0 -9999.0 -9999.0 -9999.0 -9999.0 -9999.0 -9999.0 -9999.0 -9999.0 -9999.0 -9999.0 -9999.0 -9999.0 01.82 01.86 01.90 02.56 02.64 02.66 02.69 02.71 02.58 02.41 02.43 02.45 02.47 02.30 01.65 01.67 01.70 01.42 01.32 01.33 01.56 01.60 01.64 01.68 02.63 02.66 02.70 02.83 03.01 03.27 03.09 02.95 02.83 02.80 02.78 02.76 02.95 03.11 03.13 03.12 03.12 03.11 03.10 02.86 02.63 02.62 02.61 02.60 02.58 01.67 01.65 01.63 01.37
-9999.0 -9999.0 -9999.0 -9999.0 -9999.0 -9999.0 -9999.0 -9999.0 -9999.0 -9999.0 -9999.0 -9999.0 -9999.0 -9999.0 -9999.0 -9999.0 -9999.0 -9999.0 -9999.0 01.80 01.84 01.88 02.60 02.63 02.66 02.69 02.71 02.50 02.45 02.47 02.49 02.50 02.01 01.69 01.72 01.73 01.31 01.33 01.34 01.54 01.57 01.61 02.44 02.64 02.67 02.69 02.74 02.87 03.26 03.01 02.89 02.85 02.82 02.80 02.77 02.66 03.00 03.12 03.12 03.12 03.11 03.10 03.04 02.70 02.67 02.66 02.65 02.63 01.92 01.69 01.67 01.64
-9999.0 -9999.0 -9999.0 -9999.0 -9999.0 -9999.0 -9999.0 -9999.0 -9999.0 -9999.0 -9999.0 -9999.0 -9999.0 -9999.0 -9999.0 -9999.0 -9999.0 -9999.0 01.74 01.78 01.82 02.02 02.60 02.62 02.65 02.68 02.69 02.45 02.48 02.51 02.53 02.53 01.78 01.73 01.76 01.76 01.32 01.34 01.39 01.51 01.54 01.58 02.51 02.63 02.69 02.71 02.73 02.76 -9999.0 -9999.00 02.88 02.86 02.84 02.82 02.73 02.62 02.71 03.10 03.12 03.11 03.08 03.05 03.03 02.82 02.73 02.72 02.71 02.69 02.42 01.74 01.71 01.68
-9999.0 -9999.0 -9999.0 -9999.0 -9999.0 -9999.0 -9999.0 -9999.0 -9999.0 -9999.0 -9999.0 -9999.0 -9999.0 -9999.0 -9999.0 -9999.0 -9999.0 -9999.0 01.73 01.76 01.81 02.17 02.59 02.62 02.65 02.67 02.63 02.49 02.52 02.55 02.57 02.54 01.74 01.77 01.80 01.66 01.34 01.35 01.43 01.49 01.51 02.05 02.45 02.56 02.70 02.73 02.75 -9999.00 -9999.0 -9999.0 -9999.00 02.88 02.86 02.81 02.67 02.58 02.40 02.94 03.07 03.05 03.02 03.00 02.97 02.91 02.87 02.86 02.82 02.79 02.77 01.82 01.74 01.72
-9999.0 -9999.0 -9999.0 -9999.0 -9999.0 -9999.0 -9999.0 -9999.0 -9999.0 -9999.0 -9999.0 -9999.0 -9999.0 -9999.0 -9999.0 -9999.0 -9999.0 -9999.0 01.71 01.75 01.79 02.30 02.59 02.61 02.64 02.66 02.60 02.53 02.55 02.58 02.60 02.39 01.78 01.81 01.84 01.57 01.35 01.37 01.42 01.44 01.47 02.20 02.36 02.42 02.63 02.74 -9999.00 -9999.0 -9999.0 -9999.0 -9999.0 -9999.00 02.88 02.78 02.52 02.44 02.26 02.53 02.97 02.95 02.92 02.90 02.88 02.96 02.97 02.94 02.91 02.88 02.85 01.91 01.85 01.80
-9999.0 -9999.0 -9999.0 -9999.0 -9999.0 -9999.0 -9999.0 -9999.0 -9999.0 -9999.0 -9999.0 -9999.0 -9999.0 -9999.0 -9999.0 -9999.0 -9999.0 -9999.0 01.69 01.73 01.76 02.39 02.57 02.60 02.63 02.66 02.58 02.55 02.58 02.60 02.62 02.28 01.81 01.84 01.92 01.52 01.39 01.42 01.38 01.39 01.40 02.04 02.15 02.24 02.46 02.75 -9999.0 -9999.0 -9999.0 -9999.0 -9999.0 -9999.0 -9999.00 02.61 02.36 02.21 02.06 02.55 02.82 02.80 02.80 02.80 02.79 03.01 03.02 02.99 02.97 02.94 02.90 02.01 01.96 01.90
-9999.0 -9999.0 -9999.0 -9999.0 -9999.0 -9999.0 -9999.0 -9999.0 -9999.0 -9999.0 -9999.0 -9999.0 -9999.0 -9999.0 -9999.0 -9999.0 -9999.0 -9999.0 01.65 01.69 01.74 02.46 02.56 02.59 02.62 02.64 02.58 02.58 02.61 02.63 02.65 02.22 01.86 01.93 02.01 01.62 01.44 01.48 01.42 01.36 01.35 01.77 01.90 02.03 02.15 -9999.00 -9999.0 -9999.0 -9999.0 -9999.0 -9999.0 -9999.0 -9999.00 02.32 02.10 01.93 01.86 02.68 02.76 02.75 02.74 02.74 02.79 03.04 03.03 03.01 02.99 02.97 02.87 02.07 02.03 01.98
-9999.0 -9999.0 -9999.0 -9999.0 -9999.0 -9999.0 -9999.0 -9999.0 -9999.0 -9999.0 -9999.0 -9999.0 -9999.0 -9999.0 -9999.0 -9999.0 -9999.0 -9999.0 01.61 01.65 01.69 02.48 02.54 02.58 02.61 02.62 02.59 02.62 02.65 02.68 02.70 02.23 01.96 02.04 02.09 01.91 01.47 01.50 01.52 01.34 01.34 01.35 01.72 01.78 01.82 -9999.00 -9999.0 -9999.0 -9999.0 -9999.0 -9999.0 -9999.0 -9999.0 01.86 01.85 01.78 01.89 02.65 02.68 02.68 02.68 02.67 02.87 03.06 03.04 03.02 03.00 02.98 02.71 02.12 02.07 02.02
-9999.0 -9999.0 -9999.0 -9999.0 -9999.0 -9999.0 -9999.0 -9999.0 -9999.0 -9999.0 -9999.0 -9999.0 -9999.0 -9999.0 -9999.0 -9999.0 -9999.0 -9999.0 01.56 01.60 01.63 02.45 02.50 02.53 02.56 02.59 02.62 02.66 02.69 02.73 02.74 02.35 02.05 02.13 02.16 02.19 01.49 01.52 01.56 01.34 01.34 01.34 01.64 01.66 01.66 01.65 -9999.00 -9999.0 -9999.0 -9999.0 -9999.0 -9999.0 -9999.00 01.70 01.70 01.69 02.29 02.58 02.60 02.61 02.61 02.60 03.00 03.07 03.05 03.03 03.01 02.99 02.48 02.16 02.11 02.06
-9999.0 -9999.0 -9999.0 -9999.0 -9999.0 -9999.0 -9999.0 -9999.0 -9999.0 -9999.0 -9999.0 -9999.0 -9999.0 -9999.0 -9999.0 -9999.0 -9999.0 -9999.0 01.51 01.55 01.58 02.21 02.44 02.47 02.50 02.54 02.65 02.69 02.72 02.76 02.78 02.57 02.11 02.15 02.20 02.23 01.62 01.53 01.57 01.58 01.34 01.34 01.35 01.59 01.61 01.63 01.65 -9999.0 -9999.0 -9999.0 -9999.0 -9999.00 01.70 01.67 01.65 01.87 02.48 02.51 02.52 02.53 02.54 02.75 03.08 03.08 03.06 03.04 03.02 03.00 02.26 02.18 02.14 02.09
-9999.0 -9999.0 -9999.0 -9999.0 -9999.0 -9999.0 -9999.0 -9999.0 -9999.0 -9999.0 -9999.0 -9999.0 -9999.0 -9999.0 -9999.0 -9999.0 -9999.0 -9999.0 -9999.0 01.52 01.55 01.95 02.40 02.43 02.45 02.49 02.63 02.72 02.75 02.78 02.81 02.76 02.13 02.18 02.23 02.27 02.03 01.55 01.59 01.63 01.42 01.34 01.35 01.35 01.59 01.62 01.64 -9999.00 -9999.0 -9999.0 -9999.0 01.70 01.68 01.66 01.63 02.45 02.49 02.48 02.48 02.48 02.52 03.03 03.08 03.07 03.06 03.04 03.02 02.84 02.27 02.21 02.16 02.12
-9999.0 -9999.0 -9999.0 -9999.0 -9999.0 -9999.0 -9999.0 -9999.0 -9999.0 -9999.0 -9999.0 -9999.0 -9999.0 -9999.0 -9999.0 -9999.0 -9999.0 -9999.0 -9999.0 01.50 01.53 01.64 02.38 02.40 02.43 02.45 02.58 02.73 02.76 02.79 02.81 02.82 02.29 02.21 02.25 02.30 02.33 01.58 01.62 01.66 01.69 01.34 01.34 01.35 01.43 01.60 01.62 01.62 -9999.00 -9999.0 -9999.00 01.65 01.65 01.63 02.15 02.47 02.49 02.48 02.48 02.47 02.84 03.07 03.08 03.06 03.05 03.04 03.02 02.56 02.30 02.24 02.19 02.15
-9999.0 -9999.0 -9999.0 -9999.0 -9999.0 -9999.0 -9999.0 -9999.0 -9999.0 -9999.0 -9999.0 -9999.0 -9999.0 -9999.0 -9999.0 -9999.0 -9999.0 -9999.0 -9999.0 01.47 01.50 01.52 02.34 02.37 02.39 02.42 02.50 02.74 02.76 02.79 02.81 02.83 02.53 02.23 02.27 02.32 02.37 02.13 01.64 01.67 01.70 01.71 01.34 01.34 01.35 01.49 01.54 01.53 01.50 -9999.00 01.51 01.55 01.56 01.80 02.38 02.42 02.44 02.45 02.45 02.66 03.07 03.08 03.07 03.06 03.04 03.03 02.90 02.39 02.33 02.27 02.22 01.99
-9999.0 -9999.0 -9999.0 -9999.0 -9999.0 -9999.0 -9999.0 -9999.0 -9999.0 -9999.0 -9999.0 -9999.0 -9999.0 -9999.0 -9999.0 -9999.0 -9999.0 -9999.0 -9999.0 01.43 01.47 01.50 02.19 02.34 02.37 02.39 02.41 02.72 02.77 02.79 02.82 02.84 02.78 02.24 02.29 02.35 02.40 02.45 01.86 01.67 01.70 01.72 01.62 01.34 01.35 01.37 01.45 01.46 01.44 01.40 01.45 01.47 01.71 02.24 02.31 02.34 02.38 02.39 02.47 03.01 03.08 03.07 03.06 03.05 03.03 03.02 02.58 02.43 02.36 02.30 02.24 01.50
-9999.0 -9999.0 -9999.0 -9999.0 -9999.0 -9999.0 -9999.0 -9999.0 -9999.0 -9999.0 -9999.0 -9999.0 -9999.0 -9999.0 -9999.0 -9999.0 -9999.0 -9999.0 -9999.0 -9999.0 01.44 01.47 01.76 02.31 02.33 02.36 02.38 02.61 02.77 02.79 02.82 02.84 02.85 02.48 02.32 02.37 02.42 02.49 02.50 01.67 01.70 01.71 01.73 01.55 01.36 01.37 01.40 01.43 01.41 01.37 01.42 01.89 02.09 02.16 02.20 02.24 02.30 02.32 02.85 03.07 03.07 03.06 03.05 03.04 03.02 02.78 02.47 02.44 02.39 02.32 02.27 01.44
-9999.0 -9999.0 -9999.0 -9999.0 -9999.0 -9999.0 -9999.0 -9999.0 -9999.0 -9999.0 -9999.0 -9999.0 -9999.0 -9999.0 -9999.0 -9999.0 -9999.0 -9999.0 -9999.0 -9999.0 01.42 01.44 01.46 02.27 02.30 02.32 02.34 02.44 02.76 02.79 02.81 02.84 02.85 02.75 02.33 02.39 02.45 02.51 02.53 02.35 01.69 01.70 01.73 01.78 01.50 01.38 01.40 01.44 01.49 01.62 01.77 01.91 02.00 02.06 02.10 02.14 02.18 02.76 03.03 03.05 03.06 03.05 03.04 03.03 02.94 02.50 02.47 02.44 02.40 02.35 01.80 01.45
-9999.0 -9999.0 -9999.0 -9999.0 -9999.0 -9999.0 -9999.0 -9999.0 -9999.0 -9999.0 -9999.0 -9999.0 -9999.0 -9999.0 -9999.0 -9999.0 -9999.0 -9999.0 -9999.0 -9999.0 -9999.0 01.41 01.43 02.00 02.25 02.27 02.29 02.31 02.69 02.78 02.80 02.83 02.85 02.86 02.56 02.41 02.47 02.51 02.54 02.54 02.18 01.70 01.73 01.78 01.85 01.76 01.41 01.44 01.47 01.57 01.71 01.86 01.94 01.98 02.03 02.24 02.83 02.99 03.02 03.02 03.03 03.03 03.02 03.01 02.63 02.49 02.46 02.44 02.41 02.37 01.50 01.46
-9999.0 -9999.0 -9999.0 -9999.0 -9999.0 -9999.0 -9999.0 -9999.0 -9999.0 -9999.0 -9999.0 -9999.0 -9999.0 -9999.0 -9999.0 -9999.0 -9999.0 -9999.0 -9999.0 -9999.0 -9999.0 01.38 01.40 01.42 02.22 02.24 02.26 02.27 02.44 02.77 02.80 02.82 02.84 02.85 02.83 02.48 02.47 02.50 02.53 02.55 02.55 02.04 01.73 01.81 01.88 01.96 02.02 01.76 01.47 01.53 01.65 01.77 01.87 02.10 02.55 02.89 02.93 02.96 02.98 02.99 03.00 03.00 03.00 02.77 02.53 02.48 02.45 02.43 02.41 01.64 01.50 01.46
-9999.0 -9999.0 -9999.0 -9999.0 -9999.0 -9999.0 -9999.0 -9999.0 -9999.0 -9999.0 -9999.0 -9999.0 -9999.0 -9999.0 -9999.0 -9999.0 -9999.0 -9999.0 -9999.0 -9999.0 -9999.0 -9999.0 01.38 01.40 02.01 02.21 02.22 02.24 02.25 02.68 02.79 02.81 02.83 02.84 02.85 02.74 02.47 02.50 02.52 02.54 02.57 02.58 02.00 01.82 01.89 01.96 02.04 02.11 02.18 02.23 02.13 02.20 02.62 02.78 02.84 02.88 02.90 02.93 02.94 02.96 02.97 02.97 02.86 02.59 02.53 02.49 02.45 02.42 02.11 01.53 01.50 01.47
-9999.0 -9999.0 -9999.0 -9999.0 -9999.0 -9999.0 -9999.0 -9999.0 -9999.0 -9999.0 -9999.0 -9999.0 -9999.0 -9999.0 -9999.0 -9999.0 -9999.0 -9999.0 -9999.0 -9999.0 -9999.0 -9999.0 01.35 01.37 01.39 02.17 02.18 02.19 02.21 02.37 02.77 02.79 02.81 02.83 02.84 02.85 02.67 02.49 02.50 02.53 02.57 02.60 02.64 02.09 01.89 01.95 02.02 02.10 02.18 02.27 02.37 02.49 02.69 02.77 02.80 02.84 02.87 02.89 02.91 02.93 02.94 02.85 02.67 02.60 02.54 02.49 02.45 02.41 01.55 01.53 01.50 01.32
-9999.0 -9999.0 -9999.0 -9999.0 -9999.0 -9999.0 -9999.0 -9999.0 -9999.0 -9999.0 -9999.0 -9999.0 -9999.0 -9999.0 -9999.0 -9999.0 -9999.0 -9999.0 -9999.0 -9999.0 -9999.0 -9999.0 -9999.0 01.34 01.35 01.84 02.12 02.14 02.16 02.17 02.52 02.77 02.79 02.81 02.83 02.84 02.85 02.61 02.50 02.53 02.57 02.62 02.68 02.71 02.36 01.94 02.01 02.10 02.17 02.24 02.29 02.46 02.61 02.73 02.76 02.79 02.82 02.84 02.87 02.89 02.83 02.73 02.68 02.62 02.55 02.50 02.45 01.70 01.54 01.52 01.49 01.17
-9999.0 -9999.0 -9999.0 -9999.0 -9999.0 -9999.0 -9999.0 -9999.0 -9999.0 -9999.0 -9999.0 -9999.0 -9999.0 -9999.0 -9999.0 -9999.0 -9999.0 -9999.0 -9999.0 -9999.0 -9999.0 -9999.0 -9999.0 01.31 01.32 01.34 02.07 02.10 02.11 02.12 02.14 02.68 02.78 02.79 02.81 02.83 02.84 02.84 02.57 02.53 02.57 02.63 02.69 02.74 02.77 02.67 02.26 02.08 02.16 02.21 02.28 02.39 02.54 02.64 02.72 02.75 02.78 02.80 02.84 02.83 02.78 02.73 02.68 02.62 02.55 02.50 02.08 01.56 01.53 01.50 01.18 01.16
