examples/flatland/Outputs/centerIgnit/b_RAWS/clockwise/1hr/flatland_centerIgnit_clockwise1hr_RAWS/flatland_centerIgnit_clockwise1hr_RAWS_ReactionIntensity.asc
NCOLS 100
NROWS 100
XLLCORNER 20000.000000
YLLCORNER 20000.000000
CELLSIZE 30.000000
NODATA_VALUE -9999.0
[rows 28 to 55 of 100, columns 0 to 61 of 100]
-9999.0 -9999.0 -9999.0 -9999.0 -9999.0 -9999.0 -9999.0 -9999.0 -9999.0 -9999.0 -9999.0 -9999.0 -9999.0 -9999.0 -9999.0 -9999.0 -9999.0 -9999.0 -9999.0 -9999.0 -9999.0 -9999.0 -9999.0 -9999.0 -9999.0 00152.577 00153.316 00153.935 00154.491 00154.909 00155.219 00155.882 00156.246 00156.572 00156.893 00157.212 00157.538 00157.727 00158.068 00158.551 00158.960 00159.360 00159.785 00160.253 00160.634 00160.998 00161.494 00161.940 00162.344 00162.685 00163.006 00163.087 00162.893 00162.660 00162.387 00162.013 00161.659 00161.167 00160.707 00160.289 00159.625 00158.986
-9999.0 -9999.0 -9999.0 -9999.0 -9999.0 -9999.0 -9999.0 -9999.0 -9999.0 -9999.0 -9999.0 -9999.0 -9999.0 -9999.0 -9999.0 -9999.0 -9999.0 -9999.0 -9999.0 -9999.0 -9999.0 -9999.0 -9999.0 -9999.0 00152.312 00153.091 00153.770 00154.366 00154.870 00155.062 00155.819 00156.208 00156.577 00156.933 00157.260 00157.585 00157.767 00158.245 00158.672 00159.115 00159.593 00160.118 00160.562 00160.955 00161.589 00162.200 00162.736 00163.285 00163.793 00163.892 00163.910 00164.388 00163.905 00163.891 00163.857 00163.417 00162.929 00162.372 00161.827 00161.280 00160.660 00160.032
-9999.0 -9999.0 -9999.0 -9999.0 -9999.0 -9999.0 -9999.0 -9999.0 -9999.0 -9999.0 -9999.0 -9999.0 -9999.0 -9999.0 -9999.0 -9999.0 -9999.0 -9999.0 -9999.0 -9999.0 -9999.0 -9999.0 -9999.0 -9999.0 00152.834 00153.552 00154.183 00154.754 00155.018 00155.738 00156.141 00156.516 00156.885 00157.255 00157.607 00157.792 00158.321 00158.756 00159.222 00159.730 00160.279 00160.721 00161.378 00162.064 00162.737 00163.453 00163.889 00164.427 00164.767 00165.052 00165.286 00165.246 00165.101 00164.939 00164.722 00164.507 00163.899 00163.732 00163.085 00162.347 00161.663 00160.951
-9999.0 -9999.0 -9999.0 -9999.0 -9999.0 -9999.0 -9999.0 -9999.0 -9999.0 -9999.0 -9999.0 -9999.0 -9999.0 -9999.0 -9999.0 -9999.0 -9999.0 -9999.0 -9999.0 -9999.0 -9999.0 -9999.0 -9999.0 00152.554 00153.310 00153.973 00154.568 00154.958 00155.633 00156.047 00156.435 00156.814 00157.189 00157.571 00157.781 00158.339 00158.817 00159.293 00159.808 00160.391 00160.818 00161.592 00162.353 00163.181 00163.883 00164.467 00164.972 00165.380 00165.753 00166.065 00166.321 00166.153 00165.971 00165.754 00165.524 00165.216 00164.903 00164.599 00163.899 00163.553 00162.732 00161.967
-9999.0 -9999.0 -9999.0 -9999.0 -9999.0 -9999.0 -9999.0 -9999.0 -9999.0 -9999.0 -9999.0 -9999.0 -9999.0 -9999.0 -9999.0 -9999.0 -9999.0 -9999.0 -9999.0 -9999.0 -9999.0 -9999.0 00152.214 00153.041 00153.755 00154.372 00154.888 00155.231 00155.918 00156.328 00156.725 00157.101 00157.494 00157.744 00158.243 00158.728 00159.242 00159.804 00160.440 00160.915 00161.722 00162.530 00163.440 00163.899 00164.820 00165.390 00165.935 00166.410 00166.832 00166.923 00166.932 00166.918 00166.889 00166.637 00166.296 00165.961 00165.614 00165.206 00164.811 00164.419 00163.877 00163.042
-9999.0 -9999.0 -9999.0 -9999.0 -9999.0 -9999.0 -9999.0 -9999.0 -9999.0 -9999.0 -9999.0 -9999.0 -9999.0 -9999.0 -9999.0 -9999.0 -9999.0 -9999.0 -9999.0 -9999.0 -9999.0 -9999.0 00152.692 00153.474 00154.147 00154.743 00155.025 00155.774 00156.195 00156.596 00156.988 00157.393 00157.694 00158.085 00158.631 00159.144 00159.702 00160.326 00160.816 00161.692 00162.613 00163.607 00163.910 00165.011 00165.706 00166.387 00166.909 00166.991 00167.212 00167.299 00167.287 00167.235 00167.175 00166.943 00166.918 00166.718 00166.262 00165.827 00165.402 00164.989 00164.542 00163.884
-9999.0 -9999.0 -9999.0 -9999.0 -9999.0 -9999.0 -9999.0 -9999.0 -9999.0 -9999.0 -9999.0 -9999.0 -9999.0 -9999.0 -9999.0 -9999.0 -9999.0 -9999.0 -9999.0 -9999.0 -9999.0 00152.299 00153.143 00153.871 00154.511 00154.949 00155.625 00156.052 00156.459 00156.856 00157.257 00157.625 00157.875 00158.504 00159.016 00159.569 00160.184 00160.719 00161.518 00162.429 00163.449 00163.909 00165.147 00165.882 00166.662 00166.941 00167.242 00167.374 00167.480 00167.569 00167.511 00167.452 00167.382 00167.295 00167.196 00166.939 00166.906 00166.475 00165.969 00165.474 00164.993 00164.532
-9999.0 -9999.0 -9999.0 -9999.0 -9999.0 -9999.0 -9999.0 -9999.0 -9999.0 -9999.0 -9999.0 -9999.0 -9999.0 -9999.0 -9999.0 -9999.0 -9999.0 -9999.0 -9999.0 -9999.0 -9999.0 00152.722 00153.554 00154.239 00154.856 00155.113 00155.894 00156.318 00156.719 00157.115 00157.528 00157.772 00158.339 00158.840 00159.383 00159.986 00160.586 00161.280 00162.207 00163.197 00163.897 00164.990 00165.898 00166.835 00167.141 00167.343 00167.508 00167.644 00167.749 00167.800 00167.733 00167.671 00167.582 00167.485 00167.368 00167.254 00167.047 00166.911 00166.474 00165.955 00165.453 00164.965
-9999.0 -9999.0 -9999.0 -9999.0 -9999.0 -9999.0 -9999.0 -9999.0 -9999.0 -9999.0 -9999.0 -9999.0 -9999.0 -9999.0 -9999.0 -9999.0 -9999.0 -9999.0 -9999.0 -9999.0 00151.662 00153.089 00153.900 00154.581 00154.980 00155.709 00156.150 00156.564 00156.971 00157.384 00157.695 00158.116 00158.662 00159.189 00159.765 00160.422 00160.954 00161.887 00162.873 00163.880 00164.763 00165.691 00166.673 00167.159 00167.396 00167.603 00167.779 00167.920 00168.044 00168.033 00167.958 00167.875 00167.780 00167.662 00167.542 00167.406 00167.260 00167.023 00166.909 00166.431 00165.902 00165.398
-9999.0 -9999.0 -9999.0 -9999.0 -9999.0 -9999.0 -9999.0 -9999.0 -9999.0 -9999.0 -9999.0 -9999.0 -9999.0 -9999.0 -9999.0 -9999.0 -9999.0 -9999.0 -9999.0 -9999.0 00152.510 00153.418 00154.196 00154.867 00155.272 00155.956 00156.385 00156.802 00157.216 00157.610 00157.849 00158.489 00159.003 00159.564 00160.194 00160.738 00161.576 00162.518 00163.593 00164.457 00165.392 00166.395 00166.943 00167.379 00167.654 00167.865 00168.059 00168.319 00168.756 00168.497 00168.207 00168.084 00167.959 00167.840 00167.696 00167.546 00167.399 00167.248 00166.945 00166.905 00166.369 00165.845
-9999.0 -9999.0 -9999.0 -9999.0 -9999.0 -9999.0 -9999.0 -9999.0 -9999.0 -9999.0 -9999.0 -9999.0 -9999.0 -9999.0 -9999.0 -9999.0 -9999.0 -9999.0 -9999.0 -9999.0 00152.848 00153.732 00154.471 00154.968 00155.721 00156.192 00156.616 00157.029 00157.458 00157.744 00158.286 00158.789 00159.336 00159.943 00160.562 00161.247 00162.181 00163.195 00163.898 00165.063 00166.044 00166.918 00167.302 00167.601 00167.897 00168.136 00168.747 00169.294 00169.778 00169.348 00168.907 00168.516 00168.146 00167.993 00167.840 00167.686 00167.533 00167.381 00167.232 00166.939 00166.865 00166.307
-9999.0 -9999.0 -9999.0 -9999.0 -9999.0 -9999.0 -9999.0 -9999.0 -9999.0 -9999.0 -9999.0 -9999.0 -9999.0 -9999.0 -9999.0 -9999.0 -9999.0 -9999.0 -9999.0 00152.006 00153.160 00153.994 00154.730 00155.064 00155.909 00156.372 00156.817 00157.265 00157.640 00157.954 00158.566 00159.095 00159.674 00160.329 00160.843 00161.791 00162.778 00163.875 00164.720 00165.696 00166.742 00167.197 00167.507 00167.823 00168.131 00168.966 00169.700 00170.240 00170.731 00170.328 00169.882 00169.274 00168.619 00168.142 00167.980 00167.823 00167.669 00167.516 00167.365 00167.214 00166.934 00166.767
-9999.0 -9999.0 -9999.0 -9999.0 -9999.0 -9999.0 -9999.0 -9999.0 -9999.0 -9999.0 -9999.0 -9999.0 -9999.0 -9999.0 -9999.0 -9999.0 -9999.0 -9999.0 -9999.0 00152.439 00153.431 00154.254 00154.898 00155.570 00156.089 00156.543 00156.988 00157.446 00157.752 00158.323 00158.841 00159.408 00160.030 00160.628 00161.385 00162.336 00163.402 00163.955 00165.288 00166.322 00166.941 00167.400 00167.713 00168.037 00168.811 00169.834 00170.525 00171.142 00171.695 00171.264 00170.724 00170.125 00169.283 00168.573 00168.124 00167.962 00167.806 00167.652 00167.497 00167.339 00167.184 00166.924
-9999.0 -9999.0 -9999.0 -9999.0 -9999.0 -9999.0 -9999.0 -9999.0 -9999.0 -9999.0 -9999.0 -9999.0 -9999.0 -9999.0 -9999.0 -9999.0 -9999.0 -9999.0 -9999.0 00152.697 00153.662 00154.470 00154.986 00155.770 00156.249 00156.706 00157.159 00157.600 00157.865 00158.516 00159.050 00159.635 00160.297 00160.828 00161.776 00162.779 00163.876 00164.789 00165.874 00166.909 00167.280 00167.605 00167.923 00168.458 00169.543 00170.500 00171.363 00172.054 00172.692 00172.219 00171.607 00170.863 00170.062 00169.177 00168.512 00168.106 00167.944 00167.784 00167.626 00167.461 00167.283 00166.982
-9999.0 -9999.0 -9999.0 -9999.0 -9999.0 -9999.0 -9999.0 -9999.0 -9999.0 -9999.0 -9999.0 -9999.0 -9999.0 -9999.0 -9999.0 -9999.0 -9999.0 -9999.0 -9999.0 00152.945 00153.862 00154.658 00155.060 00155.924 00156.404 00156.858 00157.318 00157.687 00158.150 00158.703 00159.252 00159.863 00160.516 00161.173 00162.128 00163.162 00163.899 00165.174 00166.287 00166.984 00167.474 00167.805 00168.140 00169.167 00170.193 00171.159 00172.141 00172.911 00173.610 00173.118 00172.476 00171.617 00170.780 00169.973 00169.076 00168.453 00168.083 00167.916 00167.734 00167.554 00167.376 00167.196
-9999.0 -9999.0 -9999.0 -9999.0 -9999.0 -9999.0 -9999.0 -9999.0 -9999.0 -9999.0 -9999.0 -9999.0 -9999.0 -9999.0 -9999.0 -9999.0 -9999.0 -9999.0 -9999.0 00153.125 00154.054 00154.836 00155.386 00156.048 00156.527 00156.993 00157.475 00157.770 00158.364 00158.886 00159.456 00160.095 00160.683 00161.499 00162.462 00163.563 00164.481 00165.550 00166.713 00167.240 00167.626 00168.009 00168.781 00169.869 00170.818 00171.806 00172.827 00173.734 00162.044 00174.005 00173.228 00172.390 00171.525 00170.690 00169.886 00168.947 00168.315 00168.017 00167.830 00167.645 00167.456 00167.269
-9999.0 -9999.0 -9999.0 -9999.0 -9999.0 -9999.0 -9999.0 -9999.0 -9999.0 -9999.0 -9999.0 -9999.0 -9999.0 -9999.0 -9999.0 -9999.0 -9999.0 -9999.0 00152.211 00153.284 00154.194 00154.908 00155.664 00156.165 00156.640 00157.107 00157.585 00157.849 00158.506 00159.039 00159.623 00160.282 00160.816 00161.740 00162.721 00163.836 00164.729 00165.828 00166.913 00167.361 00167.760 00168.167 00169.475 00170.492 00171.464 00172.479 00173.445 00174.422 -9999.0 -9999.000 00173.947 00173.131 00172.295 00171.434 00170.594 00169.663 00168.657 00168.112 00167.912 00167.719 00167.526 00167.333
-9999.0 -9999.0 -9999.0 -9999.0 -9999.0 -9999.0 -9999.0 -9999.0 -9999.0 -9999.0 -9999.0 -9999.0 -9999.0 -9999.0 -9999.0 -9999.0 -9999.0 -9999.0 00152.332 00153.420 00154.330 00154.955 00155.753 00156.260 00156.745 00157.224 00157.646 00158.034 00158.626 00159.168 00159.763 00160.439 00161.013 00161.956 00162.953 00163.885 00164.942 00166.070 00166.932 00167.458 00167.872 00168.626 00169.959 00171.117 00172.127 00173.118 00174.081 -9999.000 -9999.0 -9999.0 -9999.000 00173.857 00173.043 00172.208 00171.297 00170.230 00169.043 00168.265 00167.990 00167.791 00167.594 00167.398
-9999.0 -9999.0 -9999.0 -9999.0 -9999.0 -9999.0 -9999.0 -9999.0 -9999.0 -9999.0 -9999.0 -9999.0 -9999.0 -9999.0 -9999.0 -9999.0 -9999.0 -9999.0 00152.440 00153.525 00154.424 00154.999 00155.837 00156.340 00156.822 00157.310 00157.696 00158.193 00158.727 00159.278 00159.888 00160.530 00161.183 00162.110 00163.111 00163.894 00165.105 00166.249 00166.999 00167.536 00167.969 00168.983 00170.361 00171.583 00172.791 00173.744 -9999.000 -9999.0 -9999.0 -9999.0 -9999.0 -9999.000 00173.765 00172.958 00171.888 00170.756 00169.616 00168.560 00168.054 00167.820 00167.594 00167.372
-9999.0 -9999.0 -9999.0 -9999.0 -9999.0 -9999.0 -9999.0 -9999.0 -9999.0 -9999.0 -9999.0 -9999.0 -9999.0 -9999.0 -9999.0 -9999.0 -9999.0 -9999.0 00152.508 00153.597 00154.504 00155.030 00155.896 00156.403 00156.893 00157.390 00157.737 00158.301 00158.814 00159.373 00159.996 00160.604 00161.315 00162.223 00163.220 00163.900 00165.236 00166.367 00167.000 00167.567 00168.044 00169.373 00170.709 00172.044 00173.316 00174.391 -9999.0 -9999.0 -9999.0 -9999.0 -9999.0 -9999.0 -9999.000 00173.582 00172.526 00171.355 00169.727 00168.420 00168.001 00167.772 00167.550 00167.332
-9999.0 -9999.0 -9999.0 -9999.0 -9999.0 -9999.0 -9999.0 -9999.0 -9999.0 -9999.0 -9999.0 -9999.0 -9999.0 -9999.0 -9999.0 -9999.0 -9999.0 -9999.0 00152.548 00153.646 00154.552 00155.052 00155.941 00156.453 00156.943 00157.444 00157.768 00158.361 00158.875 00159.436 00160.063 00160.651 00161.398 00162.311 00163.331 00163.898 00165.058 00166.077 00166.923 00167.426 00167.878 00168.752 00170.498 00172.254 00173.810 -9999.000 -9999.0 -9999.0 -9999.0 -9999.0 -9999.0 -9999.0 -9999.000 00174.288 00172.664 00170.919 00169.265 00168.210 00167.942 00167.718 00167.497 00167.279
-9999.0 -9999.0 -9999.0 -9999.0 -9999.0 -9999.0 -9999.0 -9999.0 -9999.0 -9999.0 -9999.0 -9999.0 -9999.0 -9999.0 -9999.0 -9999.0 -9999.0 -9999.0 00152.547 00153.680 00154.587 00155.068 00155.972 00156.481 00156.974 00157.483 00157.791 00158.404 00158.919 00159.482 00160.113 00160.685 00161.464 00162.272 00163.118 00163.885 00164.800 00165.775 00166.829 00167.271 00167.709 00168.160 00169.773 00171.365 00173.088 -9999.000 -9999.0 -9999.0 -9999.0 -9999.0 -9999.0 -9999.0 -9999.0 00173.685 00172.023 00170.373 00168.773 00168.098 00167.866 00167.643 00167.422 00167.205
-9999.0 -9999.0 -9999.0 -9999.0 -9999.0 -9999.0 -9999.0 -9999.0 -9999.0 -9999.0 -9999.0 -9999.0 -9999.0 -9999.0 -9999.0 -9999.0 -9999.0 -9999.0 00152.342 00153.544 00154.538 00155.097 00155.995 00156.507 00157.001 00157.513 00157.805 00158.433 00158.952 00159.520 00160.116 00160.656 00161.309 00162.081 00162.913 00163.819 00164.532 00165.453 00166.425 00166.943 00167.509 00167.935 00168.860 00170.471 00172.022 00173.548 -9999.000 -9999.0 -9999.0 -9999.0 -9999.0 -9999.0 -9999.000 00172.784 00171.161 00169.573 00168.379 00167.993 00167.772 00167.554 00167.340 00167.071
-9999.0 -9999.0 -9999.0 -9999.0 -9999.0 -9999.0 -9999.0 -9999.0 -9999.0 -9999.0 -9999.0 -9999.0 -9999.0 -9999.0 -9999.0 -9999.0 -9999.0 -9999.0 00151.380 00153.354 00154.383 00155.019 00155.910 00156.443 00156.958 00157.487 00157.802 00158.403 00158.886 00159.410 00159.989 00160.563 00161.128 00161.896 00162.683 00163.551 00163.904 00165.099 00166.007 00166.906 00167.297 00167.689 00168.078 00169.257 00170.797 00172.350 00173.856 -9999.0 -9999.0 -9999.0 -9999.0 -9999.000 00173.298 00171.701 00170.146 00168.681 00168.081 00167.858 00167.642 00167.427 00167.215 00166.928
-9999.0 -9999.0 -9999.0 -9999.0 -9999.0 -9999.0 -9999.0 -9999.0 -9999.0 -9999.0 -9999.0 -9999.0 -9999.0 -9999.0 -9999.0 -9999.0 -9999.0 -9999.0 -9999.0 00153.135 00154.203 00154.957 00155.807 00156.346 00156.862 00157.385 00157.751 00158.311 00158.786 00159.295 00159.850 00160.461 00160.933 00161.688 00162.444 00163.224 00163.886 00164.714 00165.557 00166.451 00166.933 00167.407 00167.779 00168.163 00169.604 00171.111 00172.677 -9999.000 -9999.0 -9999.0 -9999.0 00173.818 00172.257 00170.659 00169.043 00168.157 00167.931 00167.715 00167.503 00167.292 00166.941 00166.906
-9999.0 -9999.0 -9999.0 -9999.0 -9999.0 -9999.0 -9999.0 -9999.0 -9999.0 -9999.0 -9999.0 -9999.0 -9999.0 -9999.0 -9999.0 -9999.0 -9999.0 -9999.0 -9999.0 00152.854 00153.973 00154.882 00155.688 00156.235 00156.755 00157.276 00157.696 00158.180 00158.677 00159.175 00159.708 00160.306 00160.770 00161.468 00162.165 00162.919 00163.718 00163.909 00165.113 00165.906 00166.698 00167.062 00167.486 00167.856 00168.420 00169.930 00171.426 00172.989 -9999.000 -9999.0 -9999.000 00172.800 00171.196 00169.635 00168.417 00168.007 00167.788 00167.574 00167.363 00167.154 00166.918 00166.637
-9999.0 -9999.0 -9999.0 -9999.0 -9999.0 -9999.0 -9999.0 -9999.0 -9999.0 -9999.0 -9999.0 -9999.0 -9999.0 -9999.0 -9999.0 -9999.0 -9999.0 -9999.0 -9999.0 00152.506 00153.709 00154.694 00155.411 00156.107 00156.631 00157.147 00157.631 00158.010 00158.556 00159.033 00159.552 00160.128 00160.633 00161.193 00161.885 00162.583 00163.315 00163.887 00164.653 00165.357 00166.102 00166.873 00167.198 00167.561 00167.933 00168.658 00170.195 00171.582 00172.842 -9999.000 00172.778 00171.455 00170.100 00168.660 00168.077 00167.858 00167.646 00167.435 00167.225 00166.930 00166.795 00166.326
-9999.0 -9999.0 -9999.0 -9999.0 -9999.0 -9999.0 -9999.0 -9999.0 -9999.0 -9999.0 -9999.0 -9999.0 -9999.0 -9999.0 -9999.0 -9999.0 -9999.0 -9999.0 -9999.0 00151.394 00153.377 00154.419 00155.039 00155.945 00156.479 00156.994 00157.527 00157.823 00158.422 00158.885 00159.372 00159.905 00160.475 00160.910 00161.595 00162.242 00162.929 00163.682 00163.901 00164.831 00165.529 00166.252 00166.913 00167.272 00167.628 00167.990 00168.644 00169.855 00170.903 00172.114 00170.907 00169.814 00168.650 00168.106 00167.913 00167.699 00167.489 00167.282 00166.940 00166.907 00166.483 00166.037
