examples/flatland/Outputs/centerIgnit/b_RAWS/clockwise/1hr/flatland_centerIgnit_clockwise1hr_RAWS/flatland_centerIgnit_clockwise1hr_RAWS_ArrivalTime.asc
NCOLS 100
NROWS 100
XLLCORNER 20000.000000
YLLCORNER 20000.000000
CELLSIZE 30.000000
NODATA_VALUE -9999.0
[rows 28 to 55 of 100, columns 0 to 62 of 100]
-9999.0 -9999.0 -9999.0 -9999.0 -9999.0 -9999.0 -9999.0 -9999.0 -9999.0 -9999.0 -9999.0 -9999.0 -9999.0 -9999.0 -9999.0 -9999.0 -9999.0 -9999.0 -9999.0 -9999.0 -9999.0 -9999.0 -9999.0 -9999.0 -9999.0 00412.962 00401.185 00390.181 00379.317 00368.916 00358.906 00350.190 00341.953 00334.333 00326.780 00319.401 00312.106 00304.695 00296.461 00286.975 00277.979 00269.767 00261.612 00253.771 00245.607 00237.513 00228.805 00220.569 00213.712 00208.056 00203.059 00201.677 00204.783 00208.464 00212.956 00219.348 00225.781 00234.603 00243.761 00253.172 00264.726 00277.418 00290.844
-9999.0 -9999.0 -9999.0 -9999.0 -9999.0 -9999.0 -9999.0 -9999.0 -9999.0 -9999.0 -9999.0 -9999.0 -9999.0 -9999.0 -9999.0 -9999.0 -9999.0 -9999.0 -9999.0 -9999.0 -9999.0 -9999.0 -9999.0 -9999.0 00416.936 00404.988 00393.291 00381.864 00371.069 00360.468 00351.567 00342.836 00334.220 00325.852 00318.344 00310.846 00302.942 00293.746 00284.147 00274.708 00265.344 00256.023 00247.458 00238.254 00227.081 00216.178 00207.249 00198.733 00191.505 00185.271 00180.091 00178.601 00181.532 00185.540 00190.574 00196.861 00204.206 00213.221 00222.675 00232.635 00244.946 00257.460 00271.196
-9999.0 -9999.0 -9999.0 -9999.0 -9999.0 -9999.0 -9999.0 -9999.0 -9999.0 -9999.0 -9999.0 -9999.0 -9999.0 -9999.0 -9999.0 -9999.0 -9999.0 -9999.0 -9999.0 -9999.0 -9999.0 -9999.0 -9999.0 -9999.0 00409.063 00397.173 00385.459 00373.940 00362.886 00353.374 00344.359 00335.642 00326.993 00318.477 00309.902 00301.853 00292.236 00282.240 00272.421 00262.675 00253.321 00243.395 00230.936 00218.487 00207.251 00196.365 00186.015 00177.768 00170.546 00164.782 00159.935 00160.798 00163.725 00167.007 00171.508 00176.090 00183.306 00192.383 00201.708 00213.646 00225.716 00238.323 00251.878
-9999.0 -9999.0 -9999.0 -9999.0 -9999.0 -9999.0 -9999.0 -9999.0 -9999.0 -9999.0 -9999.0 -9999.0 -9999.0 -9999.0 -9999.0 -9999.0 -9999.0 -9999.0 -9999.0 -9999.0 -9999.0 -9999.0 -9999.0 00413.307 00401.287 00389.434 00377.735 00366.232 00355.703 00346.478 00337.525 00328.635 00319.923 00311.367 00302.331 00291.839 00280.980 00271.036 00261.178 00251.429 00240.882 00227.017 00213.552 00200.188 00187.825 00176.941 00166.358 00158.090 00150.807 00145.052 00140.165 00143.445 00146.691 00150.786 00155.309 00161.379 00167.740 00174.185 00183.110 00194.941 00207.321 00220.117 00233.065
-9999.0 -9999.0 -9999.0 -9999.0 -9999.0 -9999.0 -9999.0 -9999.0 -9999.0 -9999.0 -9999.0 -9999.0 -9999.0 -9999.0 -9999.0 -9999.0 -9999.0 -9999.0 -9999.0 -9999.0 -9999.0 -9999.0 00418.411 00405.838 00393.571 00381.752 00370.101 00358.809 00349.373 00340.023 00330.739 00321.864 00313.090 00303.938 00293.773 00282.850 00272.011 00261.251 00250.539 00238.942 00224.619 00210.487 00196.552 00183.103 00169.408 00157.881 00147.359 00138.588 00131.275 00125.285 00122.974 00126.485 00130.288 00134.726 00140.616 00146.907 00153.574 00161.585 00169.594 00177.951 00189.459 00202.416 00217.337
-9999.0 -9999.0 -9999.0 -9999.0 -9999.0 -9999.0 -9999.0 -9999.0 -9999.0 -9999.0 -9999.0 -9999.0 -9999.0 -9999.0 -9999.0 -9999.0 -9999.0 -9999.0 -9999.0 -9999.0 -9999.0 -9999.0 00411.223 00398.506 00386.139 00374.164 00362.524 00352.566 00343.118 00333.753 00324.527 00315.364 00306.105 00296.189 00285.096 00274.095 00263.215 00252.525 00240.933 00225.183 00209.194 00194.179 00180.128 00165.547 00151.738 00138.966 00128.557 00119.514 00114.600 00110.341 00110.928 00113.410 00116.283 00120.083 00126.301 00133.307 00141.275 00149.364 00157.661 00166.014 00175.378 00187.644 00202.404
-9999.0 -9999.0 -9999.0 -9999.0 -9999.0 -9999.0 -9999.0 -9999.0 -9999.0 -9999.0 -9999.0 -9999.0 -9999.0 -9999.0 -9999.0 -9999.0 -9999.0 -9999.0 -9999.0 -9999.0 -9999.0 00417.150 00404.147 00391.375 00378.920 00366.742 00355.873 00346.372 00336.961 00327.637 00318.381 00309.102 00299.373 00288.033 00276.785 00265.769 00254.920 00243.421 00228.369 00212.236 00196.440 00180.397 00162.795 00148.350 00134.269 00120.642 00113.053 00106.624 00101.711 00097.365 00100.145 00102.933 00106.284 00110.461 00115.291 00121.241 00129.323 00137.508 00146.736 00156.310 00165.901 00175.535 00187.928
-9999.0 -9999.0 -9999.0 -9999.0 -9999.0 -9999.0 -9999.0 -9999.0 -9999.0 -9999.0 -9999.0 -9999.0 -9999.0 -9999.0 -9999.0 -9999.0 -9999.0 -9999.0 -9999.0 -9999.0 -9999.0 00410.783 00397.168 00384.399 00371.833 00359.686 00349.898 00340.258 00330.867 00321.546 00312.333 00302.708 00291.795 00280.492 00269.311 00258.219 00246.813 00232.629 00216.032 00199.968 00183.853 00166.001 00148.064 00131.240 00117.943 00108.088 00100.234 00093.773 00088.768 00086.535 00089.539 00092.551 00096.702 00101.318 00106.912 00112.526 00118.940 00128.021 00137.493 00147.002 00156.640 00166.458 00176.323
-9999.0 -9999.0 -9999.0 -9999.0 -9999.0 -9999.0 -9999.0 -9999.0 -9999.0 -9999.0 -9999.0 -9999.0 -9999.0 -9999.0 -9999.0 -9999.0 -9999.0 -9999.0 -9999.0 -9999.0 00419.492 00405.033 00390.855 00377.520 00364.980 00354.017 00344.165 00334.503 00324.917 00315.554 00306.064 00295.709 00284.370 00273.126 00261.977 00250.911 00238.242 00221.545 00205.073 00188.712 00170.621 00152.018 00134.034 00117.064 00105.659 00095.753 00087.434 00080.882 00075.425 00075.900 00079.095 00082.984 00087.388 00092.960 00098.542 00105.106 00112.149 00119.184 00128.546 00138.220 00147.941 00157.712 00167.532
-9999.0 -9999.0 -9999.0 -9999.0 -9999.0 -9999.0 -9999.0 -9999.0 -9999.0 -9999.0 -9999.0 -9999.0 -9999.0 -9999.0 -9999.0 -9999.0 -9999.0 -9999.0 -9999.0 -9999.0 00413.968 00399.456 00385.213 00371.235 00358.510 00348.561 00338.702 00328.922 00319.310 00309.752 00299.772 00288.360 00277.061 00265.858 00254.745 00242.929 00227.273 00210.696 00194.329 00177.123 00157.844 00138.836 00120.270 00106.417 00093.322 00083.467 00074.653 00067.952 00061.875 00065.555 00069.316 00073.500 00079.045 00084.607 00091.305 00098.348 00105.446 00112.716 00119.988 00129.606 00139.280 00149.005 00158.799
-9999.0 -9999.0 -9999.0 -9999.0 -9999.0 -9999.0 -9999.0 -9999.0 -9999.0 -9999.0 -9999.0 -9999.0 -9999.0 -9999.0 -9999.0 -9999.0 -9999.0 -9999.0 -9999.0 -9999.0 00408.863 00394.007 00379.742 00365.708 00353.754 00343.202 00333.291 00323.557 00313.901 00303.950 00293.018 00281.562 00270.202 00258.937 00247.420 00233.204 00216.483 00200.000 00183.364 00164.449 00145.291 00126.330 00110.102 00095.815 00081.937 00071.189 00061.908 00056.578 00052.131 00055.942 00059.776 00065.129 00070.698 00077.550 00084.599 00091.750 00098.999 00106.250 00113.513 00121.046 00130.690 00140.392 00150.326
-9999.0 -9999.0 -9999.0 -9999.0 -9999.0 -9999.0 -9999.0 -9999.0 -9999.0 -9999.0 -9999.0 -9999.0 -9999.0 -9999.0 -9999.0 -9999.0 -9999.0 -9999.0 -9999.0 00419.023 00403.846 00389.052 00374.431 00360.319 00349.567 00339.044 00328.612 00318.253 00308.471 00298.178 00286.609 00275.135 00263.763 00252.482 00240.237 00223.330 00206.585 00190.007 00171.531 00151.905 00132.833 00115.200 00100.244 00085.377 00071.411 00059.276 00052.835 00047.711 00042.598 00046.824 00051.131 00056.617 00063.675 00070.886 00078.092 00085.321 00092.552 00099.792 00107.057 00114.398 00122.547 00132.419 00142.347
-9999.0 -9999.0 -9999.0 -9999.0 -9999.0 -9999.0 -9999.0 -9999.0 -9999.0 -9999.0 -9999.0 -9999.0 -9999.0 -9999.0 -9999.0 -9999.0 -9999.0 -9999.0 -9999.0 00415.038 00399.246 00384.096 00369.539 00356.299 00345.539 00334.992 00324.535 00314.201 00303.640 00292.196 00280.468 00268.852 00257.514 00245.767 00230.813 00213.861 00197.110 00179.918 00159.885 00140.118 00120.596 00105.383 00090.454 00075.582 00060.995 00051.593 00044.731 00038.924 00033.374 00037.774 00042.660 00048.737 00056.527 00064.262 00071.670 00078.888 00086.112 00093.360 00100.765 00108.292 00115.850 00124.996 00135.444
-9999.0 -9999.0 -9999.0 -9999.0 -9999.0 -9999.0 -9999.0 -9999.0 -9999.0 -9999.0 -9999.0 -9999.0 -9999.0 -9999.0 -9999.0 -9999.0 -9999.0 -9999.0 -9999.0 00411.147 00395.310 00379.775 00364.668 00352.648 00341.868 00331.184 00320.592 00310.214 00299.519 00287.754 00276.084 00264.511 00253.029 00240.626 00223.626 00206.592 00189.704 00170.076 00148.499 00128.615 00111.196 00095.595 00080.684 00065.836 00054.209 00044.976 00036.662 00030.453 00024.344 00029.006 00034.249 00041.372 00049.295 00057.400 00065.080 00072.464 00079.698 00087.157 00094.653 00102.484 00111.043 00119.606 00129.919
-9999.0 -9999.0 -9999.0 -9999.0 -9999.0 -9999.0 -9999.0 -9999.0 -9999.0 -9999.0 -9999.0 -9999.0 -9999.0 -9999.0 -9999.0 -9999.0 -9999.0 -9999.0 -9999.0 00407.396 00391.552 00375.924 00360.594 00349.237 00338.253 00327.599 00317.037 00306.404 00295.193 00283.446 00271.799 00260.261 00248.599 00234.501 00217.392 00200.475 00183.247 00162.215 00140.785 00119.587 00101.870 00086.228 00070.938 00057.490 00047.966 00038.525 00029.459 00022.389 00015.428 00020.467 00026.362 00034.127 00042.120 00050.176 00058.289 00065.970 00073.559 00081.031 00089.473 00098.013 00106.559 00115.295 00125.042
-9999.0 -9999.0 -9999.0 -9999.0 -9999.0 -9999.0 -9999.0 -9999.0 -9999.0 -9999.0 -9999.0 -9999.0 -9999.0 -9999.0 -9999.0 -9999.0 -9999.0 -9999.0 -9999.0 00404.427 00387.926 00372.252 00357.669 00346.469 00335.397 00324.419 00313.533 00302.779 00291.243 00279.531 00267.920 00256.411 00244.364 00228.731 00211.665 00194.800 00176.632 00154.783 00133.352 00113.143 00094.644 00076.864 00061.418 00051.225 00041.753 00032.363 00023.082 00014.333 00006.660 00012.010 00019.218 00027.063 00035.001 00042.996 00051.077 00059.434 00067.858 00076.504 00085.033 00093.723 00102.725 00111.739 00121.012
-9999.0 -9999.0 -9999.0 -9999.0 -9999.0 -9999.0 -9999.0 -9999.0 -9999.0 -9999.0 -9999.0 -9999.0 -9999.0 -9999.0 -9999.0 -9999.0 -9999.0 -9999.0 00418.455 00401.738 00385.260 00369.005 00355.013 00343.816 00332.723 00321.733 00310.852 00299.769 00287.996 00276.323 00264.752 00253.278 00240.938 00224.285 00207.489 00190.875 00171.365 00149.339 00127.574 00107.243 00088.292 00069.840 00054.842 00045.055 00035.586 00026.249 00016.995 00007.823 0.0 00000.000 00012.211 00020.042 00027.930 00035.875 00043.995 00053.163 00063.155 00072.221 00081.217 00090.196 00099.326 00108.598 00117.954
-9999.0 -9999.0 -9999.0 -9999.0 -9999.0 -9999.0 -9999.0 -9999.0 -9999.0 -9999.0 -9999.0 -9999.0 -9999.0 -9999.0 -9999.0 -9999.0 -9999.0 -9999.0 00416.650 00399.437 00382.605 00366.390 00353.040 00341.602 00330.270 00319.149 00308.213 00296.969 00285.222 00273.575 00262.028 00250.544 00237.248 00220.298 00203.826 00187.292 00166.936 00144.854 00122.987 00102.625 00083.072 00063.606 00050.369 00039.006 00029.452 00020.170 00010.967 00000.000 0.0 0.0 00000.000 00013.063 00020.901 00028.822 00037.250 00047.686 00058.640 00068.555 00077.742 00086.908 00096.177 00105.536 00115.563
-9999.0 -9999.0 -9999.0 -9999.0 -9999.0 -9999.0 -9999.0 -9999.0 -9999.0 -9999.0 -9999.0 -9999.0 -9999.0 -9999.0 -9999.0 -9999.0 -9999.0 -9999.0 00415.031 00397.651 00380.703 00363.976 00351.181 00339.760 00328.444 00317.231 00306.026 00294.536 00282.873 00271.314 00259.857 00248.246 00234.321 00217.709 00201.288 00184.711 00163.696 00141.544 00119.439 00098.832 00078.617 00059.147 00046.488 00034.477 00023.398 00014.116 00000.000 0.0 0.0 0.0 0.0 00000.000 00013.916 00021.798 00031.736 00042.387 00053.620 00064.535 00074.960 00085.617 00096.203 00106.755 00117.290
-9999.0 -9999.0 -9999.0 -9999.0 -9999.0 -9999.0 -9999.0 -9999.0 -9999.0 -9999.0 -9999.0 -9999.0 -9999.0 -9999.0 -9999.0 -9999.0 -9999.0 -9999.0 00414.014 00396.412 00379.075 00362.243 00349.876 00338.279 00326.788 00315.422 00304.224 00292.678 00281.037 00269.496 00258.058 00246.377 00232.041 00215.764 00199.658 00182.851 00160.986 00139.325 00119.422 00097.410 00075.409 00055.790 00042.815 00030.373 00018.486 00008.105 0.0 0.0 0.0 0.0 0.0 0.0 00000.000 00015.717 00025.945 00036.860 00052.600 00066.471 00077.290 00087.714 00098.173 00108.656 00119.165
-9999.0 -9999.0 -9999.0 -9999.0 -9999.0 -9999.0 -9999.0 -9999.0 -9999.0 -9999.0 -9999.0 -9999.0 -9999.0 -9999.0 -9999.0 -9999.0 -9999.0 -9999.0 00413.435 00395.591 00378.097 00360.989 00348.850 00337.122 00325.602 00314.228 00302.873 00291.300 00279.753 00268.305 00256.954 00245.181 00230.577 00214.353 00198.120 00183.650 00164.663 00144.810 00125.293 00104.209 00082.925 00061.851 00045.098 00028.508 00013.651 00000.000 0.0 0.0 0.0 0.0 0.0 0.0 00000.000 00009.243 00024.607 00040.983 00056.763 00069.285 00079.808 00090.260 00100.735 00111.233 00121.647
-9999.0 -9999.0 -9999.0 -9999.0 -9999.0 -9999.0 -9999.0 -9999.0 -9999.0 -9999.0 -9999.0 -9999.0 -9999.0 -9999.0 -9999.0 -9999.0 -9999.0 -9999.0 00413.458 00394.990 00377.430 00360.138 00348.215 00336.466 00324.856 00313.350 00301.893 00290.347 00278.865 00267.468 00256.153 00244.352 00229.406 00215.027 00201.211 00187.306 00169.834 00150.365 00131.332 00111.633 00090.694 00070.041 00052.171 00036.588 00020.739 00000.000 0.0 0.0 0.0 0.0 0.0 0.0 0.0 00014.726 00030.588 00046.254 00061.530 00072.896 00083.378 00093.849 00104.341 00114.852 00124.871
-9999.0 -9999.0 -9999.0 -9999.0 -9999.0 -9999.0 -9999.0 -9999.0 -9999.0 -9999.0 -9999.0 -9999.0 -9999.0 -9999.0 -9999.0 -9999.0 -9999.0 -9999.0 00416.523 00397.340 00378.422 00359.804 00347.683 00335.900 00324.243 00312.708 00301.261 00289.688 00278.179 00266.752 00256.091 00245.093 00232.151 00218.180 00204.440 00191.125 00175.566 00156.667 00138.334 00120.211 00100.156 00080.117 00060.290 00045.248 00030.495 00016.015 00000.000 0.0 0.0 0.0 0.0 0.0 00000.000 00023.461 00038.587 00053.966 00066.987 00077.525 00087.743 00097.981 00108.247 00118.694 00128.438
-9999.0 -9999.0 -9999.0 -9999.0 -9999.0 -9999.0 -9999.0 -9999.0 -9999.0 -9999.0 -9999.0 -9999.0 -9999.0 -9999.0 -9999.0 -9999.0 -9999.0 -9999.0 00419.875 00400.555 00381.533 00362.878 00349.599 00337.396 00325.303 00313.314 00301.420 00290.380 00279.551 00268.825 00258.206 00247.438 00235.282 00221.387 00208.092 00194.976 00181.701 00163.761 00146.031 00129.219 00110.355 00091.642 00073.756 00056.705 00041.958 00027.421 00013.073 0.0 0.0 0.0 0.0 00000.000 00018.420 00033.321 00048.453 00062.767 00073.615 00083.709 00093.896 00104.118 00114.372 00123.992 00132.662
-9999.0 -9999.0 -9999.0 -9999.0 -9999.0 -9999.0 -9999.0 -9999.0 -9999.0 -9999.0 -9999.0 -9999.0 -9999.0 -9999.0 -9999.0 -9999.0 -9999.0 -9999.0 -9999.0 00404.250 00385.075 00366.294 00351.835 00339.615 00327.514 00315.531 00303.652 00292.448 00281.628 00270.985 00260.480 00250.001 00238.620 00225.249 00211.983 00199.591 00186.954 00171.683 00154.687 00137.888 00122.613 00105.069 00087.365 00069.937 00053.649 00038.954 00024.444 00000.000 0.0 0.0 0.0 00013.420 00028.264 00043.307 00058.573 00070.192 00080.290 00090.361 00100.453 00110.572 00120.606 00129.267 00137.667
-9999.0 -9999.0 -9999.0 -9999.0 -9999.0 -9999.0 -9999.0 -9999.0 -9999.0 -9999.0 -9999.0 -9999.0 -9999.0 -9999.0 -9999.0 -9999.0 -9999.0 -9999.0 -9999.0 00408.780 00389.461 00370.426 00354.472 00342.190 00330.030 00317.987 00306.062 00294.735 00284.042 00273.431 00263.083 00252.860 00242.106 00229.282 00216.768 00204.356 00192.578 00180.295 00163.512 00147.889 00133.619 00118.785 00101.243 00083.770 00066.360 00050.608 00035.951 00021.538 00000.000 0.0 00000.000 00023.319 00038.264 00053.388 00066.415 00076.877 00086.953 00097.037 00107.141 00117.267 00126.304 00134.648 00142.788
-9999.0 -9999.0 -9999.0 -9999.0 -9999.0 -9999.0 -9999.0 -9999.0 -9999.0 -9999.0 -9999.0 -9999.0 -9999.0 -9999.0 -9999.0 -9999.0 -9999.0 -9999.0 -9999.0 00414.037 00394.445 00375.181 00357.483 00345.143 00332.931 00320.841 00308.869 00297.326 00286.836 00276.426 00266.096 00255.849 00245.627 00234.144 00221.579 00209.669 00198.312 00186.841 00172.989 00158.508 00144.243 00130.558 00115.164 00097.640 00080.188 00063.147 00048.045 00034.502 00022.990 00000.000 00023.554 00035.766 00048.994 00063.121 00073.822 00083.779 00093.697 00103.738 00113.856 00123.392 00131.900 00140.030 00148.190
-9999.0 -9999.0 -9999.0 -9999.0 -9999.0 -9999.0 -9999.0 -9999.0 -9999.0 -9999.0 -9999.0 -9999.0 -9999.0 -9999.0 -9999.0 -9999.0 -9999.0 -9999.0 -9999.0 00419.855 00400.174 00380.806 00361.732 00348.759 00336.508 00324.377 00312.363 00300.468 00289.901 00279.551 00269.524 00259.580 00249.649 00239.019 00226.962 00215.453 00204.211 00193.103 00182.721 00169.169 00155.167 00141.419 00127.585 00111.575 00094.565 00077.662 00063.357 00051.393 00041.095 00029.867 00041.059 00051.781 00063.285 00072.545 00081.186 00091.172 00101.138 00111.083 00120.873 00129.173 00137.311 00145.432 00153.613
