examples/flatland/Outputs/centerIgnit/c_atmRAWS/clockwise/3hr/flatland_centerIgnit_clockwise3hr_atmRAWS/flatland_centerIgnit_clockwise3hr_atmRAWS_ReactionIntensity.asc
NCOLS 100
NROWS 100
XLLCORNER 20000.000000
YLLCORNER 20000.000000
CELLSIZE 30.000000
NODATA_VALUE -9999.0
[rows 28 to 55 of 100, columns 0 to 62 of 100]
-9999.0 -9999.0 -9999.0 -9999.0 -9999.0 -9999.0 -9999.0 -9999.0 -9999.0 -9999.0 -9999.0 -9999.0 -9999.0 -9999.0 -9999.0 -9999.0 -9999.0 -9999.0 -9999.0 -9999.0 -9999.0 -9999.0 -9999.0 -9999.0 -9999.0 -9999.0 -9999.0 00153.068 00154.388 00155.294 00156.338 00157.101 00157.727 00158.513 00159.285 00160.171 00160.873 00161.717 00162.527 00163.368 00163.889 00164.434 00164.747 00164.995 00165.243 00165.438 00165.611 00165.760 00165.822 00165.726 00165.617 00165.476 00165.280 00165.079 00164.813 00164.542 00163.912 00163.884 00163.522 00163.024 00162.561 00162.113 00161.680
-9999.0 -9999.0 -9999.0 -9999.0 -9999.0 -9999.0 -9999.0 -9999.0 -9999.0 -9999.0 -9999.0 -9999.0 -9999.0 -9999.0 -9999.0 -9999.0 -9999.0 -9999.0 -9999.0 -9999.0 -9999.0 -9999.0 -9999.0 -9999.0 -9999.0 -9999.0 00152.337 00153.827 00154.921 00155.989 00156.794 00157.571 00158.247 00159.012 00159.856 00160.681 00161.529 00162.361 00163.261 00163.897 00164.507 00164.837 00165.165 00165.448 00165.707 00165.926 00166.119 00166.273 00166.349 00166.246 00166.124 00165.974 00165.759 00165.541 00165.253 00164.962 00164.659 00163.914 00163.884 00163.514 00162.997 00162.515 00162.063
-9999.0 -9999.0 -9999.0 -9999.0 -9999.0 -9999.0 -9999.0 -9999.0 -9999.0 -9999.0 -9999.0 -9999.0 -9999.0 -9999.0 -9999.0 -9999.0 -9999.0 -9999.0 -9999.0 -9999.0 -9999.0 -9999.0 -9999.0 -9999.0 -9999.0 -9999.0 00153.036 00154.429 00155.548 00156.441 00157.236 00157.825 00158.728 00159.554 00160.462 00161.230 00162.116 00163.053 00163.885 00164.514 00164.904 00165.251 00165.596 00165.918 00166.187 00166.432 00166.638 00166.807 00166.896 00166.784 00166.648 00166.477 00166.255 00166.003 00165.704 00165.397 00165.044 00164.660 00163.914 00163.881 00163.455 00162.944 00162.465
-9999.0 -9999.0 -9999.0 -9999.0 -9999.0 -9999.0 -9999.0 -9999.0 -9999.0 -9999.0 -9999.0 -9999.0 -9999.0 -9999.0 -9999.0 -9999.0 -9999.0 -9999.0 -9999.0 -9999.0 -9999.0 -9999.0 -9999.0 -9999.0 -9999.0 -9999.0 00153.634 00154.879 00155.982 00156.882 00157.632 00158.401 00159.212 00160.146 00160.900 00161.811 00162.746 00163.792 00164.420 00164.855 00165.301 00165.676 00166.039 00166.391 00166.683 00166.907 00166.924 00166.938 00166.947 00166.937 00166.925 00166.910 00166.769 00166.479 00166.168 00165.839 00165.437 00165.041 00164.638 00163.910 00163.878 00163.397 00162.890
-9999.0 -9999.0 -9999.0 -9999.0 -9999.0 -9999.0 -9999.0 -9999.0 -9999.0 -9999.0 -9999.0 -9999.0 -9999.0 -9999.0 -9999.0 -9999.0 -9999.0 -9999.0 -9999.0 -9999.0 -9999.0 -9999.0 -9999.0 -9999.0 -9999.0 00152.649 00154.146 00155.058 00156.344 00157.230 00157.936 00158.844 00159.734 00160.633 00161.509 00162.412 00163.423 00163.912 00164.754 00165.207 00165.672 00166.114 00166.490 00166.860 00166.926 00166.966 00167.184 00167.256 00167.299 00167.252 00167.196 00167.046 00166.934 00166.908 00166.647 00166.259 00165.837 00165.422 00165.002 00164.594 00163.907 00163.869 00163.321
-9999.0 -9999.0 -9999.0 -9999.0 -9999.0 -9999.0 -9999.0 -9999.0 -9999.0 -9999.0 -9999.0 -9999.0 -9999.0 -9999.0 -9999.0 -9999.0 -9999.0 -9999.0 -9999.0 -9999.0 -9999.0 -9999.0 -9999.0 -9999.0 -9999.0 00153.201 00154.581 00155.745 00156.684 00157.575 00158.394 00159.321 00160.294 00161.115 00162.062 00163.053 00163.890 00164.596 00165.077 00165.566 00166.044 00166.540 00166.907 00166.937 00167.186 00167.288 00167.375 00167.452 00167.501 00167.446 00167.391 00167.311 00167.218 00166.954 00166.921 00166.690 00166.257 00165.809 00165.375 00164.957 00164.549 00163.902 00163.769
-9999.0 -9999.0 -9999.0 -9999.0 -9999.0 -9999.0 -9999.0 -9999.0 -9999.0 -9999.0 -9999.0 -9999.0 -9999.0 -9999.0 -9999.0 -9999.0 -9999.0 -9999.0 -9999.0 -9999.0 -9999.0 -9999.0 -9999.0 -9999.0 -9999.0 00153.702 00154.910 00156.072 00156.996 00157.764 00158.730 00159.724 00160.722 00161.660 00162.639 00163.744 00164.433 00164.909 00165.403 00165.913 00166.422 00166.905 00166.944 00167.226 00167.361 00167.473 00167.569 00167.648 00167.705 00167.647 00167.586 00167.503 00167.397 00167.281 00167.124 00166.921 00166.671 00166.209 00165.762 00165.327 00164.898 00164.473 00163.895
-9999.0 -9999.0 -9999.0 -9999.0 -9999.0 -9999.0 -9999.0 -9999.0 -9999.0 -9999.0 -9999.0 -9999.0 -9999.0 -9999.0 -9999.0 -9999.0 -9999.0 -9999.0 -9999.0 -9999.0 -9999.0 -9999.0 -9999.0 -9999.0 00152.487 00154.051 00155.038 00156.375 00157.303 00158.089 00159.084 00160.151 00161.100 00162.193 00163.251 00163.906 00164.740 00165.231 00165.737 00166.264 00166.806 00166.937 00167.238 00167.396 00167.533 00167.661 00167.763 00167.848 00167.912 00167.851 00167.780 00167.696 00167.578 00167.460 00167.298 00167.113 00166.918 00166.619 00166.161 00165.712 00165.256 00164.815 00163.997
-9999.0 -9999.0 -9999.0 -9999.0 -9999.0 -9999.0 -9999.0 -9999.0 -9999.0 -9999.0 -9999.0 -9999.0 -9999.0 -9999.0 -9999.0 -9999.0 -9999.0 -9999.0 -9999.0 -9999.0 -9999.0 -9999.0 -9999.0 -9999.0 00152.902 00154.369 00155.541 00156.608 00157.572 00158.456 00159.427 00160.522 00161.521 00162.623 00163.876 00164.533 00165.038 00165.562 00166.083 00166.620 00166.925 00167.195 00167.381 00167.568 00167.708 00167.850 00167.953 00168.050 00168.123 00168.056 00167.976 00167.882 00167.761 00167.622 00167.458 00167.289 00167.033 00166.914 00166.569 00166.094 00165.627 00165.134 00164.618
-9999.0 -9999.0 -9999.0 -9999.0 -9999.0 -9999.0 -9999.0 -9999.0 -9999.0 -9999.0 -9999.0 -9999.0 -9999.0 -9999.0 -9999.0 -9999.0 -9999.0 -9999.0 -9999.0 -9999.0 -9999.0 -9999.0 -9999.0 -9999.0 00153.261 00154.655 00155.838 00156.832 00157.702 00158.694 00159.768 00160.788 00161.892 00163.076 00163.905 00164.811 00165.339 00165.879 00166.430 00166.909 00167.076 00167.328 00167.525 00167.716 00167.885 00168.027 00168.147 00168.456 00168.733 00168.490 00168.200 00168.069 00167.946 00167.784 00167.616 00167.442 00167.270 00166.950 00166.909 00166.484 00165.988 00165.434 00164.896
-9999.0 -9999.0 -9999.0 -9999.0 -9999.0 -9999.0 -9999.0 -9999.0 -9999.0 -9999.0 -9999.0 -9999.0 -9999.0 -9999.0 -9999.0 -9999.0 -9999.0 -9999.0 -9999.0 -9999.0 -9999.0 -9999.0 -9999.0 -9999.0 00153.510 00154.858 00156.025 00157.036 00157.825 00158.932 00160.057 00161.103 00162.280 00163.531 00164.446 00165.035 00165.650 00166.205 00166.777 00166.938 00167.260 00167.462 00167.666 00167.864 00168.060 00168.306 00168.756 00169.265 00169.763 00169.322 00168.867 00168.476 00168.117 00167.946 00167.771 00167.596 00167.423 00167.252 00166.941 00166.884 00166.303 00165.734 00165.182
-9999.0 -9999.0 -9999.0 -9999.0 -9999.0 -9999.0 -9999.0 -9999.0 -9999.0 -9999.0 -9999.0 -9999.0 -9999.0 -9999.0 -9999.0 -9999.0 -9999.0 -9999.0 -9999.0 -9999.0 -9999.0 -9999.0 -9999.0 -9999.0 00153.746 00154.935 00156.191 00157.194 00158.054 00159.150 00160.342 00161.389 00162.573 00163.879 00164.648 00165.252 00165.880 00166.538 00166.920 00167.189 00167.392 00167.595 00167.801 00168.010 00168.313 00168.928 00169.684 00170.228 00170.720 00170.316 00169.869 00169.246 00168.562 00168.107 00167.929 00167.752 00167.577 00167.400 00167.221 00166.929 00166.626 00166.039 00165.422
-9999.0 -9999.0 -9999.0 -9999.0 -9999.0 -9999.0 -9999.0 -9999.0 -9999.0 -9999.0 -9999.0 -9999.0 -9999.0 -9999.0 -9999.0 -9999.0 -9999.0 -9999.0 -9999.0 -9999.0 -9999.0 -9999.0 -9999.0 00152.280 00153.898 00154.987 00156.316 00157.337 00158.284 00159.324 00160.519 00161.630 00162.877 00163.899 00164.816 00165.468 00166.114 00166.785 00166.955 00167.313 00167.524 00167.730 00167.938 00168.148 00168.805 00169.821 00170.514 00171.133 00171.687 00171.254 00170.713 00170.113 00169.256 00168.508 00168.088 00167.909 00167.731 00167.549 00167.352 00167.097 00166.906 00166.295 00165.668
-9999.0 -9999.0 -9999.0 -9999.0 -9999.0 -9999.0 -9999.0 -9999.0 -9999.0 -9999.0 -9999.0 -9999.0 -9999.0 -9999.0 -9999.0 -9999.0 -9999.0 -9999.0 -9999.0 -9999.0 -9999.0 -9999.0 -9999.0 00152.446 00154.021 00155.028 00156.416 00157.447 00158.397 00159.480 00160.651 00161.813 00163.103 00163.916 00164.968 00165.638 00166.339 00166.913 00167.193 00167.439 00167.653 00167.867 00168.075 00168.573 00169.524 00170.489 00171.354 00172.047 00172.686 00172.212 00171.599 00170.853 00170.050 00169.147 00168.442 00168.068 00167.885 00167.695 00167.472 00167.252 00166.928 00166.557 00165.881
-9999.0 -9999.0 -9999.0 -9999.0 -9999.0 -9999.0 -9999.0 -9999.0 -9999.0 -9999.0 -9999.0 -9999.0 -9999.0 -9999.0 -9999.0 -9999.0 -9999.0 -9999.0 -9999.0 -9999.0 -9999.0 -9999.0 -9999.0 00152.556 00154.101 00155.055 00156.482 00157.516 00158.482 00159.598 00160.746 00161.958 00163.307 00164.418 00165.092 00165.794 00166.509 00166.931 00167.280 00167.531 00167.781 00167.999 00168.332 00169.137 00170.182 00171.150 00172.135 00172.906 00173.607 00173.114 00172.470 00171.609 00170.770 00169.960 00169.043 00168.372 00168.041 00167.816 00167.591 00167.349 00166.989 00166.780 00166.094
-9999.0 -9999.0 -9999.0 -9999.0 -9999.0 -9999.0 -9999.0 -9999.0 -9999.0 -9999.0 -9999.0 -9999.0 -9999.0 -9999.0 -9999.0 -9999.0 -9999.0 -9999.0 -9999.0 -9999.0 -9999.0 -9999.0 -9999.0 00152.616 00154.153 00155.076 00156.533 00157.575 00158.547 00159.681 00160.815 00162.082 00163.471 00164.498 00165.192 00165.909 00166.664 00166.944 00167.355 00167.620 00167.878 00168.131 00168.786 00169.856 00170.809 00171.799 00172.822 00173.732 00162.036 00174.004 00173.225 00172.384 00171.517 00170.679 00169.874 00168.910 00168.172 00167.936 00167.693 00167.448 00167.192 00166.911 00166.289
-9999.0 -9999.0 -9999.0 -9999.0 -9999.0 -9999.0 -9999.0 -9999.0 -9999.0 -9999.0 -9999.0 -9999.0 -9999.0 -9999.0 -9999.0 -9999.0 -9999.0 -9999.0 -9999.0 -9999.0 -9999.0 -9999.0 -9999.0 00152.569 00154.044 00155.012 00156.405 00157.475 00158.474 00159.634 00160.812 00162.129 00163.598 00164.573 00165.274 00166.017 00166.784 00167.114 00167.418 00167.692 00167.966 00168.386 00169.454 00170.481 00171.456 00172.474 00173.442 00174.422 -9999.0 -9999.000 00173.947 00173.129 00172.256 00171.425 00170.583 00169.648 00168.587 00168.043 00167.791 00167.533 00167.276 00166.925 00166.293
-9999.0 -9999.0 -9999.0 -9999.0 -9999.0 -9999.0 -9999.0 -9999.0 -9999.0 -9999.0 -9999.0 -9999.0 -9999.0 -9999.0 -9999.0 -9999.0 -9999.0 -9999.0 -9999.0 -9999.0 -9999.0 -9999.0 -9999.0 00152.309 00153.839 00154.934 00156.217 00157.286 00158.283 00159.402 00160.636 00161.862 00163.256 00164.438 00165.232 00166.087 00166.894 00167.184 00167.470 00167.752 00168.036 00168.684 00169.948 00171.108 00172.121 00173.115 00174.081 -9999.000 -9999.0 -9999.0 -9999.000 00173.855 00173.039 00172.202 00171.289 00170.219 00169.010 00168.146 00167.888 00167.622 00167.287 00166.917 00166.205
-9999.0 -9999.0 -9999.0 -9999.0 -9999.0 -9999.0 -9999.0 -9999.0 -9999.0 -9999.0 -9999.0 -9999.0 -9999.0 -9999.0 -9999.0 -9999.0 -9999.0 -9999.0 -9999.0 -9999.0 -9999.0 -9999.0 -9999.0 -9999.0 00153.597 00154.835 00155.996 00157.069 00157.962 00159.149 00160.434 00161.587 00162.926 00163.910 00165.045 00165.866 00166.756 00167.178 00167.520 00167.813 00168.104 00168.949 00170.351 00171.576 00172.786 00173.742 -9999.000 -9999.0 -9999.0 -9999.0 -9999.0 -9999.000 00173.763 00172.954 00171.881 00170.746 00169.600 00168.465 00167.904 00167.562 00167.235 00166.906 00166.072
-9999.0 -9999.0 -9999.0 -9999.0 -9999.0 -9999.0 -9999.0 -9999.0 -9999.0 -9999.0 -9999.0 -9999.0 -9999.0 -9999.0 -9999.0 -9999.0 -9999.0 -9999.0 -9999.0 -9999.0 -9999.0 -9999.0 -9999.0 -9999.0 00153.295 00154.570 00155.737 00156.828 00157.746 00158.867 00160.087 00161.243 00162.531 00163.884 00164.816 00165.636 00166.503 00166.943 00167.418 00167.759 00168.117 00169.351 00170.699 00172.038 00173.313 00174.391 -9999.0 -9999.0 -9999.0 -9999.0 -9999.0 -9999.0 -9999.000 00173.580 00172.520 00171.347 00169.718 00168.202 00167.834 00167.499 00167.169 00166.746 00165.868
-9999.0 -9999.0 -9999.0 -9999.0 -9999.0 -9999.0 -9999.0 -9999.0 -9999.0 -9999.0 -9999.0 -9999.0 -9999.0 -9999.0 -9999.0 -9999.0 -9999.0 -9999.0 -9999.0 -9999.0 -9999.0 -9999.0 -9999.0 -9999.0 00152.965 00154.279 00155.069 00156.522 00157.574 00158.555 00159.705 00160.844 00162.119 00163.516 00164.550 00165.351 00166.209 00166.920 00167.308 00167.645 00167.987 00168.757 00170.491 00172.251 00173.809 -9999.000 -9999.0 -9999.0 -9999.0 -9999.0 -9999.0 -9999.0 -9999.000 00174.287 00172.661 00170.913 00169.242 00168.097 00167.754 00167.417 00166.944 00166.498 00165.626
-9999.0 -9999.0 -9999.0 -9999.0 -9999.0 -9999.0 -9999.0 -9999.0 -9999.0 -9999.0 -9999.0 -9999.0 -9999.0 -9999.0 -9999.0 -9999.0 -9999.0 -9999.0 -9999.0 -9999.0 -9999.0 -9999.0 -9999.0 -9999.0 00152.529 00153.926 00154.941 00156.205 00157.242 00158.172 00159.270 00160.507 00161.648 00162.957 00163.910 00165.045 00165.878 00166.766 00167.180 00167.512 00167.851 00168.272 00169.766 00171.360 00173.086 -9999.000 -9999.0 -9999.0 -9999.0 -9999.0 -9999.0 -9999.0 -9999.0 00173.684 00172.020 00170.365 00168.706 00167.976 00167.633 00167.296 00166.917 00166.177 00165.317
-9999.0 -9999.0 -9999.0 -9999.0 -9999.0 -9999.0 -9999.0 -9999.0 -9999.0 -9999.0 -9999.0 -9999.0 -9999.0 -9999.0 -9999.0 -9999.0 -9999.0 -9999.0 -9999.0 -9999.0 -9999.0 -9999.0 -9999.0 -9999.0 -9999.0 00153.555 00154.696 00155.798 00156.858 00157.750 00158.851 00160.041 00161.149 00162.366 00163.747 00164.649 00165.453 00166.307 00166.928 00167.341 00167.679 00168.022 00168.837 00170.465 00172.019 00173.547 -9999.000 -9999.0 -9999.0 -9999.0 -9999.0 -9999.0 -9999.000 00172.782 00171.156 00169.561 00168.160 00167.821 00167.485 00167.155 00166.709 00165.832 00165.010
-9999.0 -9999.0 -9999.0 -9999.0 -9999.0 -9999.0 -9999.0 -9999.0 -9999.0 -9999.0 -9999.0 -9999.0 -9999.0 -9999.0 -9999.0 -9999.0 -9999.0 -9999.0 -9999.0 -9999.0 -9999.0 -9999.0 -9999.0 -9999.0 -9999.0 00153.068 00154.298 00155.054 00156.460 00157.491 00158.417 00159.471 00160.621 00161.756 00163.008 00163.908 00165.028 00165.856 00166.708 00167.145 00167.464 00167.787 00168.115 00169.236 00170.792 00172.347 00173.855 -9999.0 -9999.0 -9999.0 -9999.0 -9999.000 00173.296 00171.697 00170.139 00168.579 00167.950 00167.619 00167.289 00166.917 00166.188 00165.343 00164.558
-9999.0 -9999.0 -9999.0 -9999.0 -9999.0 -9999.0 -9999.0 -9999.0 -9999.0 -9999.0 -9999.0 -9999.0 -9999.0 -9999.0 -9999.0 -9999.0 -9999.0 -9999.0 -9999.0 -9999.0 -9999.0 -9999.0 -9999.0 -9999.0 -9999.0 00152.522 00153.851 00154.890 00155.995 00157.000 00157.809 00158.926 00160.061 00161.122 00162.322 00163.605 00164.507 00165.269 00166.082 00166.906 00167.226 00167.539 00167.859 00168.230 00169.593 00171.106 00172.675 -9999.000 -9999.0 -9999.0 -9999.0 00173.818 00172.254 00170.652 00169.016 00168.064 00167.730 00167.402 00166.943 00166.517 00165.668 00164.866 00163.903
-9999.0 -9999.0 -9999.0 -9999.0 -9999.0 -9999.0 -9999.0 -9999.0 -9999.0 -9999.0 -9999.0 -9999.0 -9999.0 -9999.0 -9999.0 -9999.0 -9999.0 -9999.0 -9999.0 -9999.0 -9999.0 -9999.0 -9999.0 -9999.0 -9999.0 -9999.0 00153.359 00154.454 00155.154 00156.510 00157.487 00158.394 00159.427 00160.562 00161.570 00162.683 00163.879 00164.702 00165.465 00166.272 00166.920 00167.289 00167.604 00167.925 00168.456 00169.923 00171.422 00172.987 -9999.000 -9999.0 -9999.000 00172.798 00171.191 00169.625 00168.212 00167.843 00167.512 00167.189 00166.815 00165.950 00165.135 00164.348 00163.828
-9999.0 -9999.0 -9999.0 -9999.0 -9999.0 -9999.0 -9999.0 -9999.0 -9999.0 -9999.0 -9999.0 -9999.0 -9999.0 -9999.0 -9999.0 -9999.0 -9999.0 -9999.0 -9999.0 -9999.0 -9999.0 -9999.0 -9999.0 -9999.0 -9999.0 -9999.0 00152.731 00153.939 00154.890 00155.969 00156.960 00157.778 00158.785 00159.798 00160.782 00161.855 00162.983 00163.897 00164.855 00165.627 00166.443 00166.935 00167.354 00167.670 00167.990 00168.659 00170.188 00171.578 00172.841 -9999.000 00172.777 00171.451 00170.093 00168.547 00167.943 00167.618 00167.297 00166.920 00166.236 00165.405 00164.623 00163.888 00163.334
-9999.0 -9999.0 -9999.0 -9999.0 -9999.0 -9999.0 -9999.0 -9999.0 -9999.0 -9999.0 -9999.0 -9999.0 -9999.0 -9999.0 -9999.0 -9999.0 -9999.0 -9999.0 -9999.0 -9999.0 -9999.0 -9999.0 -9999.0 -9999.0 -9999.0 -9999.0 -9999.0 00153.361 00154.425 00155.065 00156.404 00157.311 00158.084 00159.059 00160.111 00161.032 00162.090 00163.231 00163.912 00165.012 00165.789 00166.617 00166.951 00167.405 00167.715 00168.035 00168.625 00169.848 00170.899 00172.112 00170.903 00169.808 00168.541 00167.997 00167.700 00167.376 00166.938 00166.482 00165.655 00164.872 00163.904 00163.585 00162.871
