examples/flatland/Outputs/centerIgnit/c_atmRAWS/clockwise/3hr/flatland_centerIgnit_clockwise3hr_atmRAWS/flatland_centerIgnit_clockwise3hr_atmRAWS_ArrivalTime.asc
NCOLS 100
NROWS 100
XLLCORNER 20000.000000
YLLCORNER 20000.000000
CELLSIZE 30.000000
NODATA_VALUE -9999.0
[rows 28 to 55 of 100, columns 0 to 62 of 100]
-9999.0 -9999.0 -9999.0 -9999.0 -9999.0 -9999.0 -9999.0 -9999.0 -9999.0 -9999.0 -9999.0 -9999.0 -9999.0 -9999.0 -9999.0 -9999.0 -9999.0 -9999.0 -9999.0 -9999.0 -9999.0 -9999.0 -9999.0 -9999.0 -9999.0 -9999.0 -9999.0 00405.409 00381.447 00358.349 00339.831 00321.887 00304.707 00287.834 00271.204 00254.954 00239.512 00224.746 00210.576 00197.604 00186.779 00177.663 00171.013 00165.907 00160.842 00157.005 00153.630 00150.778 00149.489 00151.377 00153.519 00156.257 00160.098 00164.200 00169.588 00175.392 00181.436 00188.166 00195.433 00202.704 00210.041 00217.665 00225.402
-9999.0 -9999.0 -9999.0 -9999.0 -9999.0 -9999.0 -9999.0 -9999.0 -9999.0 -9999.0 -9999.0 -9999.0 -9999.0 -9999.0 -9999.0 -9999.0 -9999.0 -9999.0 -9999.0 -9999.0 -9999.0 -9999.0 -9999.0 -9999.0 -9999.0 -9999.0 00416.606 00392.271 00368.464 00347.820 00329.153 00311.048 00293.688 00276.888 00260.371 00244.158 00228.208 00213.428 00199.119 00185.103 00176.123 00169.087 00162.459 00156.790 00151.752 00147.564 00144.034 00141.112 00139.643 00141.622 00143.906 00146.670 00150.734 00155.016 00160.661 00166.573 00172.917 00180.743 00188.166 00195.510 00203.125 00210.779 00218.498
-9999.0 -9999.0 -9999.0 -9999.0 -9999.0 -9999.0 -9999.0 -9999.0 -9999.0 -9999.0 -9999.0 -9999.0 -9999.0 -9999.0 -9999.0 -9999.0 -9999.0 -9999.0 -9999.0 -9999.0 -9999.0 -9999.0 -9999.0 -9999.0 -9999.0 -9999.0 00405.952 00380.633 00356.392 00337.432 00318.795 00300.621 00282.901 00266.087 00249.654 00233.494 00217.615 00202.245 00187.825 00176.002 00167.748 00160.688 00153.950 00147.714 00142.704 00138.166 00134.519 00131.504 00129.850 00131.923 00134.340 00137.372 00141.417 00146.152 00151.823 00157.782 00164.948 00172.853 00180.877 00188.678 00196.325 00203.957 00211.626
-9999.0 -9999.0 -9999.0 -9999.0 -9999.0 -9999.0 -9999.0 -9999.0 -9999.0 -9999.0 -9999.0 -9999.0 -9999.0 -9999.0 -9999.0 -9999.0 -9999.0 -9999.0 -9999.0 -9999.0 -9999.0 -9999.0 -9999.0 -9999.0 -9999.0 -9999.0 00395.812 00370.657 00347.982 00327.118 00308.625 00290.420 00272.686 00255.390 00239.056 00222.980 00207.109 00191.548 00177.940 00168.730 00159.656 00152.378 00145.492 00138.890 00133.699 00128.811 00125.194 00121.972 00120.109 00122.299 00124.822 00128.120 00132.145 00137.342 00143.094 00149.154 00157.036 00164.950 00173.329 00181.699 00189.532 00197.164 00204.832
-9999.0 -9999.0 -9999.0 -9999.0 -9999.0 -9999.0 -9999.0 -9999.0 -9999.0 -9999.0 -9999.0 -9999.0 -9999.0 -9999.0 -9999.0 -9999.0 -9999.0 -9999.0 -9999.0 -9999.0 -9999.0 -9999.0 -9999.0 -9999.0 -9999.0 00411.902 00386.197 00361.128 00339.707 00318.966 00298.518 00280.443 00262.642 00245.352 00228.567 00212.543 00196.789 00181.250 00170.850 00161.576 00152.476 00144.088 00137.155 00130.504 00124.737 00119.786 00115.897 00112.497 00110.387 00112.731 00115.332 00118.910 00122.968 00128.588 00134.381 00141.337 00149.190 00157.280 00165.732 00174.247 00182.565 00190.433 00198.249
-9999.0 -9999.0 -9999.0 -9999.0 -9999.0 -9999.0 -9999.0 -9999.0 -9999.0 -9999.0 -9999.0 -9999.0 -9999.0 -9999.0 -9999.0 -9999.0 -9999.0 -9999.0 -9999.0 -9999.0 -9999.0 -9999.0 -9999.0 -9999.0 -9999.0 00403.187 00377.508 00353.250 00331.732 00310.963 00290.607 00270.525 00252.850 00235.461 00218.543 00202.238 00186.550 00174.196 00164.230 00154.501 00145.353 00136.303 00128.914 00122.176 00115.801 00110.863 00106.613 00103.090 00100.685 00103.236 00105.856 00109.712 00114.259 00119.918 00125.751 00133.560 00141.385 00149.737 00158.176 00166.660 00175.205 00183.759 00191.893
-9999.0 -9999.0 -9999.0 -9999.0 -9999.0 -9999.0 -9999.0 -9999.0 -9999.0 -9999.0 -9999.0 -9999.0 -9999.0 -9999.0 -9999.0 -9999.0 -9999.0 -9999.0 -9999.0 -9999.0 -9999.0 -9999.0 -9999.0 -9999.0 -9999.0 00394.607 00369.063 00345.955 00324.376 00303.179 00282.851 00262.860 00243.126 00225.809 00208.808 00192.228 00177.665 00167.620 00157.647 00147.779 00138.330 00129.268 00120.673 00113.900 00107.288 00101.950 00097.336 00093.708 00090.981 00093.731 00096.552 00100.524 00105.581 00111.248 00118.032 00125.823 00133.892 00142.247 00150.655 00159.114 00167.843 00176.854 00185.403
-9999.0 -9999.0 -9999.0 -9999.0 -9999.0 -9999.0 -9999.0 -9999.0 -9999.0 -9999.0 -9999.0 -9999.0 -9999.0 -9999.0 -9999.0 -9999.0 -9999.0 -9999.0 -9999.0 -9999.0 -9999.0 -9999.0 -9999.0 -9999.0 00414.345 00388.002 00362.200 00338.996 00317.246 00296.145 00275.389 00255.325 00235.711 00216.317 00199.263 00182.691 00171.148 00161.079 00151.130 00141.244 00131.473 00122.304 00113.272 00105.659 00099.011 00093.042 00088.143 00084.328 00081.286 00084.203 00087.389 00091.346 00096.919 00102.569 00110.339 00118.162 00126.451 00134.790 00143.169 00151.651 00160.566 00169.552 00179.827
-9999.0 -9999.0 -9999.0 -9999.0 -9999.0 -9999.0 -9999.0 -9999.0 -9999.0 -9999.0 -9999.0 -9999.0 -9999.0 -9999.0 -9999.0 -9999.0 -9999.0 -9999.0 -9999.0 -9999.0 -9999.0 -9999.0 -9999.0 -9999.0 00408.093 00381.841 00356.443 00333.514 00311.028 00289.154 00268.497 00248.175 00228.352 00209.070 00190.002 00175.608 00165.019 00154.579 00144.638 00134.786 00125.002 00115.359 00106.339 00097.379 00090.758 00084.167 00079.262 00075.018 00071.605 00074.735 00078.241 00082.653 00088.267 00094.864 00102.663 00110.764 00119.050 00127.360 00135.716 00144.432 00153.313 00163.081 00173.771
-9999.0 -9999.0 -9999.0 -9999.0 -9999.0 -9999.0 -9999.0 -9999.0 -9999.0 -9999.0 -9999.0 -9999.0 -9999.0 -9999.0 -9999.0 -9999.0 -9999.0 -9999.0 -9999.0 -9999.0 -9999.0 -9999.0 -9999.0 -9999.0 00402.149 00376.004 00351.203 00328.254 00305.742 00283.692 00261.983 00241.420 00221.492 00201.887 00182.952 00169.644 00158.892 00148.422 00138.184 00128.345 00118.575 00108.848 00099.428 00090.392 00082.507 00075.935 00070.391 00065.807 00061.935 00065.354 00069.103 00074.026 00079.622 00087.220 00095.123 00103.382 00111.663 00119.963 00128.440 00137.230 00146.438 00157.084 00167.903
-9999.0 -9999.0 -9999.0 -9999.0 -9999.0 -9999.0 -9999.0 -9999.0 -9999.0 -9999.0 -9999.0 -9999.0 -9999.0 -9999.0 -9999.0 -9999.0 -9999.0 -9999.0 -9999.0 -9999.0 -9999.0 -9999.0 -9999.0 -9999.0 00397.933 00371.780 00347.008 00323.429 00300.657 00278.607 00256.944 00235.668 00214.841 00195.286 00177.400 00165.109 00152.896 00142.349 00131.984 00121.944 00112.176 00102.438 00092.745 00083.516 00074.440 00067.701 00061.528 00056.766 00052.307 00056.129 00059.975 00065.404 00071.783 00079.612 00087.762 00096.017 00104.287 00112.580 00121.291 00130.045 00140.523 00151.234 00162.105
-9999.0 -9999.0 -9999.0 -9999.0 -9999.0 -9999.0 -9999.0 -9999.0 -9999.0 -9999.0 -9999.0 -9999.0 -9999.0 -9999.0 -9999.0 -9999.0 -9999.0 -9999.0 -9999.0 -9999.0 -9999.0 -9999.0 -9999.0 -9999.0 00393.771 00367.724 00343.261 00319.762 00296.685 00273.996 00251.997 00230.769 00209.849 00189.231 00173.137 00160.663 00148.421 00136.283 00125.949 00115.677 00105.787 00096.058 00086.353 00076.689 00067.613 00059.466 00053.006 00047.868 00042.741 00046.980 00051.298 00056.801 00064.216 00072.195 00080.420 00088.662 00096.924 00105.431 00114.124 00124.089 00134.716 00145.469 00157.287
-9999.0 -9999.0 -9999.0 -9999.0 -9999.0 -9999.0 -9999.0 -9999.0 -9999.0 -9999.0 -9999.0 -9999.0 -9999.0 -9999.0 -9999.0 -9999.0 -9999.0 -9999.0 -9999.0 -9999.0 -9999.0 -9999.0 -9999.0 00417.445 00390.917 00364.944 00340.357 00316.469 00293.085 00270.465 00248.230 00226.355 00205.058 00184.520 00169.531 00156.418 00144.069 00131.886 00119.908 00109.636 00099.443 00089.686 00079.993 00070.324 00060.835 00051.751 00044.875 00039.052 00033.485 00037.899 00042.799 00048.890 00056.705 00064.875 00073.091 00081.322 00089.650 00098.270 00107.712 00118.339 00128.978 00140.667 00152.510
-9999.0 -9999.0 -9999.0 -9999.0 -9999.0 -9999.0 -9999.0 -9999.0 -9999.0 -9999.0 -9999.0 -9999.0 -9999.0 -9999.0 -9999.0 -9999.0 -9999.0 -9999.0 -9999.0 -9999.0 -9999.0 -9999.0 -9999.0 00414.966 00388.585 00362.754 00338.010 00313.923 00290.516 00267.512 00244.911 00222.955 00201.443 00180.260 00166.443 00153.096 00139.833 00127.613 00115.477 00103.581 00093.393 00083.330 00073.644 00063.984 00054.373 00045.114 00036.778 00030.552 00024.425 00029.101 00034.359 00041.501 00049.449 00057.579 00065.773 00073.993 00082.495 00091.395 00102.011 00112.623 00124.202 00135.939 00148.382
-9999.0 -9999.0 -9999.0 -9999.0 -9999.0 -9999.0 -9999.0 -9999.0 -9999.0 -9999.0 -9999.0 -9999.0 -9999.0 -9999.0 -9999.0 -9999.0 -9999.0 -9999.0 -9999.0 -9999.0 -9999.0 -9999.0 -9999.0 00413.347 00387.086 00361.319 00336.512 00312.325 00288.607 00265.286 00242.513 00220.310 00198.450 00177.986 00163.950 00150.032 00136.799 00123.654 00111.263 00099.136 00087.320 00077.214 00067.304 00057.665 00048.111 00038.641 00029.548 00022.460 00015.478 00020.533 00026.443 00034.233 00042.251 00050.333 00058.472 00066.797 00075.321 00085.727 00096.327 00107.821 00119.539 00131.931 00144.527
-9999.0 -9999.0 -9999.0 -9999.0 -9999.0 -9999.0 -9999.0 -9999.0 -9999.0 -9999.0 -9999.0 -9999.0 -9999.0 -9999.0 -9999.0 -9999.0 -9999.0 -9999.0 -9999.0 -9999.0 -9999.0 -9999.0 -9999.0 00412.439 00386.097 00360.189 00335.300 00310.950 00287.110 00263.693 00240.749 00218.249 00196.205 00176.355 00161.932 00147.861 00134.031 00120.648 00107.556 00094.961 00082.853 00071.121 00061.104 00051.381 00041.880 00032.461 00023.151 00014.378 00006.682 00012.048 00019.277 00027.147 00035.109 00043.130 00051.236 00059.620 00069.486 00080.079 00091.500 00103.236 00115.536 00128.032 00140.805
-9999.0 -9999.0 -9999.0 -9999.0 -9999.0 -9999.0 -9999.0 -9999.0 -9999.0 -9999.0 -9999.0 -9999.0 -9999.0 -9999.0 -9999.0 -9999.0 -9999.0 -9999.0 -9999.0 -9999.0 -9999.0 -9999.0 -9999.0 00413.149 00388.171 00363.649 00338.323 00313.322 00288.776 00264.596 00240.838 00217.449 00194.387 00174.766 00160.235 00145.942 00131.931 00118.143 00104.576 00091.521 00078.717 00066.623 00055.007 00045.190 00035.693 00026.328 00017.046 00007.846 0.0 00000.000 00012.249 00020.104 00028.016 00035.986 00044.132 00053.320 00063.883 00075.204 00086.931 00099.055 00111.468 00125.013 00140.724
-9999.0 -9999.0 -9999.0 -9999.0 -9999.0 -9999.0 -9999.0 -9999.0 -9999.0 -9999.0 -9999.0 -9999.0 -9999.0 -9999.0 -9999.0 -9999.0 -9999.0 -9999.0 -9999.0 -9999.0 -9999.0 -9999.0 -9999.0 00417.031 00392.056 00367.749 00342.640 00317.648 00293.119 00269.003 00245.333 00222.070 00199.204 00177.605 00161.121 00144.652 00129.884 00115.926 00102.154 00088.649 00075.516 00062.539 00050.512 00039.123 00029.540 00020.230 00011.000 00000.000 0.0 0.0 00000.000 00013.103 00020.966 00028.911 00037.360 00047.827 00058.810 00070.484 00082.462 00094.952 00111.068 00126.739 00142.364
-9999.0 -9999.0 -9999.0 -9999.0 -9999.0 -9999.0 -9999.0 -9999.0 -9999.0 -9999.0 -9999.0 -9999.0 -9999.0 -9999.0 -9999.0 -9999.0 -9999.0 -9999.0 -9999.0 -9999.0 -9999.0 -9999.0 -9999.0 -9999.0 00396.450 00372.305 00347.666 00322.644 00298.122 00274.033 00250.373 00227.147 00204.273 00181.772 00164.961 00148.687 00132.467 00116.203 00099.704 00085.973 00072.514 00059.311 00046.618 00034.574 00023.468 00014.159 00000.000 0.0 0.0 0.0 0.0 00000.000 00013.958 00021.865 00031.829 00042.511 00053.776 00065.600 00081.702 00097.677 00113.407 00129.059 00144.846
-9999.0 -9999.0 -9999.0 -9999.0 -9999.0 -9999.0 -9999.0 -9999.0 -9999.0 -9999.0 -9999.0 -9999.0 -9999.0 -9999.0 -9999.0 -9999.0 -9999.0 -9999.0 -9999.0 -9999.0 -9999.0 -9999.0 -9999.0 -9999.0 00401.582 00377.743 00353.447 00328.357 00303.942 00279.959 00256.414 00233.284 00210.508 00188.102 00169.528 00153.149 00136.908 00120.815 00104.645 00088.365 00071.905 00055.944 00042.934 00030.459 00018.538 00008.129 0.0 0.0 0.0 0.0 0.0 0.0 00000.000 00015.764 00026.021 00036.967 00052.722 00069.092 00084.871 00100.706 00116.596 00132.553 00148.628
-9999.0 -9999.0 -9999.0 -9999.0 -9999.0 -9999.0 -9999.0 -9999.0 -9999.0 -9999.0 -9999.0 -9999.0 -9999.0 -9999.0 -9999.0 -9999.0 -9999.0 -9999.0 -9999.0 -9999.0 -9999.0 -9999.0 -9999.0 -9999.0 00407.127 00383.652 00360.556 00335.543 00310.977 00286.884 00263.205 00239.998 00217.570 00195.490 00175.200 00158.663 00142.276 00126.027 00109.875 00093.777 00077.735 00061.561 00045.196 00028.566 00013.689 00000.000 0.0 0.0 0.0 0.0 0.0 0.0 00000.000 00009.270 00024.659 00041.078 00056.897 00072.704 00088.561 00104.638 00120.782 00137.002 00153.352
-9999.0 -9999.0 -9999.0 -9999.0 -9999.0 -9999.0 -9999.0 -9999.0 -9999.0 -9999.0 -9999.0 -9999.0 -9999.0 -9999.0 -9999.0 -9999.0 -9999.0 -9999.0 -9999.0 -9999.0 -9999.0 -9999.0 -9999.0 -9999.0 00413.720 00390.392 00367.364 00342.938 00318.670 00294.859 00271.481 00248.543 00226.004 00203.784 00181.918 00164.884 00148.445 00132.199 00116.103 00100.071 00084.087 00068.146 00052.285 00036.668 00020.782 00000.000 0.0 0.0 0.0 0.0 0.0 0.0 0.0 00014.758 00030.657 00046.360 00062.229 00078.258 00094.337 00110.465 00126.642 00142.909 00159.313
-9999.0 -9999.0 -9999.0 -9999.0 -9999.0 -9999.0 -9999.0 -9999.0 -9999.0 -9999.0 -9999.0 -9999.0 -9999.0 -9999.0 -9999.0 -9999.0 -9999.0 -9999.0 -9999.0 -9999.0 -9999.0 -9999.0 -9999.0 -9999.0 -9999.0 00397.182 00375.159 00352.079 00327.653 00303.781 00280.298 00257.209 00234.868 00213.359 00192.194 00173.130 00156.707 00140.440 00124.300 00108.216 00092.181 00076.184 00060.373 00045.341 00030.557 00016.047 00000.000 0.0 0.0 0.0 0.0 0.0 00000.000 00023.510 00038.669 00054.081 00069.744 00085.519 00101.364 00117.276 00133.218 00149.290 00165.603
-9999.0 -9999.0 -9999.0 -9999.0 -9999.0 -9999.0 -9999.0 -9999.0 -9999.0 -9999.0 -9999.0 -9999.0 -9999.0 -9999.0 -9999.0 -9999.0 -9999.0 -9999.0 -9999.0 -9999.0 -9999.0 -9999.0 -9999.0 -9999.0 -9999.0 00405.415 00383.284 00361.384 00336.999 00312.916 00290.065 00267.667 00245.664 00224.020 00202.965 00182.210 00165.262 00148.852 00133.227 00117.763 00102.382 00087.078 00071.862 00056.822 00042.044 00027.477 00013.100 0.0 0.0 0.0 0.0 00000.000 00018.458 00033.391 00048.555 00063.926 00079.428 00095.011 00110.818 00126.693 00142.680 00158.811 00175.075
-9999.0 -9999.0 -9999.0 -9999.0 -9999.0 -9999.0 -9999.0 -9999.0 -9999.0 -9999.0 -9999.0 -9999.0 -9999.0 -9999.0 -9999.0 -9999.0 -9999.0 -9999.0 -9999.0 -9999.0 -9999.0 -9999.0 -9999.0 -9999.0 -9999.0 00413.820 00391.803 00370.070 00347.694 00324.274 00301.298 00278.721 00256.860 00235.340 00214.108 00194.252 00176.101 00160.306 00144.658 00129.144 00113.850 00098.744 00083.692 00068.686 00053.759 00039.034 00024.493 00000.000 0.0 0.0 0.0 00013.448 00028.323 00043.398 00058.697 00074.173 00089.703 00105.285 00120.921 00136.640 00152.499 00168.492 00183.419
-9999.0 -9999.0 -9999.0 -9999.0 -9999.0 -9999.0 -9999.0 -9999.0 -9999.0 -9999.0 -9999.0 -9999.0 -9999.0 -9999.0 -9999.0 -9999.0 -9999.0 -9999.0 -9999.0 -9999.0 -9999.0 -9999.0 -9999.0 -9999.0 -9999.0 -9999.0 00400.493 00380.108 00359.423 00335.805 00313.007 00290.585 00268.511 00247.163 00227.465 00208.104 00189.124 00171.952 00156.456 00141.089 00125.862 00110.726 00095.639 00080.598 00065.605 00050.712 00036.025 00021.582 00000.000 0.0 00000.000 00023.367 00038.343 00053.501 00068.935 00084.449 00100.009 00115.623 00131.292 00147.085 00163.014 00179.068 00191.029
-9999.0 -9999.0 -9999.0 -9999.0 -9999.0 -9999.0 -9999.0 -9999.0 -9999.0 -9999.0 -9999.0 -9999.0 -9999.0 -9999.0 -9999.0 -9999.0 -9999.0 -9999.0 -9999.0 -9999.0 -9999.0 -9999.0 -9999.0 -9999.0 -9999.0 -9999.0 00410.690 00390.142 00370.103 00348.251 00325.226 00302.586 00281.666 00261.408 00241.587 00222.160 00203.347 00185.001 00168.718 00153.270 00137.940 00122.742 00107.623 00092.552 00077.618 00062.872 00048.143 00034.567 00023.032 00000.000 00023.598 00035.835 00049.097 00064.423 00079.757 00095.056 00110.384 00126.028 00141.759 00157.620 00173.628 00187.114 00198.051
-9999.0 -9999.0 -9999.0 -9999.0 -9999.0 -9999.0 -9999.0 -9999.0 -9999.0 -9999.0 -9999.0 -9999.0 -9999.0 -9999.0 -9999.0 -9999.0 -9999.0 -9999.0 -9999.0 -9999.0 -9999.0 -9999.0 -9999.0 -9999.0 -9999.0 -9999.0 -9999.0 00400.473 00380.711 00360.783 00338.287 00317.071 00296.234 00275.907 00255.986 00236.829 00218.036 00199.517 00181.257 00165.542 00150.130 00134.846 00119.957 00105.202 00090.413 00075.571 00063.365 00051.494 00041.172 00029.920 00041.136 00051.884 00064.519 00077.306 00091.175 00106.563 00121.908 00137.268 00152.756 00168.372 00183.198 00194.505 00205.134
