examples/flatland/Outputs/centerIgnit/c_atmRAWS/clockwise/3hr/flatland_centerIgnit_clockwise3hr_atmRAWS/flatland_centerIgnit_clockwise3hr_atmRAWS_Intensity.asc
NCOLS 100
NROWS 100
XLLCORNER 20000.000000
YLLCORNER 20000.000000
CELLSIZE 30.000000
NODATA_VALUE -9999.0
[rows 28 to 55 of 100, columns 0 to 62 of 100]
-9999.0 -9999.0 -9999.0 -9999.0 -9999.0 -9999.0 -9999.0 -9999.0 -9999.0 -9999.0 -9999.0 -9999.0 -9999.0 -9999.0 -9999.0 -9999.0 -9999.0 -9999.0 -9999.0 -9999.0 -9999.0 -9999.0 -9999.0 -9999.0 -9999.0 -9999.0 -9999.0 00018.322 00018.837 00023.615 00024.376 00025.034 00025.603 00026.149 00026.702 00027.449 00028.157 00029.014 00030.184 00031.455 00038.274 00050.033 00051.173 00052.048 00052.894 00053.675 00054.405 00055.133 00055.509 00055.128 00054.683 00054.056 00053.349 00052.648 00051.664 00050.684 00049.843 00051.666 00052.536 00052.387 00052.037 00051.679 00051.322
-9999.0 -9999.0 -9999.0 -9999.0 -9999.0 -9999.0 -9999.0 -9999.0 -9999.0 -9999.0 -9999.0 -9999.0 -9999.0 -9999.0 -9999.0 -9999.0 -9999.0 -9999.0 -9999.0 -9999.0 -9999.0 -9999.0 -9999.0 -9999.0 -9999.0 -9999.0 00018.087 00018.630 00020.257 00023.841 00024.503 00025.187 00025.794 00026.416 00026.957 00027.558 00028.280 00029.095 00030.163 00039.774 00048.991 00050.104 00051.247 00052.228 00053.108 00053.971 00054.796 00055.553 00055.980 00055.568 00055.052 00054.390 00053.629 00052.849 00051.767 00050.745 00049.683 00048.351 00051.803 00052.812 00052.532 00052.130 00051.704
-9999.0 -9999.0 -9999.0 -9999.0 -9999.0 -9999.0 -9999.0 -9999.0 -9999.0 -9999.0 -9999.0 -9999.0 -9999.0 -9999.0 -9999.0 -9999.0 -9999.0 -9999.0 -9999.0 -9999.0 -9999.0 -9999.0 -9999.0 -9999.0 -9999.0 -9999.0 00018.366 00018.901 00023.010 00023.892 00024.597 00025.182 00025.940 00026.615 00027.255 00027.728 00028.404 00029.207 00033.990 00047.563 00048.895 00050.048 00051.242 00052.398 00053.314 00054.228 00055.079 00055.938 00056.466 00055.987 00055.405 00054.701 00053.907 00052.972 00051.824 00050.741 00049.416 00048.280 00047.818 00052.106 00052.891 00052.538 00052.097
-9999.0 -9999.0 -9999.0 -9999.0 -9999.0 -9999.0 -9999.0 -9999.0 -9999.0 -9999.0 -9999.0 -9999.0 -9999.0 -9999.0 -9999.0 -9999.0 -9999.0 -9999.0 -9999.0 -9999.0 -9999.0 -9999.0 -9999.0 -9999.0 -9999.0 -9999.0 00018.622 00019.451 00023.069 00023.963 00024.639 00025.343 00026.050 00026.798 00027.416 00027.988 00028.534 00029.358 00046.103 00047.129 00048.703 00049.958 00051.210 00052.501 00053.510 00054.455 00055.151 00055.956 00056.510 00056.066 00055.541 00054.935 00054.180 00053.079 00051.749 00050.376 00049.148 00048.380 00047.720 00048.000 00052.624 00052.880 00052.557
-9999.0 -9999.0 -9999.0 -9999.0 -9999.0 -9999.0 -9999.0 -9999.0 -9999.0 -9999.0 -9999.0 -9999.0 -9999.0 -9999.0 -9999.0 -9999.0 -9999.0 -9999.0 -9999.0 -9999.0 -9999.0 -9999.0 -9999.0 -9999.0 -9999.0 00018.290 00018.854 00021.894 00022.972 00023.786 00024.610 00025.383 00026.128 00026.888 00027.578 00028.273 00028.830 00043.053 00046.010 00046.849 00048.213 00049.832 00051.117 00052.488 00053.463 00054.289 00055.156 00056.044 00056.808 00056.201 00055.661 00054.890 00054.123 00053.116 00051.620 00050.395 00049.436 00048.501 00047.878 00047.524 00048.420 00053.177 00052.960
-9999.0 -9999.0 -9999.0 -9999.0 -9999.0 -9999.0 -9999.0 -9999.0 -9999.0 -9999.0 -9999.0 -9999.0 -9999.0 -9999.0 -9999.0 -9999.0 -9999.0 -9999.0 -9999.0 -9999.0 -9999.0 -9999.0 -9999.0 -9999.0 -9999.0 00018.522 00019.065 00022.342 00022.992 00023.647 00024.411 00025.399 00026.090 00026.940 00027.690 00028.426 00034.801 00045.293 00045.930 00046.772 00047.611 00049.367 00050.701 00052.107 00053.396 00054.324 00055.182 00056.193 00057.009 00056.346 00055.762 00054.805 00053.933 00052.666 00051.259 00050.399 00049.423 00048.605 00048.157 00047.803 00047.174 00048.875 00053.231
-9999.0 -9999.0 -9999.0 -9999.0 -9999.0 -9999.0 -9999.0 -9999.0 -9999.0 -9999.0 -9999.0 -9999.0 -9999.0 -9999.0 -9999.0 -9999.0 -9999.0 -9999.0 -9999.0 -9999.0 -9999.0 -9999.0 -9999.0 -9999.0 -9999.0 00018.786 00019.841 00022.373 00023.012 00023.583 00024.260 00025.142 00025.942 00026.828 00027.808 00028.591 00044.918 00045.484 00045.922 00046.689 00047.589 00048.959 00049.924 00051.796 00053.105 00054.130 00055.342 00056.358 00057.197 00056.513 00055.825 00054.702 00053.575 00052.428 00051.060 00050.223 00049.468 00048.826 00048.452 00047.859 00047.244 00046.347 00049.352
-9999.0 -9999.0 -9999.0 -9999.0 -9999.0 -9999.0 -9999.0 -9999.0 -9999.0 -9999.0 -9999.0 -9999.0 -9999.0 -9999.0 -9999.0 -9999.0 -9999.0 -9999.0 -9999.0 -9999.0 -9999.0 -9999.0 -9999.0 -9999.0 00018.395 00018.985 00021.099 00022.376 00023.029 00023.598 00024.282 00025.091 00025.826 00026.660 00027.658 00039.922 00044.867 00045.595 00046.121 00046.590 00047.621 00048.484 00049.496 00051.077 00052.473 00053.810 00055.135 00056.323 00057.383 00056.554 00055.678 00054.554 00053.329 00052.195 00050.991 00050.003 00049.389 00049.135 00048.681 00047.900 00047.021 00045.798 00044.302
-9999.0 -9999.0 -9999.0 -9999.0 -9999.0 -9999.0 -9999.0 -9999.0 -9999.0 -9999.0 -9999.0 -9999.0 -9999.0 -9999.0 -9999.0 -9999.0 -9999.0 -9999.0 -9999.0 -9999.0 -9999.0 -9999.0 -9999.0 -9999.0 00018.599 00019.180 00021.565 00022.267 00022.968 00023.627 00024.283 00025.016 00025.709 00026.522 00027.962 00043.609 00044.692 00045.454 00046.357 00046.796 00047.244 00048.129 00049.124 00050.712 00052.034 00053.502 00054.814 00056.195 00057.573 00056.529 00055.511 00054.327 00053.031 00051.797 00050.613 00049.852 00049.467 00049.361 00048.760 00047.824 00046.877 00045.516 00044.140
-9999.0 -9999.0 -9999.0 -9999.0 -9999.0 -9999.0 -9999.0 -9999.0 -9999.0 -9999.0 -9999.0 -9999.0 -9999.0 -9999.0 -9999.0 -9999.0 -9999.0 -9999.0 -9999.0 -9999.0 -9999.0 -9999.0 -9999.0 -9999.0 00018.803 00019.383 00021.533 00022.175 00022.775 00023.479 00024.235 00024.918 00025.569 00026.367 00037.425 00042.817 00044.250 00045.227 00046.223 00046.991 00047.148 00047.705 00048.694 00050.070 00051.533 00053.072 00054.492 00056.093 00058.126 00056.603 00055.372 00054.037 00052.666 00051.335 00050.265 00049.790 00049.646 00049.226 00048.689 00047.734 00046.601 00044.949 00043.678
-9999.0 -9999.0 -9999.0 -9999.0 -9999.0 -9999.0 -9999.0 -9999.0 -9999.0 -9999.0 -9999.0 -9999.0 -9999.0 -9999.0 -9999.0 -9999.0 -9999.0 -9999.0 -9999.0 -9999.0 -9999.0 -9999.0 -9999.0 -9999.0 00018.982 00019.552 00021.480 00022.099 00022.628 00023.338 00024.042 00024.739 00025.427 00026.229 00041.099 00042.283 00043.949 00044.971 00046.017 00046.730 00047.261 00047.439 00048.103 00049.328 00050.914 00052.624 00054.572 00056.502 00059.088 00057.170 00055.655 00053.848 00052.182 00050.802 00050.124 00049.904 00049.762 00049.256 00048.205 00047.621 00045.788 00044.344 00043.185
-9999.0 -9999.0 -9999.0 -9999.0 -9999.0 -9999.0 -9999.0 -9999.0 -9999.0 -9999.0 -9999.0 -9999.0 -9999.0 -9999.0 -9999.0 -9999.0 -9999.0 -9999.0 -9999.0 -9999.0 -9999.0 -9999.0 -9999.0 -9999.0 00019.142 00020.038 00021.429 00022.040 00022.581 00023.236 00023.929 00024.620 00025.304 00027.532 00040.490 00041.545 00042.930 00044.692 00045.533 00046.414 00047.215 00047.515 00047.690 00048.479 00050.155 00052.316 00054.861 00057.203 00059.980 00057.892 00056.051 00053.842 00051.827 00050.521 00050.165 00050.023 00049.682 00048.747 00047.634 00046.451 00045.043 00043.822 00042.759
-9999.0 -9999.0 -9999.0 -9999.0 -9999.0 -9999.0 -9999.0 -9999.0 -9999.0 -9999.0 -9999.0 -9999.0 -9999.0 -9999.0 -9999.0 -9999.0 -9999.0 -9999.0 -9999.0 -9999.0 -9999.0 -9999.0 -9999.0 00018.679 00019.296 00020.271 00021.340 00021.961 00022.546 00023.155 00023.818 00024.490 00025.182 00033.199 00039.906 00040.890 00041.995 00043.468 00044.806 00045.695 00046.913 00047.589 00047.773 00048.084 00049.438 00051.989 00054.461 00057.050 00060.760 00058.056 00055.918 00053.763 00051.557 00050.617 00050.287 00050.087 00049.421 00048.177 00046.985 00045.716 00044.467 00043.349 00042.310
-9999.0 -9999.0 -9999.0 -9999.0 -9999.0 -9999.0 -9999.0 -9999.0 -9999.0 -9999.0 -9999.0 -9999.0 -9999.0 -9999.0 -9999.0 -9999.0 -9999.0 -9999.0 -9999.0 -9999.0 -9999.0 -9999.0 -9999.0 00018.826 00019.449 00020.354 00021.236 00021.843 00022.396 00023.037 00023.692 00024.323 00025.012 00037.888 00039.348 00040.279 00041.303 00042.373 00043.762 00044.911 00046.109 00047.376 00047.871 00048.246 00049.216 00051.215 00054.038 00056.848 00061.527 00058.401 00055.822 00053.448 00051.922 00051.113 00050.563 00050.060 00048.797 00047.508 00046.200 00045.065 00043.774 00042.856 00041.805
-9999.0 -9999.0 -9999.0 -9999.0 -9999.0 -9999.0 -9999.0 -9999.0 -9999.0 -9999.0 -9999.0 -9999.0 -9999.0 -9999.0 -9999.0 -9999.0 -9999.0 -9999.0 -9999.0 -9999.0 -9999.0 -9999.0 -9999.0 00018.990 00019.633 00020.276 00021.111 00021.751 00022.171 00022.842 00023.522 00024.174 00024.857 00037.753 00038.718 00039.662 00040.651 00041.530 00042.832 00043.937 00045.218 00046.573 00047.862 00048.661 00049.437 00050.458 00053.283 00056.914 00062.054 00058.549 00055.586 00053.171 00052.375 00051.746 00050.949 00049.626 00048.092 00046.622 00045.333 00044.216 00043.054 00042.453 00040.761
-9999.0 -9999.0 -9999.0 -9999.0 -9999.0 -9999.0 -9999.0 -9999.0 -9999.0 -9999.0 -9999.0 -9999.0 -9999.0 -9999.0 -9999.0 -9999.0 -9999.0 -9999.0 -9999.0 -9999.0 -9999.0 -9999.0 -9999.0 00019.252 00019.929 00020.006 00020.773 00021.396 00021.892 00022.517 00023.137 00023.834 00024.638 00036.463 00037.783 00039.064 00040.025 00040.727 00041.845 00042.870 00044.113 00045.552 00047.419 00049.110 00049.899 00050.632 00051.773 00054.588 00062.265 00057.230 00054.790 00053.650 00052.955 00052.303 00051.382 00049.113 00047.089 00045.668 00044.562 00043.246 00041.717 00040.733 00038.759
-9999.0 -9999.0 -9999.0 -9999.0 -9999.0 -9999.0 -9999.0 -9999.0 -9999.0 -9999.0 -9999.0 -9999.0 -9999.0 -9999.0 -9999.0 -9999.0 -9999.0 -9999.0 -9999.0 -9999.0 -9999.0 -9999.0 -9999.0 00019.486 00020.186 00020.027 00020.397 00020.957 00021.579 00022.161 00022.726 00023.334 00024.002 00035.068 00036.154 00037.539 00039.371 00039.397 00040.871 00041.896 00042.903 00044.367 00046.582 00049.060 00050.368 00051.131 00051.855 00052.643 -9999.0 -9999.000 00054.845 00054.208 00053.530 00052.841 00050.909 00048.595 00046.239 00044.429 00043.464 00041.156 00039.856 00037.991 00036.591
-9999.0 -9999.0 -9999.0 -9999.0 -9999.0 -9999.0 -9999.0 -9999.0 -9999.0 -9999.0 -9999.0 -9999.0 -9999.0 -9999.0 -9999.0 -9999.0 -9999.0 -9999.0 -9999.0 -9999.0 -9999.0 -9999.0 -9999.0 00019.656 00020.407 00020.450 00020.118 00020.658 00021.249 00021.779 00022.324 00022.827 00023.367 00033.488 00034.370 00035.494 00036.874 00037.520 00038.796 00040.625 00041.517 00043.137 00045.543 00047.876 00050.817 00051.605 00052.321 -9999.000 -9999.0 -9999.0 -9999.000 00054.773 00054.137 00052.862 00049.995 00047.960 00044.419 00041.840 00040.634 00038.801 00037.308 00035.367 00034.610
-9999.0 -9999.0 -9999.0 -9999.0 -9999.0 -9999.0 -9999.0 -9999.0 -9999.0 -9999.0 -9999.0 -9999.0 -9999.0 -9999.0 -9999.0 -9999.0 -9999.0 -9999.0 -9999.0 -9999.0 -9999.0 -9999.0 -9999.0 -9999.0 00020.480 00021.072 00019.926 00020.463 00020.916 00021.490 00022.062 00022.545 00023.088 00030.274 00032.553 00033.235 00034.076 00035.550 00036.506 00037.774 00038.861 00040.574 00044.043 00045.476 00049.735 00052.070 -9999.000 -9999.0 -9999.0 -9999.0 -9999.0 -9999.000 00054.702 00052.612 00047.418 00045.529 00041.949 00039.439 00037.163 00035.998 00034.831 00034.228 00033.587
-9999.0 -9999.0 -9999.0 -9999.0 -9999.0 -9999.0 -9999.0 -9999.0 -9999.0 -9999.0 -9999.0 -9999.0 -9999.0 -9999.0 -9999.0 -9999.0 -9999.0 -9999.0 -9999.0 -9999.0 -9999.0 -9999.0 -9999.0 -9999.0 00020.501 00021.132 00019.719 00020.253 00020.715 00021.260 00021.815 00022.304 00022.827 00025.046 00031.505 00031.972 00032.439 00032.686 00034.003 00034.601 00035.973 00037.805 00040.248 00042.182 00046.606 00052.451 -9999.0 -9999.0 -9999.0 -9999.0 -9999.0 -9999.0 -9999.000 00049.602 00044.475 00041.419 00038.358 00036.413 00034.110 00033.942 00033.601 00033.345 00032.768
-9999.0 -9999.0 -9999.0 -9999.0 -9999.0 -9999.0 -9999.0 -9999.0 -9999.0 -9999.0 -9999.0 -9999.0 -9999.0 -9999.0 -9999.0 -9999.0 -9999.0 -9999.0 -9999.0 -9999.0 -9999.0 -9999.0 -9999.0 -9999.0 00020.496 00021.168 00019.459 00020.042 00020.569 00021.046 00021.575 00022.067 00022.571 00023.128 00030.701 00031.133 00031.596 00031.921 00032.174 00032.238 00032.476 00034.210 00035.448 00038.199 00040.969 -9999.000 -9999.0 -9999.0 -9999.0 -9999.0 -9999.0 -9999.0 -9999.000 00044.303 00039.776 00036.066 00034.463 00033.601 00033.125 00032.825 00032.647 00032.413 00031.876
-9999.0 -9999.0 -9999.0 -9999.0 -9999.0 -9999.0 -9999.0 -9999.0 -9999.0 -9999.0 -9999.0 -9999.0 -9999.0 -9999.0 -9999.0 -9999.0 -9999.0 -9999.0 -9999.0 -9999.0 -9999.0 -9999.0 -9999.0 -9999.0 00020.488 00021.204 00020.767 00019.830 00020.341 00020.796 00021.308 00021.848 00022.322 00022.845 00028.611 00030.366 00030.762 00031.007 00031.121 00031.245 00031.371 00031.578 00031.955 00033.474 00034.443 -9999.000 -9999.0 -9999.0 -9999.0 -9999.0 -9999.0 -9999.0 -9999.0 00035.317 00034.905 00033.118 00032.476 00032.123 00031.944 00031.775 00031.636 00031.266 00030.813
-9999.0 -9999.0 -9999.0 -9999.0 -9999.0 -9999.0 -9999.0 -9999.0 -9999.0 -9999.0 -9999.0 -9999.0 -9999.0 -9999.0 -9999.0 -9999.0 -9999.0 -9999.0 -9999.0 -9999.0 -9999.0 -9999.0 -9999.0 -9999.0 -9999.0 00021.259 00021.810 00019.579 00020.089 00020.529 00021.053 00021.581 00022.057 00022.559 00023.103 00029.446 00029.780 00030.107 00030.208 00030.286 00030.302 00030.284 00030.430 00030.938 00031.289 00031.436 -9999.000 -9999.0 -9999.0 -9999.0 -9999.0 -9999.0 -9999.000 00032.168 00031.902 00031.399 00030.925 00030.916 00030.873 00030.809 00030.357 00030.002 00029.868
-9999.0 -9999.0 -9999.0 -9999.0 -9999.0 -9999.0 -9999.0 -9999.0 -9999.0 -9999.0 -9999.0 -9999.0 -9999.0 -9999.0 -9999.0 -9999.0 -9999.0 -9999.0 -9999.0 -9999.0 -9999.0 -9999.0 -9999.0 -9999.0 -9999.0 00021.199 00021.867 00019.553 00019.846 00020.351 00020.804 00021.294 00021.799 00022.272 00022.784 00027.320 00028.687 00028.874 00029.314 00029.448 00029.410 00029.335 00029.213 00029.519 00030.157 00030.828 00031.502 -9999.0 -9999.0 -9999.0 -9999.0 -9999.000 00032.189 00031.452 00030.761 00030.116 00029.916 00029.883 00029.932 00029.835 00029.591 00029.278 00028.737
-9999.0 -9999.0 -9999.0 -9999.0 -9999.0 -9999.0 -9999.0 -9999.0 -9999.0 -9999.0 -9999.0 -9999.0 -9999.0 -9999.0 -9999.0 -9999.0 -9999.0 -9999.0 -9999.0 -9999.0 -9999.0 -9999.0 -9999.0 -9999.0 -9999.0 00021.121 00021.881 00021.956 00019.590 00020.084 00020.485 00021.021 00021.539 00021.999 00022.499 00023.033 00027.958 00028.203 00028.456 00028.727 00028.701 00028.757 00028.829 00028.986 00029.597 00030.273 00030.974 -9999.000 -9999.0 -9999.0 -9999.0 00032.429 00031.709 00030.971 00030.218 00029.779 00029.625 00029.477 00029.316 00029.210 00028.901 00028.539 00032.887
-9999.0 -9999.0 -9999.0 -9999.0 -9999.0 -9999.0 -9999.0 -9999.0 -9999.0 -9999.0 -9999.0 -9999.0 -9999.0 -9999.0 -9999.0 -9999.0 -9999.0 -9999.0 -9999.0 -9999.0 -9999.0 -9999.0 -9999.0 -9999.0 -9999.0 -9999.0 00021.863 00022.491 00019.183 00019.820 00020.312 00020.762 00021.249 00021.759 00022.210 00022.695 00023.680 00027.595 00027.862 00028.144 00028.400 00028.564 00028.704 00028.848 00029.082 00029.683 00030.349 00030.706 -9999.000 -9999.0 -9999.000 00031.210 00030.916 00030.326 00029.716 00029.622 00029.515 00029.365 00029.195 00028.798 00028.422 00028.057 00042.214
-9999.0 -9999.0 -9999.0 -9999.0 -9999.0 -9999.0 -9999.0 -9999.0 -9999.0 -9999.0 -9999.0 -9999.0 -9999.0 -9999.0 -9999.0 -9999.0 -9999.0 -9999.0 -9999.0 -9999.0 -9999.0 -9999.0 -9999.0 -9999.0 -9999.0 -9999.0 00021.745 00022.421 00022.346 00019.550 00020.042 00020.455 00020.959 00021.446 00021.899 00022.369 00022.848 00025.194 00027.460 00027.810 00028.176 00028.394 00028.501 00028.552 00028.559 00028.530 00028.776 00028.814 00028.359 -9999.000 00028.504 00029.113 00029.084 00028.840 00028.893 00028.993 00029.029 00029.015 00028.788 00028.479 00028.147 00037.625 00042.217
-9999.0 -9999.0 -9999.0 -9999.0 -9999.0 -9999.0 -9999.0 -9999.0 -9999.0 -9999.0 -9999.0 -9999.0 -9999.0 -9999.0 -9999.0 -9999.0 -9999.0 -9999.0 -9999.0 -9999.0 -9999.0 -9999.0 -9999.0 -9999.0 -9999.0 -9999.0 -9999.0 00022.295 00022.928 00019.418 00019.768 00020.236 00020.639 00021.125 00021.620 00022.037 00022.496 00022.965 00026.552 00027.477 00027.748 00028.006 00027.963 00027.952 00027.714 00027.482 00027.262 00027.133 00026.975 00026.376 00027.062 00027.271 00027.442 00027.705 00027.962 00028.315 00028.538 00028.506 00028.205 00027.932 00031.891 00041.842 00041.812
