examples/flatland/Outputs/centerIgnit/c_atmRAWS/clockwise/3hr/flatland_centerIgnit_clockwise3hr_atmRAWS/flatland_centerIgnit_clockwise3hr_atmRAWS_HeatPerUnitArea.asc
NCOLS 100
NROWS 100
XLLCORNER 20000.000000
YLLCORNER 20000.000000
CELLSIZE 30.000000
NODATA_VALUE -9999.0
[rows 28 to 55 of 100, columns 0 to 62 of 100]
-9999.0 -9999.0 -9999.0 -9999.0 -9999.0 -9999.0 -9999.0 -9999.0 -9999.0 -9999.0 -9999.0 -9999.0 -9999.0 -9999.0 -9999.0 -9999.0 -9999.0 -9999.0 -9999.0 -9999.0 -9999.0 -9999.0 -9999.0 -9999.0 -9999.0 -9999.0 -9999.0 01007.581 01016.271 01022.235 01029.109 01034.122 01038.246 01043.425 01048.498 01054.342 01058.955 01064.514 01069.839 01075.387 01078.836 01082.393 01084.460 01086.089 01087.723 01089.002 01090.145 01091.123 01091.531 01090.900 01090.188 01089.258 01087.960 01086.644 01084.891 01083.106 01078.952 01078.767 01076.393 01073.117 01070.064 01067.121 01064.272
-9999.0 -9999.0 -9999.0 -9999.0 -9999.0 -9999.0 -9999.0 -9999.0 -9999.0 -9999.0 -9999.0 -9999.0 -9999.0 -9999.0 -9999.0 -9999.0 -9999.0 -9999.0 -9999.0 -9999.0 -9999.0 -9999.0 -9999.0 -9999.0 -9999.0 -9999.0 01002.775 01012.578 01019.837 01026.803 01032.107 01037.218 01041.667 01046.710 01052.258 01057.690 01063.273 01068.756 01074.676 01078.884 01082.879 01085.043 01087.210 01089.074 01090.777 01092.218 01093.489 01094.501 01094.998 01094.326 01093.519 01092.535 01091.116 01089.683 01087.783 01085.872 01083.881 01078.971 01078.764 01076.338 01072.943 01069.759 01066.794
-9999.0 -9999.0 -9999.0 -9999.0 -9999.0 -9999.0 -9999.0 -9999.0 -9999.0 -9999.0 -9999.0 -9999.0 -9999.0 -9999.0 -9999.0 -9999.0 -9999.0 -9999.0 -9999.0 -9999.0 -9999.0 -9999.0 -9999.0 -9999.0 -9999.0 -9999.0 01007.369 01016.540 01023.903 01029.787 01035.018 01038.893 01044.835 01050.276 01056.251 01061.305 01067.144 01073.309 01078.804 01082.921 01085.486 01087.774 01090.044 01092.161 01093.936 01095.549 01096.905 01098.014 01098.596 01097.865 01096.971 01095.845 01094.384 01092.725 01090.754 01088.731 01086.411 01083.886 01078.966 01078.751 01075.953 01072.594 01069.435
-9999.0 -9999.0 -9999.0 -9999.0 -9999.0 -9999.0 -9999.0 -9999.0 -9999.0 -9999.0 -9999.0 -9999.0 -9999.0 -9999.0 -9999.0 -9999.0 -9999.0 -9999.0 -9999.0 -9999.0 -9999.0 -9999.0 -9999.0 -9999.0 -9999.0 -9999.0 01011.307 01019.521 01026.768 01032.686 01037.621 01042.687 01048.023 01054.175 01059.135 01065.128 01071.287 01078.168 01082.304 01085.162 01088.102 01090.570 01092.959 01095.276 01097.202 01098.673 01098.782 01098.879 01098.932 01098.869 01098.793 01098.694 01097.768 01095.860 01093.808 01091.642 01089.002 01086.393 01083.738 01078.941 01078.729 01075.571 01072.237
-9999.0 -9999.0 -9999.0 -9999.0 -9999.0 -9999.0 -9999.0 -9999.0 -9999.0 -9999.0 -9999.0 -9999.0 -9999.0 -9999.0 -9999.0 -9999.0 -9999.0 -9999.0 -9999.0 -9999.0 -9999.0 -9999.0 -9999.0 -9999.0 -9999.0 01004.832 01014.678 01020.694 01029.145 01034.976 01039.626 01045.598 01051.459 01057.380 01063.143 01069.090 01075.746 01078.970 01084.503 01087.485 01090.545 01093.454 01095.927 01098.362 01098.796 01099.063 01100.495 01100.972 01101.251 01100.941 01100.572 01099.584 01098.848 01098.680 01096.963 01094.409 01091.629 01088.900 01086.133 01083.447 01078.916 01078.675 01075.067
-9999.0 -9999.0 -9999.0 -9999.0 -9999.0 -9999.0 -9999.0 -9999.0 -9999.0 -9999.0 -9999.0 -9999.0 -9999.0 -9999.0 -9999.0 -9999.0 -9999.0 -9999.0 -9999.0 -9999.0 -9999.0 -9999.0 -9999.0 -9999.0 -9999.0 01008.460 01017.546 01025.204 01031.381 01037.242 01042.641 01048.734 01055.146 01060.553 01066.783 01073.309 01078.843 01083.464 01086.629 01089.847 01092.996 01096.252 01098.670 01098.872 01100.508 01101.178 01101.754 01102.262 01102.582 01102.221 01101.859 01101.331 01100.720 01098.984 01098.765 01097.248 01094.393 01091.444 01088.591 01085.836 01083.155 01078.881 01078.014
-9999.0 -9999.0 -9999.0 -9999.0 -9999.0 -9999.0 -9999.0 -9999.0 -9999.0 -9999.0 -9999.0 -9999.0 -9999.0 -9999.0 -9999.0 -9999.0 -9999.0 -9999.0 -9999.0 -9999.0 -9999.0 -9999.0 -9999.0 -9999.0 -9999.0 01011.752 01019.731 01027.354 01033.436 01038.489 01044.848 01051.397 01057.961 01064.141 01070.583 01077.857 01082.389 01085.520 01088.771 01092.134 01095.484 01098.659 01098.916 01100.774 01101.659 01102.397 01103.032 01103.549 01103.922 01103.546 01103.142 01102.592 01101.898 01101.132 01100.103 01098.763 01097.122 01094.081 01091.134 01088.272 01085.448 01082.654 01078.834
-9999.0 -9999.0 -9999.0 -9999.0 -9999.0 -9999.0 -9999.0 -9999.0 -9999.0 -9999.0 -9999.0 -9999.0 -9999.0 -9999.0 -9999.0 -9999.0 -9999.0 -9999.0 -9999.0 -9999.0 -9999.0 -9999.0 -9999.0 -9999.0 01003.765 01014.057 01020.568 01029.349 01035.461 01040.634 01047.185 01054.206 01060.452 01067.652 01074.607 01078.940 01084.411 01087.643 01090.974 01094.440 01098.008 01098.867 01100.852 01101.893 01102.794 01103.636 01104.309 01104.866 01105.289 01104.884 01104.419 01103.869 01103.088 01102.314 01101.247 01100.026 01098.743 01096.782 01093.765 01090.807 01087.803 01084.903 01079.521
-9999.0 -9999.0 -9999.0 -9999.0 -9999.0 -9999.0 -9999.0 -9999.0 -9999.0 -9999.0 -9999.0 -9999.0 -9999.0 -9999.0 -9999.0 -9999.0 -9999.0 -9999.0 -9999.0 -9999.0 -9999.0 -9999.0 -9999.0 -9999.0 01006.485 01016.146 01023.857 01030.879 01037.224 01043.051 01049.444 01056.643 01063.226 01070.477 01078.724 01083.046 01086.364 01089.821 01093.250 01096.785 01098.787 01100.568 01101.792 01103.023 01103.947 01104.879 01105.560 01106.193 01106.673 01106.234 01105.710 01105.091 01104.291 01103.378 01102.300 01101.188 01099.499 01098.716 01096.450 01093.324 01090.250 01087.013 01083.611
-9999.0 -9999.0 -9999.0 -9999.0 -9999.0 -9999.0 -9999.0 -9999.0 -9999.0 -9999.0 -9999.0 -9999.0 -9999.0 -9999.0 -9999.0 -9999.0 -9999.0 -9999.0 -9999.0 -9999.0 -9999.0 -9999.0 -9999.0 -9999.0 01008.861 01018.033 01025.815 01032.361 01038.083 01044.613 01051.684 01058.398 01065.658 01073.457 01078.935 01084.874 01088.349 01091.905 01095.537 01098.686 01099.781 01101.445 01102.738 01103.997 01105.112 01106.048 01106.833 01108.875 01110.698 01109.097 01107.186 01106.322 01105.510 01104.442 01103.336 01102.193 01101.063 01098.957 01098.684 01095.893 01092.628 01088.979 01085.434
-9999.0 -9999.0 -9999.0 -9999.0 -9999.0 -9999.0 -9999.0 -9999.0 -9999.0 -9999.0 -9999.0 -9999.0 -9999.0 -9999.0 -9999.0 -9999.0 -9999.0 -9999.0 -9999.0 -9999.0 -9999.0 -9999.0 -9999.0 -9999.0 01010.496 01019.359 01027.047 01033.697 01038.887 01046.179 01053.590 01060.470 01068.218 01076.460 01082.477 01086.355 01090.404 01094.057 01097.823 01098.878 01100.994 01102.323 01103.670 01104.970 01106.262 01107.887 01110.844 01114.224 01117.474 01114.591 01111.573 01109.008 01106.638 01105.512 01104.361 01103.209 01102.072 01100.942 01098.897 01098.524 01094.698 01090.951 01087.321
-9999.0 -9999.0 -9999.0 -9999.0 -9999.0 -9999.0 -9999.0 -9999.0 -9999.0 -9999.0 -9999.0 -9999.0 -9999.0 -9999.0 -9999.0 -9999.0 -9999.0 -9999.0 -9999.0 -9999.0 -9999.0 -9999.0 -9999.0 -9999.0 01012.045 01019.883 01028.133 01034.738 01040.405 01047.618 01055.464 01062.350 01070.147 01078.754 01083.806 01087.781 01091.911 01096.245 01098.759 01100.525 01101.866 01103.203 01104.559 01105.932 01107.928 01111.981 01116.958 01120.538 01123.769 01121.120 01118.169 01114.077 01109.572 01106.574 01105.396 01104.232 01103.084 01101.918 01100.737 01098.816 01096.829 01092.964 01088.901
-9999.0 -9999.0 -9999.0 -9999.0 -9999.0 -9999.0 -9999.0 -9999.0 -9999.0 -9999.0 -9999.0 -9999.0 -9999.0 -9999.0 -9999.0 -9999.0 -9999.0 -9999.0 -9999.0 -9999.0 -9999.0 -9999.0 -9999.0 01002.396 01013.045 01020.224 01028.961 01035.685 01041.910 01048.757 01056.628 01063.939 01072.151 01078.897 01084.908 01089.202 01093.458 01097.872 01098.989 01101.341 01102.736 01104.091 01105.456 01106.840 01111.168 01117.859 01122.416 01126.489 01130.134 01127.289 01123.722 01119.787 01114.143 01109.217 01106.443 01105.271 01104.097 01102.895 01101.599 01099.924 01098.668 01094.643 01090.521
-9999.0 -9999.0 -9999.0 -9999.0 -9999.0 -9999.0 -9999.0 -9999.0 -9999.0 -9999.0 -9999.0 -9999.0 -9999.0 -9999.0 -9999.0 -9999.0 -9999.0 -9999.0 -9999.0 -9999.0 -9999.0 -9999.0 -9999.0 01003.494 01013.857 01020.486 01029.623 01036.409 01042.660 01049.788 01057.497 01065.144 01073.637 01078.988 01085.912 01090.325 01094.932 01098.709 01100.553 01102.174 01103.584 01104.989 01106.364 01109.646 01115.906 01122.262 01127.952 01132.554 01136.714 01133.629 01129.561 01124.655 01119.372 01113.426 01108.785 01106.317 01105.112 01103.860 01102.389 01100.941 01098.811 01096.375 01091.921
-9999.0 -9999.0 -9999.0 -9999.0 -9999.0 -9999.0 -9999.0 -9999.0 -9999.0 -9999.0 -9999.0 -9999.0 -9999.0 -9999.0 -9999.0 -9999.0 -9999.0 -9999.0 -9999.0 -9999.0 -9999.0 -9999.0 -9999.0 01004.217 01014.384 01020.658 01030.055 01036.859 01043.218 01050.566 01058.117 01066.095 01074.980 01082.292 01086.726 01091.348 01096.057 01098.828 01101.125 01102.778 01104.427 01105.860 01108.056 01113.360 01120.243 01126.613 01133.097 01138.153 01142.775 01139.522 01135.298 01129.625 01124.102 01118.780 01112.741 01108.324 01106.134 01104.657 01103.172 01101.584 01099.209 01097.843 01093.325
-9999.0 -9999.0 -9999.0 -9999.0 -9999.0 -9999.0 -9999.0 -9999.0 -9999.0 -9999.0 -9999.0 -9999.0 -9999.0 -9999.0 -9999.0 -9999.0 -9999.0 -9999.0 -9999.0 -9999.0 -9999.0 -9999.0 -9999.0 01004.614 01014.722 01020.793 01030.390 01037.246 01043.647 01051.109 01058.573 01066.917 01076.064 01082.815 01087.390 01092.108 01097.075 01098.916 01101.621 01103.365 01105.064 01106.731 01111.043 01118.092 01124.359 01130.880 01137.612 01143.585 01148.653 01145.371 01140.262 01134.739 01129.023 01123.504 01118.208 01111.856 01106.996 01105.448 01103.844 01102.232 01100.544 01098.698 01094.609
-9999.0 -9999.0 -9999.0 -9999.0 -9999.0 -9999.0 -9999.0 -9999.0 -9999.0 -9999.0 -9999.0 -9999.0 -9999.0 -9999.0 -9999.0 -9999.0 -9999.0 -9999.0 -9999.0 -9999.0 -9999.0 -9999.0 -9999.0 01004.304 01014.011 01020.358 01029.549 01036.589 01043.169 01050.802 01058.550 01067.229 01076.902 01083.313 01087.923 01092.819 01097.870 01100.036 01102.038 01103.842 01105.639 01108.417 01115.449 01122.211 01128.629 01135.324 01141.696 01148.137 -9999.0 -9999.000 01145.020 01139.641 01133.898 01128.426 01122.879 01116.721 01109.740 01106.139 01104.493 01102.790 01101.092 01098.790 01094.634
-9999.0 -9999.0 -9999.0 -9999.0 -9999.0 -9999.0 -9999.0 -9999.0 -9999.0 -9999.0 -9999.0 -9999.0 -9999.0 -9999.0 -9999.0 -9999.0 -9999.0 -9999.0 -9999.0 -9999.0 -9999.0 -9999.0 -9999.0 01002.588 01012.657 01019.839 01028.310 01035.346 01041.901 01049.277 01057.397 01065.462 01074.644 01082.418 01087.646 01093.280 01098.585 01100.496 01102.379 01104.236 01106.093 01110.378 01118.702 01126.332 01133.008 01139.546 01145.902 -9999.000 -9999.0 -9999.0 -9999.000 01144.415 01139.048 01133.549 01127.516 01120.493 01112.525 01106.822 01105.130 01103.378 01101.178 01098.738 01094.056
-9999.0 -9999.0 -9999.0 -9999.0 -9999.0 -9999.0 -9999.0 -9999.0 -9999.0 -9999.0 -9999.0 -9999.0 -9999.0 -9999.0 -9999.0 -9999.0 -9999.0 -9999.0 -9999.0 -9999.0 -9999.0 -9999.0 -9999.0 -9999.0 01011.064 01019.209 01026.856 01033.913 01039.795 01047.609 01056.063 01063.656 01072.474 01078.955 01086.415 01091.817 01097.680 01100.457 01102.705 01104.633 01106.543 01112.118 01121.362 01129.393 01137.382 01143.667 -9999.000 -9999.0 -9999.0 -9999.0 -9999.0 -9999.000 01143.809 01138.504 01131.434 01123.936 01116.405 01108.937 01105.236 01102.984 01100.839 01098.666 01093.181
-9999.0 -9999.0 -9999.0 -9999.0 -9999.0 -9999.0 -9999.0 -9999.0 -9999.0 -9999.0 -9999.0 -9999.0 -9999.0 -9999.0 -9999.0 -9999.0 -9999.0 -9999.0 -9999.0 -9999.0 -9999.0 -9999.0 -9999.0 -9999.0 01009.081 01017.472 01025.147 01032.330 01038.368 01045.750 01053.785 01061.390 01069.868 01078.786 01084.909 01090.309 01096.014 01098.911 01102.037 01104.279 01106.641 01114.771 01123.636 01132.470 01140.871 01147.950 -9999.0 -9999.0 -9999.0 -9999.0 -9999.0 -9999.0 -9999.000 01142.602 01135.636 01127.907 01117.176 01107.199 01104.775 01102.566 01100.399 01097.618 01091.832
-9999.0 -9999.0 -9999.0 -9999.0 -9999.0 -9999.0 -9999.0 -9999.0 -9999.0 -9999.0 -9999.0 -9999.0 -9999.0 -9999.0 -9999.0 -9999.0 -9999.0 -9999.0 -9999.0 -9999.0 -9999.0 -9999.0 -9999.0 -9999.0 01006.901 01015.551 01020.740 01030.314 01037.238 01043.702 01051.266 01058.762 01067.162 01076.360 01083.164 01088.428 01094.084 01098.757 01101.310 01103.529 01105.789 01110.849 01122.265 01133.857 01144.108 -9999.000 -9999.0 -9999.0 -9999.0 -9999.0 -9999.0 -9999.0 -9999.000 01147.268 01136.551 01125.111 01114.042 01106.507 01104.248 01102.029 01098.912 01095.984 01090.243
-9999.0 -9999.0 -9999.0 -9999.0 -9999.0 -9999.0 -9999.0 -9999.0 -9999.0 -9999.0 -9999.0 -9999.0 -9999.0 -9999.0 -9999.0 -9999.0 -9999.0 -9999.0 -9999.0 -9999.0 -9999.0 -9999.0 -9999.0 -9999.0 01004.043 01013.233 01019.868 01028.226 01035.055 01041.177 01048.401 01056.547 01064.063 01072.675 01078.950 01086.421 01091.899 01097.745 01100.467 01102.652 01104.889 01107.661 01117.489 01128.066 01139.341 -9999.000 -9999.0 -9999.0 -9999.0 -9999.0 -9999.0 -9999.0 -9999.0 01143.279 01132.322 01121.442 01110.518 01105.707 01103.452 01101.231 01098.739 01093.874 01088.209
-9999.0 -9999.0 -9999.0 -9999.0 -9999.0 -9999.0 -9999.0 -9999.0 -9999.0 -9999.0 -9999.0 -9999.0 -9999.0 -9999.0 -9999.0 -9999.0 -9999.0 -9999.0 -9999.0 -9999.0 -9999.0 -9999.0 -9999.0 -9999.0 -9999.0 01010.785 01018.297 01025.555 01032.530 01038.395 01045.645 01053.486 01060.777 01068.783 01077.877 01083.809 01089.104 01094.726 01098.809 01101.529 01103.751 01106.010 01111.380 01122.102 01132.322 01142.382 -9999.000 -9999.0 -9999.0 -9999.0 -9999.0 -9999.0 -9999.000 01137.343 01126.654 01116.149 01106.922 01104.686 01102.477 01100.305 01097.373 01091.593 01086.181
-9999.0 -9999.0 -9999.0 -9999.0 -9999.0 -9999.0 -9999.0 -9999.0 -9999.0 -9999.0 -9999.0 -9999.0 -9999.0 -9999.0 -9999.0 -9999.0 -9999.0 -9999.0 -9999.0 -9999.0 -9999.0 -9999.0 -9999.0 -9999.0 -9999.0 01007.581 01015.673 01020.623 01029.909 01036.694 01042.788 01049.732 01057.299 01064.770 01073.014 01078.942 01086.306 01091.753 01097.375 01100.237 01102.338 01104.461 01106.626 01114.015 01124.246 01134.494 01144.418 -9999.0 -9999.0 -9999.0 -9999.0 -9999.000 01140.742 01130.201 01119.962 01109.683 01105.536 01103.357 01101.184 01098.737 01093.940 01088.377 01083.213
-9999.0 -9999.0 -9999.0 -9999.0 -9999.0 -9999.0 -9999.0 -9999.0 -9999.0 -9999.0 -9999.0 -9999.0 -9999.0 -9999.0 -9999.0 -9999.0 -9999.0 -9999.0 -9999.0 -9999.0 -9999.0 -9999.0 -9999.0 -9999.0 -9999.0 01003.997 01012.739 01019.544 01026.846 01033.465 01038.786 01046.142 01053.617 01060.595 01068.496 01076.942 01082.880 01087.892 01093.244 01098.663 01100.769 01102.829 01104.937 01107.380 01116.363 01126.326 01136.642 -9999.000 -9999.0 -9999.0 -9999.0 01144.171 01133.884 01123.329 01112.563 01106.288 01104.087 01101.932 01098.908 01096.110 01090.521 01085.238 01078.872
-9999.0 -9999.0 -9999.0 -9999.0 -9999.0 -9999.0 -9999.0 -9999.0 -9999.0 -9999.0 -9999.0 -9999.0 -9999.0 -9999.0 -9999.0 -9999.0 -9999.0 -9999.0 -9999.0 -9999.0 -9999.0 -9999.0 -9999.0 -9999.0 -9999.0 -9999.0 01009.505 01016.705 01021.313 01030.240 01036.668 01042.639 01049.440 01056.912 01063.547 01070.875 01078.748 01084.163 01089.180 01094.492 01098.760 01101.190 01103.261 01105.371 01108.876 01118.535 01128.403 01138.712 -9999.000 -9999.0 -9999.000 01137.461 01126.887 01116.568 01107.263 01104.832 01102.656 01100.527 01098.066 01092.374 01087.013 01081.828 01078.399
-9999.0 -9999.0 -9999.0 -9999.0 -9999.0 -9999.0 -9999.0 -9999.0 -9999.0 -9999.0 -9999.0 -9999.0 -9999.0 -9999.0 -9999.0 -9999.0 -9999.0 -9999.0 -9999.0 -9999.0 -9999.0 -9999.0 -9999.0 -9999.0 -9999.0 -9999.0 01005.369 01013.315 01019.535 01026.682 01033.202 01038.583 01045.209 01051.878 01058.353 01065.421 01072.850 01078.866 01085.162 01090.252 01095.622 01098.853 01101.611 01103.695 01105.801 01110.213 01120.285 01129.428 01137.748 -9999.000 01137.321 01128.594 01119.658 01109.478 01105.492 01103.352 01101.240 01098.756 01094.259 01088.784 01083.640 01078.775 01075.146
-9999.0 -9999.0 -9999.0 -9999.0 -9999.0 -9999.0 -9999.0 -9999.0 -9999.0 -9999.0 -9999.0 -9999.0 -9999.0 -9999.0 -9999.0 -9999.0 -9999.0 -9999.0 -9999.0 -9999.0 -9999.0 -9999.0 -9999.0 -9999.0 -9999.0 -9999.0 -9999.0 01009.513 01016.509 01020.701 01029.545 01035.515 01040.598 01047.021 01053.945 01060.007 01066.972 01074.477 01078.962 01086.200 01091.313 01096.767 01098.960 01101.947 01103.994 01106.099 01109.985 01118.040 01124.966 01132.945 01124.990 01117.770 01109.437 01105.848 01103.890 01101.758 01098.878 01095.877 01090.435 01085.277 01078.879 01076.794 01072.115
