examples/flatland/Outputs/centerIgnit/c_atmRAWS/singleWinds/flatland_centerIgnit_3mph120deg7hr_atmRAWS/flatland_centerIgnit_3mph120deg7hr_atmRAWS_ReactionIntensity.asc
NCOLS 100
NROWS 100
XLLCORNER 20000.000000
YLLCORNER 20000.000000
CELLSIZE 30.000000
NODATA_VALUE -9999.0
[rows 28 to 55 of 100, columns 0 to 62 of 100]
-9999.0 -9999.0 -9999.0 -9999.0 -9999.0 -9999.0 -9999.0 -9999.0 -9999.0 -9999.0 00152.278 00152.970 00153.575 00154.119 00154.610 00154.944 00155.421 00155.987 00156.398 00156.798 00157.192 00157.583 00157.800 00158.287 00158.663 00159.053 00159.465 00159.903 00160.349 00160.655 00160.954 00161.332 00161.672 00162.008 00162.343 00162.636 00162.939 00163.222 00163.476 00163.714 00163.877 00163.888 00163.898 00163.891 00163.882 00163.787 00163.523 00163.225 00162.865 00162.486 00162.047 00161.596 00161.090 00160.645 00160.074 00159.410 00158.789 00158.171 00157.623 00157.037 00156.417 00155.764 00154.917
-9999.0 -9999.0 -9999.0 -9999.0 -9999.0 -9999.0 -9999.0 -9999.0 -9999.0 -9999.0 00152.662 00153.311 00153.894 00154.417 00154.870 00155.062 00155.838 00156.259 00156.662 00157.057 00157.457 00157.732 00158.134 00158.574 00158.968 00159.384 00159.823 00160.297 00160.671 00161.050 00161.429 00161.788 00162.160 00162.519 00162.903 00163.255 00163.586 00163.876 00163.894 00163.910 00164.390 00164.524 00164.641 00164.639 00164.544 00164.408 00163.910 00163.892 00163.756 00163.353 00162.861 00162.358 00161.838 00161.335 00160.710 00160.119 00159.420 00158.758 00158.082 00157.586 00156.969 00156.336 00155.648
-9999.0 -9999.0 -9999.0 -9999.0 -9999.0 -9999.0 -9999.0 -9999.0 -9999.0 00152.274 00153.010 00153.647 00154.191 00154.684 00154.982 00155.663 00156.101 00156.519 00156.920 00157.319 00157.656 00157.938 00158.444 00158.844 00159.268 00159.725 00160.203 00160.613 00160.979 00161.435 00161.870 00162.266 00162.652 00163.063 00163.468 00163.874 00163.898 00163.953 00164.549 00164.730 00164.904 00165.047 00165.181 00165.266 00165.164 00165.031 00164.855 00164.665 00164.397 00163.900 00163.744 00163.182 00162.618 00162.034 00161.381 00160.732 00160.112 00159.364 00158.695 00157.982 00157.522 00156.875 00156.211
-9999.0 -9999.0 -9999.0 -9999.0 -9999.0 -9999.0 -9999.0 -9999.0 -9999.0 00152.565 00153.271 00153.894 00154.452 00154.894 00155.147 00155.913 00156.347 00156.761 00157.169 00157.578 00157.800 00158.309 00158.703 00159.126 00159.580 00160.065 00160.531 00160.881 00161.353 00161.796 00162.251 00162.731 00163.172 00163.612 00163.885 00163.912 00164.535 00164.779 00165.007 00165.234 00165.416 00165.589 00165.737 00165.877 00165.812 00165.683 00165.510 00165.304 00165.031 00164.751 00164.382 00163.888 00163.480 00162.792 00162.081 00161.397 00160.710 00160.032 00159.285 00158.627 00157.862 00157.412 00156.744
-9999.0 -9999.0 -9999.0 -9999.0 -9999.0 -9999.0 -9999.0 -9999.0 -9999.0 00152.846 00153.520 00154.117 00154.654 00154.983 00155.699 00156.158 00156.580 00156.995 00157.412 00157.714 00158.108 00158.566 00158.979 00159.419 00159.891 00160.403 00160.771 00161.230 00161.698 00162.158 00162.641 00163.140 00163.676 00163.893 00164.193 00164.651 00164.938 00165.230 00165.483 00165.721 00165.948 00166.141 00166.304 00166.464 00166.519 00166.362 00166.194 00165.982 00165.694 00165.401 00165.009 00164.609 00163.906 00163.611 00162.828 00162.083 00161.344 00160.651 00159.945 00159.208 00158.532 00157.780 00157.271
-9999.0 -9999.0 -9999.0 -9999.0 -9999.0 -9999.0 -9999.0 -9999.0 00152.349 00153.090 00153.746 00154.330 00154.850 00155.063 00155.884 00156.350 00156.798 00157.227 00157.614 00157.852 00158.404 00158.814 00159.254 00159.724 00160.228 00160.648 00161.063 00161.550 00162.021 00162.521 00163.036 00163.572 00163.890 00164.381 00164.734 00165.041 00165.348 00165.657 00165.966 00166.224 00166.475 00166.701 00166.896 00166.916 00166.930 00166.918 00166.903 00166.691 00166.389 00166.081 00165.664 00165.237 00164.796 00163.911 00163.634 00162.802 00162.004 00161.261 00160.589 00159.839 00159.089 00158.401 00157.691
-9999.0 -9999.0 -9999.0 -9999.0 -9999.0 -9999.0 -9999.0 -9999.0 00152.578 00153.315 00153.947 00154.510 00154.928 00155.486 00156.067 00156.524 00156.969 00157.417 00157.737 00158.196 00158.636 00159.072 00159.537 00160.036 00160.522 00160.892 00161.388 00161.857 00162.353 00162.878 00163.429 00163.882 00163.916 00164.681 00165.058 00165.442 00165.762 00166.092 00166.412 00166.742 00166.911 00166.932 00166.974 00167.175 00167.241 00167.232 00167.165 00166.944 00166.921 00166.789 00166.348 00165.898 00165.397 00164.820 00163.912 00163.578 00162.713 00161.920 00161.174 00160.501 00159.693 00158.941 00158.126
-9999.0 -9999.0 -9999.0 -9999.0 -9999.0 -9999.0 -9999.0 -9999.0 00152.768 00153.483 00154.114 00154.678 00155.001 00155.750 00156.230 00156.688 00157.138 00157.583 00157.831 00158.412 00158.863 00159.327 00159.812 00160.345 00160.742 00161.209 00161.695 00162.181 00162.693 00163.233 00163.808 00163.907 00164.591 00164.973 00165.361 00165.762 00166.178 00166.528 00166.868 00166.927 00167.070 00167.221 00167.313 00167.386 00167.459 00167.502 00167.432 00167.349 00167.244 00167.041 00166.916 00166.598 00166.027 00165.413 00164.807 00163.906 00163.480 00162.620 00161.823 00161.032 00160.363 00159.466 00158.635
-9999.0 -9999.0 -9999.0 -9999.0 -9999.0 -9999.0 -9999.0 00151.780 00152.947 00153.643 00154.259 00154.808 00155.057 00155.897 00156.387 00156.843 00157.296 00157.673 00158.065 00158.582 00159.047 00159.551 00160.100 00160.584 00160.995 00161.503 00161.988 00162.506 00163.045 00163.612 00163.894 00164.459 00164.851 00165.258 00165.672 00166.084 00166.509 00166.906 00166.937 00167.176 00167.297 00167.414 00167.509 00167.597 00167.676 00167.748 00167.701 00167.618 00167.511 00167.385 00167.221 00166.936 00166.680 00166.034 00165.377 00164.743 00163.900 00163.380 00162.491 00161.680 00160.840 00160.025 00159.116
-9999.0 -9999.0 -9999.0 -9999.0 -9999.0 -9999.0 -9999.0 00152.296 00153.087 00153.781 00154.390 00154.888 00155.278 00156.017 00156.501 00156.971 00157.443 00157.760 00158.290 00158.739 00159.224 00159.749 00160.318 00160.756 00161.274 00161.783 00162.293 00162.829 00163.397 00163.881 00163.921 00164.716 00165.119 00165.535 00165.964 00166.403 00166.841 00166.933 00167.194 00167.340 00167.467 00167.589 00167.706 00167.802 00167.890 00167.970 00167.981 00167.893 00167.784 00167.653 00167.484 00167.298 00166.938 00166.668 00165.972 00165.306 00164.676 00163.892 00163.212 00162.335 00161.405 00160.563 00159.620
-9999.0 -9999.0 -9999.0 -9999.0 -9999.0 -9999.0 -9999.0 00152.422 00153.197 00153.879 00154.482 00154.931 00155.596 00156.133 00156.611 00157.080 00157.554 00157.826 00158.427 00158.905 00159.405 00159.947 00160.500 00160.927 00161.480 00162.011 00162.579 00163.152 00163.746 00163.904 00164.575 00164.979 00165.390 00165.813 00166.252 00166.705 00166.924 00167.157 00167.316 00167.477 00167.637 00167.760 00167.887 00168.002 00168.100 00168.248 00168.543 00168.188 00168.063 00167.923 00167.751 00167.541 00167.299 00166.935 00166.592 00165.897 00165.236 00164.578 00163.882 00162.949 00161.947 00161.000 00160.168
-9999.0 -9999.0 -9999.0 -9999.0 -9999.0 -9999.0 -9999.0 00152.512 00153.287 00153.968 00154.569 00154.966 00155.702 00156.214 00156.702 00157.183 00157.626 00157.966 00158.537 00159.024 00159.554 00160.135 00160.643 00161.124 00161.672 00162.224 00162.808 00163.430 00163.887 00164.407 00164.812 00165.232 00165.666 00166.102 00166.547 00166.911 00166.965 00167.270 00167.437 00167.601 00167.764 00167.930 00168.063 00168.248 00168.630 00169.011 00169.538 00169.323 00168.758 00168.279 00168.026 00167.790 00167.539 00167.277 00166.929 00166.514 00165.805 00165.119 00164.424 00163.596 00162.511 00161.542 00160.596
-9999.0 -9999.0 -9999.0 -9999.0 -9999.0 -9999.0 -9999.0 00152.583 00153.357 00154.034 00154.629 00154.994 00155.772 00156.288 00156.777 00157.259 00157.669 00158.099 00158.637 00159.142 00159.684 00160.276 00160.749 00161.293 00161.854 00162.423 00163.026 00163.668 00163.903 00164.602 00165.055 00165.486 00165.926 00166.379 00166.846 00166.935 00167.212 00167.379 00167.548 00167.718 00167.890 00168.057 00168.374 00168.840 00169.501 00170.057 00170.525 00170.707 00170.142 00169.406 00168.614 00168.041 00167.777 00167.511 00167.249 00166.923 00166.401 00165.684 00164.877 00163.898 00163.108 00162.001 00160.961
-9999.0 -9999.0 -9999.0 -9999.0 -9999.0 -9999.0 -9999.0 00152.637 00153.406 00154.077 00154.674 00155.014 00155.825 00156.340 00156.832 00157.322 00157.708 00158.209 00158.711 00159.226 00159.789 00160.407 00160.848 00161.428 00161.986 00162.584 00163.223 00163.876 00163.917 00164.761 00165.221 00165.698 00166.192 00166.660 00166.921 00167.153 00167.321 00167.490 00167.660 00167.831 00168.005 00168.216 00168.790 00169.649 00170.350 00170.918 00171.473 00172.070 00171.463 00170.701 00169.797 00168.592 00168.018 00167.748 00167.482 00167.215 00166.913 00166.188 00165.340 00164.546 00163.665 00162.474 00161.415
-9999.0 -9999.0 -9999.0 -9999.0 -9999.0 -9999.0 -9999.0 00152.643 00153.436 00154.117 00154.710 00155.029 00155.861 00156.377 00156.874 00157.369 00157.736 00158.284 00158.771 00159.300 00159.879 00160.482 00160.941 00161.536 00162.117 00162.734 00163.384 00163.886 00164.448 00164.916 00165.387 00165.868 00166.367 00166.885 00166.944 00167.256 00167.428 00167.601 00167.772 00167.945 00168.119 00168.601 00169.378 00170.231 00171.012 00171.755 00172.376 00173.012 00172.852 00172.019 00170.946 00169.723 00168.491 00167.988 00167.719 00167.443 00167.153 00166.697 00165.816 00164.932 00163.895 00162.949 00161.777
-9999.0 -9999.0 -9999.0 -9999.0 -9999.0 -9999.0 -9999.0 00152.536 00153.341 00154.046 00154.667 00155.020 00155.861 00156.398 00156.908 00157.404 00157.757 00158.325 00158.821 00159.359 00159.948 00160.533 00161.021 00161.620 00162.211 00162.840 00163.515 00163.896 00164.558 00165.030 00165.521 00166.031 00166.554 00166.917 00167.150 00167.339 00167.531 00167.707 00167.884 00168.059 00168.400 00169.057 00169.953 00170.743 00171.562 00172.415 00173.235 00173.862 00174.349 00173.360 00172.137 00170.830 00169.564 00168.391 00167.953 00167.675 00167.340 00166.928 00166.248 00165.314 00164.416 00163.374 00162.134
-9999.0 -9999.0 -9999.0 -9999.0 -9999.0 -9999.0 -9999.0 00152.413 00153.236 00153.954 00154.585 00154.987 00155.785 00156.325 00156.841 00157.356 00157.741 00158.315 00158.832 00159.398 00160.011 00160.580 00161.086 00161.682 00162.283 00162.927 00163.616 00163.903 00164.634 00165.122 00165.632 00166.152 00166.685 00166.929 00167.215 00167.407 00167.600 00167.794 00167.991 00168.182 00168.782 00169.667 00170.470 00171.280 00172.116 00172.950 00173.747 00160.240 -9999.0 -9999.000 00173.268 00171.980 00170.691 00169.409 00168.264 00167.870 00167.530 00167.176 00166.673 00165.666 00164.717 00163.764 00162.443
-9999.0 -9999.0 -9999.0 -9999.0 -9999.0 -9999.0 -9999.0 00152.265 00153.108 00153.844 00154.490 00154.949 00155.696 00156.241 00156.760 00157.273 00157.695 00158.212 00158.744 00159.299 00159.912 00160.534 00161.055 00161.685 00162.322 00163.002 00163.699 00163.908 00164.705 00165.201 00165.710 00166.242 00166.792 00166.939 00167.261 00167.460 00167.661 00167.863 00168.061 00168.490 00169.323 00170.197 00171.008 00171.823 00172.677 00173.468 00174.281 -9999.000 -9999.0 -9999.0 -9999.000 00173.133 00171.835 00170.548 00169.076 00168.065 00167.700 00167.332 00166.914 00165.986 00164.979 00163.890 00162.751
-9999.0 -9999.0 -9999.0 -9999.0 -9999.0 -9999.0 -9999.0 -9999.0 00152.942 00153.702 00154.364 00154.898 00155.486 00156.136 00156.659 00157.173 00157.641 00158.074 00158.654 00159.199 00159.798 00160.452 00160.941 00161.578 00162.204 00162.878 00163.605 00163.904 00164.689 00165.215 00165.768 00166.325 00166.880 00166.946 00167.300 00167.504 00167.709 00167.914 00168.121 00168.718 00169.687 00170.602 00171.531 00172.391 00173.197 00173.999 -9999.000 -9999.0 -9999.0 -9999.0 -9999.0 -9999.000 00173.006 00171.670 00170.062 00168.431 00167.860 00167.467 00166.942 00166.281 00165.243 00163.904 00162.806
-9999.0 -9999.0 -9999.0 -9999.0 -9999.0 -9999.0 -9999.0 -9999.0 00152.734 00153.523 00154.212 00154.819 00155.111 00156.010 00156.542 00157.057 00157.577 00157.907 00158.544 00159.082 00159.673 00160.323 00160.822 00161.447 00162.065 00162.729 00163.444 00163.895 00164.582 00165.102 00165.647 00166.214 00166.805 00166.944 00167.302 00167.523 00167.747 00167.961 00168.191 00168.918 00170.001 00170.923 00171.884 00172.857 00173.719 00166.071 -9999.0 -9999.0 -9999.0 -9999.0 -9999.0 -9999.0 -9999.000 00172.657 00170.933 00169.092 00168.015 00167.601 00167.077 00166.297 00165.141 00163.895 00162.686
-9999.0 -9999.0 -9999.0 -9999.0 -9999.0 -9999.0 -9999.0 -9999.0 00152.489 00153.308 00154.022 00154.651 00155.016 00155.853 00156.393 00156.911 00157.430 00157.784 00158.397 00158.924 00159.500 00160.135 00160.692 00161.273 00161.889 00162.538 00163.243 00163.882 00164.446 00164.962 00165.501 00166.061 00166.644 00166.930 00167.240 00167.459 00167.682 00167.909 00168.139 00168.850 00170.046 00171.155 00172.259 00173.237 00174.179 -9999.000 -9999.0 -9999.0 -9999.0 -9999.0 -9999.0 -9999.0 -9999.000 00173.670 00171.768 00169.389 00167.983 00167.516 00166.939 00166.131 00164.998 00163.882 00162.507
-9999.0 -9999.0 -9999.0 -9999.0 -9999.0 -9999.0 -9999.0 -9999.0 00152.230 00153.079 00153.819 00154.469 00154.942 00155.682 00156.231 00156.753 00157.270 00157.695 00158.215 00158.749 00159.308 00159.925 00160.543 00161.068 00161.695 00162.330 00163.014 00163.749 00163.914 00164.788 00165.315 00165.868 00166.443 00166.914 00167.165 00167.383 00167.603 00167.826 00168.052 00168.559 00169.585 00170.637 00171.683 00172.814 00173.875 -9999.000 -9999.0 -9999.0 -9999.0 -9999.0 -9999.0 -9999.0 -9999.0 00173.267 00170.996 00168.780 00167.878 00167.423 00166.920 00165.911 00164.799 00163.726 00162.277
-9999.0 -9999.0 -9999.0 -9999.0 -9999.0 -9999.0 -9999.0 -9999.0 -9999.0 00152.769 00153.552 00154.237 00154.841 00155.168 00156.028 00156.558 00157.072 00157.585 00157.926 00158.556 00159.094 00159.683 00160.334 00160.830 00161.460 00162.078 00162.745 00163.462 00163.896 00164.593 00165.113 00165.656 00166.217 00166.796 00166.942 00167.288 00167.504 00167.722 00167.944 00168.178 00168.973 00170.114 00171.130 00172.158 00173.165 00174.143 -9999.000 -9999.0 -9999.0 -9999.0 -9999.0 -9999.0 -9999.000 00172.257 00170.245 00168.253 00167.736 00167.296 00166.803 00165.646 00164.556 00163.369 00161.961
-9999.0 -9999.0 -9999.0 -9999.0 -9999.0 -9999.0 -9999.0 -9999.0 -9999.0 00152.434 00153.258 00153.976 00154.608 00154.998 00155.811 00156.352 00156.871 00157.388 00157.760 00158.353 00158.876 00159.442 00160.063 00160.635 00161.186 00161.800 00162.435 00163.118 00163.850 00164.095 00164.845 00165.371 00165.918 00166.486 00166.917 00167.175 00167.390 00167.606 00167.817 00168.031 00168.441 00169.335 00170.362 00171.346 00172.371 00173.358 00174.345 -9999.0 -9999.0 -9999.0 -9999.0 -9999.000 00172.910 00170.977 00169.009 00167.986 00167.572 00167.102 00166.358 00165.244 00163.907 00162.918 00161.608
-9999.0 -9999.0 -9999.0 -9999.0 -9999.0 -9999.0 -9999.0 -9999.0 -9999.0 -9999.0 00152.949 00153.702 00154.359 00154.894 00155.442 00156.115 00156.634 00157.143 00157.621 00158.014 00158.609 00159.145 00159.733 00160.381 00160.858 00161.488 00162.098 00162.754 00163.460 00163.895 00164.577 00165.091 00165.623 00166.158 00166.715 00166.933 00167.243 00167.449 00167.659 00167.868 00168.079 00168.595 00169.569 00170.559 00171.551 00172.585 00173.556 -9999.000 -9999.0 -9999.0 -9999.0 00173.529 00171.619 00169.755 00168.135 00167.731 00167.329 00166.910 00165.917 00164.838 00163.827 00162.408 00161.153
-9999.0 -9999.0 -9999.0 -9999.0 -9999.0 -9999.0 -9999.0 -9999.0 -9999.0 -9999.0 00152.521 00153.325 00154.028 00154.648 00155.012 00155.837 00156.371 00156.883 00157.394 00157.759 00158.342 00158.854 00159.412 00160.027 00160.607 00161.145 00161.759 00162.388 00163.049 00163.752 00163.912 00164.739 00165.239 00165.759 00166.299 00166.857 00166.944 00167.289 00167.494 00167.701 00167.911 00168.123 00168.742 00169.797 00170.759 00171.759 00172.796 00173.761 -9999.000 -9999.0 -9999.000 00172.287 00170.377 00168.526 00167.867 00167.471 00166.944 00166.331 00165.303 00164.158 00163.222 00161.896 00160.706
-9999.0 -9999.0 -9999.0 -9999.0 -9999.0 -9999.0 -9999.0 -9999.0 -9999.0 -9999.0 -9999.0 00152.933 00153.684 00154.338 00154.884 00155.367 00156.086 00156.604 00157.109 00157.601 00157.956 00158.568 00159.098 00159.666 00160.286 00160.776 00161.357 00161.939 00162.561 00163.228 00163.878 00164.382 00164.862 00165.361 00165.879 00166.417 00166.909 00167.074 00167.331 00167.536 00167.744 00167.954 00168.174 00168.895 00169.980 00170.942 00171.951 00172.792 00173.639 -9999.000 00172.628 00170.961 00169.050 00168.004 00167.604 00167.214 00166.706 00165.680 00164.722 00163.773 00162.458 00161.294 00160.257
-9999.0 -9999.0 -9999.0 -9999.0 -9999.0 -9999.0 -9999.0 -9999.0 -9999.0 -9999.0 -9999.0 00152.465 00153.273 00153.978 00154.600 00154.990 00155.785 00156.319 00156.819 00157.314 00157.706 00158.212 00158.724 00159.251 00159.828 00160.451 00160.909 00161.515 00162.101 00162.726 00163.395 00163.888 00164.482 00164.965 00165.467 00165.989 00166.531 00166.918 00167.169 00167.373 00167.576 00167.780 00167.987 00168.274 00169.047 00169.935 00170.699 00171.484 00172.318 00172.022 00170.786 00169.482 00168.118 00167.730 00167.344 00166.916 00166.019 00165.040 00163.899 00162.949 00161.752 00160.664 00159.563
