examples/flatland/Outputs/centerIgnit/c_atmRAWS/singleWinds/flatland_centerIgnit_3mph120deg7hr_atmRAWS/flatland_centerIgnit_3mph120deg7hr_atmRAWS_HeatPerUnitArea.asc
NCOLS 100
NROWS 100
XLLCORNER 20000.000000
YLLCORNER 20000.000000
CELLSIZE 30.000000
NODATA_VALUE -9999.0
[rows 28 to 55 of 100, columns 0 to 62 of 100]
-9999.0 -9999.0 -9999.0 -9999.0 -9999.0 -9999.0 -9999.0 -9999.0 -9999.0 -9999.0 01002.382 01006.933 01010.918 01014.502 01017.736 01019.924 01023.074 01026.796 01029.505 01032.133 01034.726 01037.298 01038.726 01041.934 01044.409 01046.977 01049.694 01052.573 01055.507 01057.520 01059.491 01061.974 01064.217 01066.428 01068.636 01070.561 01072.561 01074.418 01076.098 01077.662 01078.724 01078.796 01078.866 01078.816 01078.757 01078.139 01076.404 01074.438 01072.070 01069.576 01066.683 01063.719 01060.390 01057.455 01053.703 01049.335 01045.238 01041.173 01037.561 01033.707 01029.627 01025.330 01019.749
-9999.0 -9999.0 -9999.0 -9999.0 -9999.0 -9999.0 -9999.0 -9999.0 -9999.0 -9999.0 01004.917 01009.189 01013.019 01016.462 01019.437 01020.704 01025.819 01028.585 01031.234 01033.834 01036.473 01038.277 01040.929 01043.828 01046.420 01049.158 01052.039 01055.169 01057.626 01060.124 01062.615 01064.983 01067.432 01069.791 01072.321 01074.638 01076.820 01078.722 01078.842 01078.947 01082.106 01082.992 01083.762 01083.749 01083.120 01082.223 01078.942 01078.822 01077.937 01075.284 01072.048 01068.730 01065.312 01061.993 01057.883 01054.000 01049.394 01045.033 01040.583 01037.313 01033.258 01029.094 01024.557
-9999.0 -9999.0 -9999.0 -9999.0 -9999.0 -9999.0 -9999.0 -9999.0 -9999.0 01002.353 01007.194 01011.389 01014.975 01018.223 01020.174 01024.657 01027.546 01030.300 01032.937 01035.568 01037.775 01039.633 01042.971 01045.599 01048.388 01051.399 01054.551 01057.246 01059.654 01062.656 01065.521 01068.129 01070.670 01073.370 01076.044 01078.709 01078.864 01079.227 01083.159 01084.346 01085.490 01086.434 01087.314 01087.874 01087.201 01086.329 01085.167 01083.915 01082.151 01078.875 01077.857 01074.153 01070.444 01066.603 01062.295 01058.025 01053.952 01049.025 01044.617 01039.925 01036.900 01032.641 01028.270
-9999.0 -9999.0 -9999.0 -9999.0 -9999.0 -9999.0 -9999.0 -9999.0 -9999.0 01004.279 01008.920 01013.020 01016.690 01019.599 01021.262 01026.310 01029.167 01031.891 01034.573 01037.262 01038.729 01042.073 01044.669 01047.456 01050.447 01053.642 01056.705 01059.004 01062.111 01065.030 01068.031 01071.190 01074.084 01076.987 01078.782 01078.954 01083.060 01084.666 01086.171 01087.661 01088.858 01090.000 01090.971 01091.896 01091.464 01090.614 01089.476 01088.120 01086.330 01084.482 01082.053 01078.796 01076.120 01071.590 01066.906 01062.403 01057.881 01053.427 01048.504 01044.170 01039.132 01036.180 01031.778
-9999.0 -9999.0 -9999.0 -9999.0 -9999.0 -9999.0 -9999.0 -9999.0 -9999.0 01006.120 01010.560 01014.488 01018.022 01020.182 01024.899 01027.918 01030.697 01033.427 01036.177 01038.158 01040.759 01043.772 01046.490 01049.387 01052.495 01055.860 01058.283 01061.307 01064.392 01067.421 01070.598 01073.880 01077.407 01078.832 01080.810 01083.826 01085.712 01087.633 01089.302 01090.870 01092.363 01093.632 01094.702 01095.748 01096.114 01095.088 01093.983 01092.587 01090.692 01088.763 01086.182 01083.549 01078.920 01076.981 01071.829 01066.920 01062.057 01057.496 01052.852 01047.995 01043.548 01038.593 01035.250
-9999.0 -9999.0 -9999.0 -9999.0 -9999.0 -9999.0 -9999.0 -9999.0 01002.850 01007.726 01012.042 01015.882 01019.304 01020.707 01026.119 01029.185 01032.138 01034.958 01037.502 01039.070 01042.703 01045.405 01048.297 01051.391 01054.713 01057.474 01060.210 01063.411 01066.515 01069.800 01073.195 01076.730 01078.809 01082.046 01084.374 01086.390 01088.408 01090.448 01092.478 01094.179 01095.834 01097.324 01098.599 01098.733 01098.823 01098.742 01098.648 01097.257 01095.266 01093.237 01090.497 01087.680 01084.778 01078.951 01077.133 01071.655 01066.397 01061.512 01057.086 01052.150 01047.215 01042.686 01038.008
-9999.0 -9999.0 -9999.0 -9999.0 -9999.0 -9999.0 -9999.0 -9999.0 01004.363 01009.215 01013.373 01017.072 01019.821 01023.496 01027.323 01030.327 01033.259 01036.209 01038.310 01041.336 01044.233 01047.103 01050.164 01053.454 01056.648 01059.076 01062.344 01065.433 01068.703 01072.158 01075.783 01078.758 01078.986 01084.022 01086.503 01089.032 01091.135 01093.314 01095.413 01097.589 01098.698 01098.835 01099.113 01100.439 01100.871 01100.811 01100.372 01098.916 01098.761 01097.901 01094.996 01092.034 01088.734 01084.937 01078.955 01076.764 01071.073 01065.843 01060.942 01056.505 01051.192 01046.241 01040.879
-9999.0 -9999.0 -9999.0 -9999.0 -9999.0 -9999.0 -9999.0 -9999.0 01005.614 01010.314 01014.472 01018.178 01020.300 01025.234 01028.393 01031.406 01034.370 01037.294 01038.932 01042.759 01045.728 01048.782 01051.969 01055.480 01058.096 01061.168 01064.371 01067.569 01070.936 01074.492 01078.277 01078.921 01083.434 01085.944 01088.497 01091.138 01093.876 01096.183 01098.417 01098.806 01099.742 01100.742 01101.347 01101.826 01102.305 01102.589 01102.129 01101.582 01100.893 01099.554 01098.733 01096.639 01092.880 01088.841 01084.847 01078.919 01076.121 01070.458 01065.209 01060.008 01055.599 01049.697 01044.226
-9999.0 -9999.0 -9999.0 -9999.0 -9999.0 -9999.0 -9999.0 00999.111 01006.785 01011.367 01015.421 01019.033 01020.670 01026.208 01029.431 01032.430 01035.411 01037.892 01040.475 01043.875 01046.939 01050.258 01053.874 01057.057 01059.759 01063.104 01066.292 01069.702 01073.256 01076.989 01078.839 01082.557 01085.140 01087.819 01090.549 01093.260 01096.058 01098.665 01098.868 01100.443 01101.242 01102.014 01102.633 01103.214 01103.722 01104.206 01103.910 01103.357 01102.651 01101.815 01100.741 01098.864 01097.180 01092.928 01088.600 01084.427 01078.878 01075.461 01069.607 01064.270 01058.735 01053.381 01047.395
-9999.0 -9999.0 -9999.0 -9999.0 -9999.0 -9999.0 -9999.0 01002.499 01007.703 01012.275 01016.283 01019.558 01022.132 01026.996 01030.179 01033.270 01036.380 01038.463 01041.948 01044.903 01048.100 01051.558 01055.301 01058.187 01061.599 01064.947 01068.307 01071.835 01075.574 01078.756 01079.016 01084.253 01086.908 01089.645 01092.464 01095.353 01098.235 01098.844 01100.564 01101.524 01102.360 01103.163 01103.930 01104.565 01105.146 01105.667 01105.739 01105.162 01104.447 01103.577 01102.473 01101.247 01098.877 01097.100 01092.520 01088.134 01083.986 01078.828 01074.352 01068.581 01062.457 01056.912 01050.710
-9999.0 -9999.0 -9999.0 -9999.0 -9999.0 -9999.0 -9999.0 01003.332 01008.435 01012.921 01016.893 01019.839 01024.219 01027.752 01030.901 01033.985 01037.109 01038.898 01042.858 01046.005 01049.292 01052.861 01056.498 01059.308 01062.949 01066.448 01070.184 01073.957 01077.870 01078.903 01083.328 01085.985 01088.686 01091.471 01094.363 01097.349 01098.783 01100.319 01101.364 01102.423 01103.476 01104.289 01105.125 01105.883 01106.526 01107.505 01109.447 01107.102 01106.278 01105.359 01104.227 01102.847 01101.254 01098.859 01096.600 01092.023 01087.672 01083.335 01078.756 01072.625 01066.024 01059.789 01054.320
-9999.0 -9999.0 -9999.0 -9999.0 -9999.0 -9999.0 -9999.0 01003.930 01009.028 01013.508 01017.465 01020.072 01024.915 01028.290 01031.501 01034.666 01037.577 01039.821 01043.582 01046.789 01050.281 01054.101 01057.440 01060.612 01064.221 01067.854 01071.698 01075.790 01078.795 01082.217 01084.882 01087.650 01090.505 01093.375 01096.308 01098.699 01099.051 01101.061 01102.163 01103.240 01104.312 01105.408 01106.283 01107.501 01110.018 01112.488 01115.984 01114.650 01110.857 01107.710 01106.040 01104.483 01102.832 01101.111 01098.817 01096.089 01091.421 01086.907 01082.332 01076.883 01069.735 01063.363 01057.132
-9999.0 -9999.0 -9999.0 -9999.0 -9999.0 -9999.0 -9999.0 01004.395 01009.484 01013.943 01017.857 01020.252 01025.381 01028.779 01031.995 01035.168 01037.867 01040.697 01044.242 01047.566 01051.129 01055.032 01058.138 01061.722 01065.411 01069.158 01073.131 01077.361 01078.895 01083.502 01086.484 01089.322 01092.219 01095.198 01098.274 01098.859 01100.681 01101.779 01102.889 01104.014 01105.142 01106.245 01108.335 01111.397 01115.758 01119.425 01122.500 01123.682 01119.963 01115.135 01109.915 01106.138 01104.401 01102.648 01100.923 01098.776 01095.338 01090.624 01085.309 01078.864 01073.670 01066.383 01059.535
-9999.0 -9999.0 -9999.0 -9999.0 -9999.0 -9999.0 -9999.0 01004.754 01009.808 01014.228 01018.152 01020.389 01025.732 01029.120 01032.360 01035.584 01038.123 01041.418 01044.722 01048.112 01051.816 01055.886 01058.787 01062.607 01066.280 01070.214 01074.423 01078.718 01078.991 01084.546 01087.579 01090.719 01093.966 01097.048 01098.766 01100.289 01101.400 01102.510 01103.627 01104.756 01105.900 01107.291 01111.070 01116.729 01121.350 01125.089 01128.741 01132.662 01128.659 01123.646 01117.699 01109.768 01105.986 01104.206 01102.460 01100.703 01098.708 01093.945 01088.358 01083.132 01077.338 01069.494 01062.520
-9999.0 -9999.0 -9999.0 -9999.0 -9999.0 -9999.0 -9999.0 01004.791 01010.015 01014.492 01018.392 01020.488 01025.967 01029.367 01032.634 01035.892 01038.308 01041.908 01045.114 01048.598 01052.415 01056.379 01059.403 01063.320 01067.146 01071.209 01075.487 01078.789 01082.489 01085.571 01088.666 01091.836 01095.119 01098.530 01098.913 01100.969 01102.102 01103.242 01104.366 01105.502 01106.651 01109.830 01114.950 01120.564 01125.706 01130.582 01134.617 01138.875 01137.799 01132.379 01125.270 01117.209 01109.103 01105.789 01104.016 01102.203 01100.288 01097.302 01091.489 01085.675 01078.847 01072.627 01064.909
-9999.0 -9999.0 -9999.0 -9999.0 -9999.0 -9999.0 -9999.0 01004.084 01009.387 01014.024 01018.108 01020.429 01025.966 01029.501 01032.860 01036.126 01038.439 01042.184 01045.449 01048.995 01052.866 01056.720 01059.934 01063.874 01067.765 01071.911 01076.353 01078.851 01083.210 01086.319 01089.553 01092.910 01096.350 01098.735 01100.268 01101.515 01102.779 01103.937 01105.100 01106.258 01108.508 01112.830 01118.730 01123.922 01129.320 01134.941 01140.350 01144.468 01147.656 01141.124 01133.110 01124.501 01116.171 01108.448 01105.559 01103.728 01101.523 01098.810 01094.336 01088.188 01082.273 01075.420 01067.257
-9999.0 -9999.0 -9999.0 -9999.0 -9999.0 -9999.0 -9999.0 01003.274 01008.689 01013.415 01017.571 01020.211 01025.468 01029.019 01032.420 01035.808 01038.340 01042.115 01045.524 01049.249 01053.292 01057.025 01060.362 01064.286 01068.241 01072.481 01077.014 01078.897 01083.715 01086.923 01090.281 01093.708 01097.217 01098.818 01100.701 01101.965 01103.231 01104.514 01105.809 01107.068 01111.019 01116.845 01122.137 01127.470 01132.976 01138.462 01143.703 01148.653 -9999.0 -9999.000 01140.554 01132.080 01123.580 01115.156 01107.606 01105.014 01102.773 01100.445 01097.134 01090.508 01084.262 01077.985 01069.290
-9999.0 -9999.0 -9999.0 -9999.0 -9999.0 -9999.0 -9999.0 01002.291 01007.848 01012.692 01016.945 01019.960 01024.880 01028.469 01031.882 01035.261 01038.036 01041.438 01044.938 01048.596 01052.634 01056.723 01060.156 01064.305 01068.500 01072.974 01077.552 01078.933 01084.179 01087.444 01090.799 01094.295 01097.915 01098.881 01101.001 01102.310 01103.635 01104.968 01106.272 01109.098 01114.590 01120.338 01125.680 01131.037 01136.653 01141.869 01147.219 -9999.000 -9999.0 -9999.0 -9999.000 01139.665 01131.116 01122.646 01112.959 01106.297 01103.893 01101.467 01098.715 01092.615 01085.983 01078.814 01071.321
-9999.0 -9999.0 -9999.0 -9999.0 -9999.0 -9999.0 -9999.0 -9999.0 01006.748 01011.750 01016.108 01019.626 01023.502 01027.770 01031.216 01034.604 01037.681 01040.532 01044.349 01047.939 01051.878 01056.180 01059.406 01063.599 01067.718 01072.159 01076.953 01078.907 01084.076 01087.546 01091.177 01094.842 01098.496 01098.930 01101.259 01102.603 01103.952 01105.298 01106.663 01110.597 01116.974 01122.996 01129.120 01134.784 01140.087 01145.368 -9999.000 -9999.0 -9999.0 -9999.0 -9999.0 -9999.000 01138.828 01130.023 01119.457 01108.711 01104.946 01102.360 01098.900 01094.549 01087.719 01078.901 01071.683
-9999.0 -9999.0 -9999.0 -9999.0 -9999.0 -9999.0 -9999.0 -9999.0 01005.387 01010.576 01015.110 01019.107 01021.029 01026.949 01030.445 01033.838 01037.257 01039.434 01043.627 01047.172 01051.059 01055.334 01058.617 01062.736 01066.801 01071.178 01075.891 01078.842 01083.368 01086.796 01090.381 01094.113 01098.001 01098.912 01101.270 01102.726 01104.203 01105.612 01107.125 01111.913 01119.058 01125.096 01131.443 01137.843 01143.512 01148.653 -9999.0 -9999.0 -9999.0 -9999.0 -9999.0 -9999.0 -9999.000 01136.527 01125.154 01113.066 01105.970 01103.238 01099.797 01094.656 01087.051 01078.843 01070.891
-9999.0 -9999.0 -9999.0 -9999.0 -9999.0 -9999.0 -9999.0 -9999.0 01003.778 01009.167 01013.867 01018.002 01020.398 01025.915 01029.471 01032.882 01036.298 01038.620 01042.661 01046.129 01049.922 01054.104 01057.762 01061.587 01065.640 01069.916 01074.556 01078.758 01082.473 01085.874 01089.418 01093.107 01096.942 01098.824 01100.865 01102.308 01103.772 01105.265 01106.782 01111.464 01119.374 01126.617 01133.914 01140.352 01146.549 -9999.000 -9999.0 -9999.0 -9999.0 -9999.0 -9999.0 -9999.0 -9999.000 01143.190 01130.674 01115.024 01105.756 01102.682 01098.883 01093.574 01086.107 01078.761 01069.712
-9999.0 -9999.0 -9999.0 -9999.0 -9999.0 -9999.0 -9999.0 -9999.0 01002.060 01007.654 01012.528 01016.806 01019.911 01024.788 01028.403 01031.839 01035.240 01038.034 01041.462 01044.971 01048.655 01052.714 01056.784 01060.241 01064.369 01068.549 01073.050 01077.886 01078.969 01084.723 01088.196 01091.830 01095.623 01098.717 01100.370 01101.802 01103.253 01104.721 01106.212 01109.553 01116.302 01123.226 01130.112 01137.554 01144.535 -9999.000 -9999.0 -9999.0 -9999.0 -9999.0 -9999.0 -9999.0 -9999.0 01140.544 01125.641 01111.005 01105.068 01102.066 01098.758 01092.115 01084.796 01077.740 01068.199
-9999.0 -9999.0 -9999.0 -9999.0 -9999.0 -9999.0 -9999.0 -9999.0 -9999.0 01005.619 01010.772 01015.275 01019.248 01021.405 01027.067 01030.551 01033.936 01037.310 01039.560 01043.705 01047.246 01051.128 01055.412 01058.673 01062.817 01066.888 01071.279 01076.002 01078.849 01083.441 01086.870 01090.441 01094.129 01097.946 01098.900 01101.183 01102.602 01104.040 01105.495 01107.036 01112.277 01119.791 01126.488 01133.235 01139.868 01146.314 -9999.000 -9999.0 -9999.0 -9999.0 -9999.0 -9999.0 -9999.000 01133.902 01120.660 01107.534 01104.132 01101.236 01097.989 01090.375 01083.200 01075.386 01066.117
-9999.0 -9999.0 -9999.0 -9999.0 -9999.0 -9999.0 -9999.0 -9999.0 -9999.0 01003.416 01008.835 01013.562 01017.718 01020.280 01025.637 01029.201 01032.615 01036.021 01038.463 01042.370 01045.810 01049.541 01053.630 01057.390 01061.021 01065.060 01069.238 01073.731 01078.553 01080.163 01085.099 01088.561 01092.164 01095.906 01098.736 01100.437 01101.851 01103.271 01104.663 01106.072 01108.779 01114.663 01121.427 01127.904 01134.654 01141.145 01147.640 -9999.0 -9999.0 -9999.0 -9999.0 -9999.000 01138.195 01125.475 01112.513 01105.775 01103.051 01099.955 01095.055 01087.728 01078.927 01072.419 01063.795
-9999.0 -9999.0 -9999.0 -9999.0 -9999.0 -9999.0 -9999.0 -9999.0 -9999.0 -9999.0 01006.793 01011.751 01016.074 01019.597 01023.208 01027.635 01031.052 01034.403 01037.550 01040.140 01044.052 01047.582 01051.451 01055.717 01058.854 01063.003 01067.019 01071.343 01075.988 01078.844 01083.340 01086.720 01090.221 01093.753 01097.412 01098.846 01100.882 01102.243 01103.619 01104.995 01106.389 01109.792 01116.201 01122.719 01129.246 01136.054 01142.442 -9999.000 -9999.0 -9999.0 -9999.0 01142.269 01129.692 01117.419 01106.753 01104.097 01101.448 01098.693 01092.156 01085.051 01078.399 01069.059 01060.805
-9999.0 -9999.0 -9999.0 -9999.0 -9999.0 -9999.0 -9999.0 -9999.0 -9999.0 -9999.0 01003.991 01009.277 01013.906 01017.989 01020.371 01025.807 01029.322 01032.698 01036.061 01038.453 01042.294 01045.665 01049.343 01053.391 01057.207 01060.752 01064.788 01068.931 01073.283 01077.905 01078.954 01084.405 01087.697 01091.119 01094.673 01098.347 01098.917 01101.188 01102.533 01103.897 01105.278 01106.676 01110.752 01117.694 01124.030 01130.616 01137.444 01143.803 -9999.000 -9999.0 -9999.000 01134.099 01121.524 01109.337 01104.994 01102.388 01098.913 01094.879 01088.113 01080.577 01074.420 01065.691 01057.857
-9999.0 -9999.0 -9999.0 -9999.0 -9999.0 -9999.0 -9999.0 -9999.0 -9999.0 -9999.0 -9999.0 01006.693 01011.630 01015.940 01019.532 01022.716 01027.445 01030.849 01034.176 01037.415 01039.758 01043.783 01047.275 01051.015 01055.098 01058.316 01062.141 01065.969 01070.063 01074.457 01078.736 01082.050 01085.212 01088.496 01091.908 01095.446 01098.683 01099.771 01101.461 01102.811 01104.179 01105.562 01107.010 01111.759 01118.914 01125.248 01131.889 01137.431 01142.985 -9999.000 01136.347 01125.370 01112.783 01105.891 01103.261 01100.693 01097.352 01090.596 01084.290 01078.048 01069.388 01061.726 01054.905
-9999.0 -9999.0 -9999.0 -9999.0 -9999.0 -9999.0 -9999.0 -9999.0 -9999.0 -9999.0 -9999.0 01003.622 01008.938 01013.578 01017.667 01020.231 01025.464 01028.989 01032.274 01035.529 01038.110 01041.437 01044.806 01048.275 01052.073 01056.177 01059.192 01063.181 01067.041 01071.154 01075.560 01078.802 01082.713 01085.893 01089.199 01092.635 01096.202 01098.744 01100.399 01101.737 01103.079 01104.417 01105.780 01107.674 01112.770 01118.612 01123.634 01128.819 01134.260 01132.410 01124.208 01115.630 01106.646 01104.086 01101.548 01098.732 01092.829 01086.387 01078.874 01072.623 01064.743 01057.580 01050.336
