examples/flatland/Outputs/centerIgnit/c_atmRAWS/singleWinds/flatland_centerIgnit_3mph120deg7hr_atmRAWS/flatland_centerIgnit_3mph120deg7hr_atmRAWS_SpreadRate.asc
NCOLS 100
NROWS 100
XLLCORNER 20000.000000
YLLCORNER 20000.000000
CELLSIZE 30.000000
NODATA_VALUE -9999.0
[rows 32 to 63 of 100, columns 0 to 70 of 100]
-9999.0 -9999.0 -9999.0 -9999.0 -9999.0 -9999.0 -9999.0 -9999.0 -9999.0 02.52 02.54 02.57 02.59 02.61 02.64 02.67 02.69 02.71 02.73 02.75 02.77 02.79 02.81 02.83 02.85 02.87 02.88 02.90 02.91 02.93 02.94 02.94 02.95 02.94 02.93 02.93 02.91 02.89 02.86 02.84 02.81 02.77 02.71 02.63 02.49 02.28 02.23 02.16 02.10 02.03 01.97 01.91 01.85 01.79 01.74 01.70 01.67 01.65 01.63 01.60 01.57 01.53 01.50 01.46 01.41 01.38 01.35 01.32 -9999.0 -9999.0 -9999.0
-9999.0 -9999.0 -9999.0 -9999.0 -9999.0 -9999.0 -9999.0 -9999.0 02.49 02.52 02.54 02.57 02.59 02.60 02.64 02.67 02.70 02.72 02.74 02.75 02.78 02.80 02.82 02.84 02.86 02.88 02.89 02.91 02.93 02.94 02.96 02.97 02.97 02.98 02.97 02.96 02.95 02.93 02.91 02.88 02.85 02.82 02.77 02.66 02.54 02.39 02.26 02.18 02.12 02.06 01.98 01.92 01.86 01.78 01.74 01.71 01.68 01.66 01.64 01.61 01.57 01.53 01.50 01.44 01.41 01.37 01.35 01.31 -9999.0 -9999.0 -9999.0
-9999.0 -9999.0 -9999.0 -9999.0 -9999.0 -9999.0 -9999.0 -9999.0 02.49 02.52 02.55 02.57 02.59 02.62 02.65 02.67 02.70 02.72 02.74 02.77 02.79 02.81 02.83 02.85 02.87 02.89 02.91 02.92 02.94 02.96 02.98 02.99 02.99 03.01 03.00 03.00 02.99 02.97 02.95 02.93 02.90 02.86 02.81 02.74 02.61 02.44 02.26 02.19 02.13 02.07 01.99 01.92 01.85 01.78 01.74 01.71 01.69 01.67 01.64 01.62 01.57 01.53 01.49 01.45 01.42 01.38 01.35 01.31 01.28 -9999.0 -9999.0
-9999.0 -9999.0 -9999.0 -9999.0 -9999.0 -9999.0 -9999.0 -9999.0 02.49 02.52 02.54 02.57 02.59 02.62 02.65 02.68 02.70 02.73 02.74 02.77 02.80 02.82 02.84 02.87 02.88 02.90 02.92 02.93 02.95 02.97 02.99 02.99 03.01 03.02 03.03 03.03 03.02 03.01 03.00 02.96 02.93 02.90 02.86 02.82 02.69 02.50 02.28 02.20 02.13 02.07 01.99 01.92 01.84 01.78 01.75 01.71 01.70 01.68 01.65 01.62 01.57 01.53 01.49 01.45 01.42 01.39 01.34 01.32 01.28 -9999.0 -9999.0
-9999.0 -9999.0 -9999.0 -9999.0 -9999.0 -9999.0 -9999.0 02.44 02.48 02.51 02.54 02.56 02.58 02.62 02.65 02.68 02.70 02.73 02.75 02.77 02.80 02.82 02.85 02.87 02.89 02.91 02.93 02.95 02.97 02.98 02.99 03.01 03.02 03.04 03.05 03.06 03.06 03.06 03.04 03.01 02.97 02.94 02.90 02.85 02.75 02.58 02.39 02.22 02.14 02.07 01.98 01.89 01.82 01.78 01.75 01.73 01.71 01.69 01.66 01.61 01.56 01.52 01.48 01.45 01.42 01.38 01.35 01.31 01.28 01.25 -9999.0
-9999.0 -9999.0 -9999.0 -9999.0 -9999.0 -9999.0 -9999.0 02.45 02.48 02.51 02.53 02.56 02.58 02.62 02.64 02.67 02.70 02.72 02.75 02.77 02.80 02.83 02.85 02.87 02.90 02.92 02.94 02.96 02.98 02.99 03.00 03.02 03.03 03.05 03.06 03.07 03.08 03.07 03.07 03.06 03.02 02.99 02.95 02.90 02.80 02.65 02.46 02.26 02.14 02.05 01.97 01.87 01.82 01.78 01.75 01.74 01.72 01.69 01.66 01.60 01.56 01.52 01.48 01.45 01.41 01.38 01.34 01.31 01.28 01.25 -9999.0
-9999.0 -9999.0 -9999.0 -9999.0 -9999.0 -9999.0 -9999.0 02.44 02.47 02.50 02.53 02.55 02.58 02.61 02.64 02.66 02.69 02.71 02.75 02.77 02.80 02.82 02.85 02.87 02.90 02.92 02.94 02.97 02.99 02.99 03.02 03.03 03.04 03.06 03.07 03.08 03.09 03.09 03.09 03.08 03.06 03.03 03.00 02.96 02.91 02.76 02.56 02.28 02.13 02.04 01.96 01.86 01.82 01.78 01.76 01.75 01.72 01.69 01.64 01.59 01.55 01.51 01.48 01.44 01.40 01.37 01.34 01.31 01.27 01.24 -9999.0
-9999.0 -9999.0 -9999.0 -9999.0 -9999.0 -9999.0 -9999.0 02.44 02.46 02.49 02.52 02.54 02.57 02.60 02.63 02.66 02.68 02.70 02.74 02.76 02.79 02.82 02.85 02.87 02.89 02.92 02.94 02.97 02.99 03.01 03.02 03.04 03.05 03.07 03.08 03.09 03.09 03.10 03.10 03.10 03.09 03.08 03.04 03.01 02.97 02.91 02.66 02.38 02.14 02.04 01.94 01.86 01.80 01.78 01.77 01.75 01.72 01.68 01.63 01.59 01.54 01.50 01.47 01.43 01.40 01.36 01.33 01.30 01.27 01.24 01.21
-9999.0 -9999.0 -9999.0 -9999.0 -9999.0 -9999.0 -9999.0 02.43 02.45 02.48 02.51 02.53 02.56 02.59 02.62 02.65 02.67 02.70 02.73 02.76 02.79 02.81 02.84 02.86 02.89 02.91 02.94 02.97 02.98 03.01 03.03 03.04 03.06 03.07 03.09 03.09 03.10 03.10 03.11 03.11 03.11 03.10 03.09 03.07 03.04 02.94 02.77 02.53 02.23 02.05 01.93 01.84 01.79 01.78 01.77 01.75 01.71 01.68 01.62 01.57 01.53 01.50 01.46 01.42 01.39 01.36 01.33 01.30 01.26 01.24 01.21
-9999.0 -9999.0 -9999.0 -9999.0 -9999.0 -9999.0 -9999.0 02.40 02.43 02.46 02.49 02.51 02.55 02.58 02.61 02.64 02.66 02.69 02.72 02.75 02.77 02.80 02.83 02.85 02.88 02.91 02.93 02.96 02.97 03.00 03.02 03.04 03.06 03.08 03.09 03.10 03.10 03.11 03.11 03.12 03.12 03.13 03.13 03.14 03.12 03.09 02.95 02.68 02.24 02.04 01.92 01.82 01.79 01.78 01.77 01.74 01.69 01.65 01.60 01.56 01.52 01.49 01.45 01.42 01.38 01.35 01.32 01.29 01.26 01.23 01.20
-9999.0 -9999.0 -9999.0 -9999.0 -9999.0 -9999.0 -9999.0 02.36 02.40 02.43 02.46 02.48 02.52 02.55 02.58 02.62 02.64 02.68 02.71 02.73 02.76 02.79 02.81 02.84 02.87 02.90 02.92 02.94 02.97 02.99 03.01 03.04 03.06 03.08 03.09 03.10 03.11 03.11 03.12 03.12 03.13 03.14 03.16 03.18 03.18 03.17 03.04 02.80 02.44 02.05 01.90 01.82 01.80 01.79 01.77 01.72 01.67 01.63 01.58 01.54 01.51 01.48 01.44 01.41 01.38 01.34 01.32 01.29 01.25 01.22 01.19
-9999.0 -9999.0 -9999.0 -9999.0 -9999.0 -9999.0 -9999.0 02.33 02.36 02.39 02.42 02.44 02.49 02.52 02.55 02.59 02.60 02.63 02.67 02.71 02.75 02.76 02.79 02.82 02.85 02.88 02.91 02.93 02.96 02.98 03.00 03.03 03.05 03.07 03.08 03.09 03.11 03.11 03.12 03.13 03.13 03.15 03.18 03.20 03.23 03.23 03.23 03.01 02.57 02.01 01.87 01.83 01.81 01.79 01.75 01.70 01.65 01.61 01.56 01.53 01.50 01.46 01.43 01.40 01.36 01.33 01.31 01.27 01.24 01.21 01.18
-9999.0 -9999.0 -9999.0 -9999.0 -9999.0 -9999.0 -9999.0 02.30 02.33 02.35 02.38 02.39 02.43 02.46 02.49 02.52 02.55 02.58 02.61 02.64 02.68 02.72 02.75 02.78 02.81 02.85 02.88 02.91 02.94 02.95 02.97 03.00 03.03 03.05 03.07 03.08 03.09 03.10 03.12 03.13 03.15 03.17 03.20 03.22 03.24 03.27 03.29 03.31 -9999.0 -9999.00 01.87 01.85 01.83 01.80 01.72 01.67 01.62 01.58 01.55 01.51 01.48 01.44 01.42 01.38 01.34 01.31 01.27 01.24 01.22 01.18 01.16
-9999.0 -9999.0 -9999.0 -9999.0 -9999.0 -9999.0 -9999.0 02.27 02.30 02.33 02.35 02.37 02.40 02.43 02.45 02.48 02.51 02.54 02.57 02.59 02.62 02.66 02.69 02.73 02.76 02.80 02.81 02.83 02.87 02.91 02.93 02.96 02.99 03.01 03.05 03.06 03.07 03.09 03.10 03.13 03.16 03.19 03.21 03.23 03.26 03.28 03.30 -9999.00 -9999.0 -9999.0 -9999.00 01.87 01.85 01.79 01.70 01.63 01.59 01.55 01.53 01.49 01.45 01.41 01.37 01.35 01.32 01.29 01.25 01.23 01.20 01.17 01.15
-9999.0 -9999.0 -9999.0 -9999.0 -9999.0 -9999.0 -9999.0 -9999.0 02.28 02.30 02.33 02.35 02.37 02.40 02.42 02.45 02.47 02.50 02.52 02.55 02.57 02.60 02.62 02.64 02.66 02.69 02.73 02.76 02.79 02.84 02.88 02.91 02.94 02.93 02.96 02.99 03.02 03.04 03.05 03.11 03.15 03.17 03.22 03.25 03.27 03.30 -9999.00 -9999.0 -9999.0 -9999.0 -9999.0 -9999.00 01.87 01.76 01.68 01.58 01.56 01.50 01.46 01.43 01.41 01.38 01.34 01.31 01.29 01.26 01.23 01.21 01.19 01.16 01.14
-9999.0 -9999.0 -9999.0 -9999.0 -9999.0 -9999.0 -9999.0 -9999.0 02.25 02.28 02.30 02.32 02.33 02.37 02.39 02.41 02.44 02.45 02.48 02.51 02.53 02.56 02.57 02.60 02.62 02.64 02.67 02.69 02.72 02.74 02.76 02.78 02.81 02.83 02.85 02.87 02.95 02.98 02.95 03.00 03.07 03.11 03.13 03.21 03.29 03.31 -9999.0 -9999.0 -9999.0 -9999.0 -9999.0 -9999.0 -9999.00 01.69 01.61 01.52 01.45 01.44 01.41 01.39 01.36 01.34 01.32 01.29 01.27 01.25 01.22 01.20 01.18 01.15 01.13
-9999.0 -9999.0 -9999.0 -9999.0 -9999.0 -9999.0 -9999.0 -9999.0 02.22 02.24 02.27 02.29 02.30 02.34 02.36 02.38 02.41 02.42 02.45 02.47 02.49 02.52 02.54 02.56 02.57 02.59 02.61 02.64 02.65 02.67 02.68 02.69 02.71 02.73 02.75 02.75 02.77 02.77 02.82 02.85 02.91 03.00 03.03 03.08 03.14 -9999.00 -9999.0 -9999.0 -9999.0 -9999.0 -9999.0 -9999.0 -9999.00 01.58 01.49 01.44 01.40 01.38 01.37 01.36 01.34 01.32 01.30 01.28 01.26 01.24 01.21 01.19 01.17 01.14 01.12
-9999.0 -9999.0 -9999.0 -9999.0 -9999.0 -9999.0 -9999.0 -9999.0 02.18 02.21 02.23 02.25 02.27 02.30 02.32 02.35 02.37 02.39 02.41 02.43 02.46 02.48 02.50 02.52 02.53 02.54 02.56 02.58 02.59 02.61 02.62 02.64 02.64 02.65 02.66 02.66 02.66 02.65 02.66 02.68 02.69 02.66 02.78 02.78 02.76 -9999.00 -9999.0 -9999.0 -9999.0 -9999.0 -9999.0 -9999.0 -9999.0 01.45 01.40 01.38 01.36 01.36 01.35 01.34 01.32 01.31 01.29 01.27 01.25 01.23 01.21 01.18 01.15 01.13 01.11
-9999.0 -9999.0 -9999.0 -9999.0 -9999.0 -9999.0 -9999.0 -9999.0 -9999.0 02.18 02.20 02.22 02.24 02.26 02.29 02.31 02.33 02.35 02.37 02.39 02.41 02.43 02.45 02.46 02.48 02.50 02.52 02.54 02.54 02.56 02.57 02.58 02.58 02.58 02.58 02.58 02.58 02.57 02.57 02.56 02.56 02.56 02.57 02.56 02.54 02.54 -9999.00 -9999.0 -9999.0 -9999.0 -9999.0 -9999.0 -9999.00 01.40 01.37 01.35 01.35 01.34 01.34 01.33 01.31 01.30 01.28 01.26 01.24 01.21 01.19 01.17 01.14 01.12 01.10
-9999.0 -9999.0 -9999.0 -9999.0 -9999.0 -9999.0 -9999.0 -9999.0 -9999.0 02.15 02.17 02.19 02.21 02.22 02.25 02.27 02.29 02.31 02.32 02.34 02.36 02.38 02.39 02.41 02.42 02.45 02.46 02.48 02.49 02.49 02.51 02.51 02.52 02.52 02.52 02.51 02.50 02.49 02.48 02.47 02.46 02.46 02.46 02.48 02.50 02.52 02.54 -9999.0 -9999.0 -9999.0 -9999.0 -9999.00 01.40 01.38 01.36 01.34 01.34 01.33 01.33 01.31 01.30 01.28 01.26 01.25 01.22 01.20 01.18 01.16 01.14 01.11 -9999.0
-9999.0 -9999.0 -9999.0 -9999.0 -9999.0 -9999.0 -9999.0 -9999.0 -9999.0 -9999.0 02.14 02.16 02.18 02.19 02.21 02.23 02.25 02.27 02.28 02.30 02.32 02.33 02.35 02.37 02.38 02.39 02.41 02.42 02.43 02.43 02.43 02.43 02.43 02.45 02.45 02.45 02.44 02.43 02.41 02.41 02.41 02.42 02.44 02.46 02.48 02.50 02.52 -9999.00 -9999.0 -9999.0 -9999.0 01.41 01.39 01.37 01.34 01.34 01.33 01.33 01.32 01.30 01.29 01.27 01.25 01.23 01.21 01.19 01.17 01.15 01.13 01.10 -9999.0
-9999.0 -9999.0 -9999.0 -9999.0 -9999.0 -9999.0 -9999.0 -9999.0 -9999.0 -9999.0 02.09 02.11 02.13 02.16 02.17 02.20 02.21 02.23 02.25 02.26 02.28 02.29 02.31 02.32 02.33 02.34 02.36 02.37 02.37 02.37 02.37 02.38 02.38 02.39 02.39 02.39 02.39 02.39 02.39 02.39 02.40 02.40 02.42 02.44 02.46 02.48 02.49 02.49 -9999.00 -9999.0 -9999.00 01.40 01.37 01.35 01.34 01.34 01.33 01.32 01.31 01.29 01.28 01.26 01.24 01.22 01.20 01.18 01.16 01.13 01.12 01.09 -9999.0
-9999.0 -9999.0 -9999.0 -9999.0 -9999.0 -9999.0 -9999.0 -9999.0 -9999.0 -9999.0 -9999.0 02.09 02.11 02.13 02.14 02.16 02.18 02.19 02.21 02.22 02.23 02.25 02.26 02.27 02.28 02.29 02.29 02.29 02.30 02.31 02.33 02.34 02.34 02.35 02.35 02.36 02.38 02.38 02.39 02.39 02.39 02.39 02.38 02.38 02.37 02.35 02.31 02.19 02.04 -9999.00 01.46 01.39 01.36 01.34 01.34 01.33 01.33 01.31 01.30 01.29 01.27 01.25 01.23 01.21 01.19 01.17 01.15 01.13 01.10 -9999.0 -9999.0
-9999.0 -9999.0 -9999.0 -9999.0 -9999.0 -9999.0 -9999.0 -9999.0 -9999.0 -9999.0 -9999.0 02.06 02.08 02.09 02.10 02.11 02.13 02.14 02.16 02.18 02.19 02.20 02.21 02.21 02.22 02.24 02.25 02.26 02.27 02.28 02.30 02.30 02.32 02.33 02.34 02.35 02.37 02.37 02.37 02.36 02.35 02.33 02.30 02.27 02.24 02.20 02.16 02.08 01.84 01.59 01.43 01.39 01.36 01.34 01.34 01.33 01.32 01.30 01.29 01.27 01.25 01.24 01.22 01.20 01.18 01.16 01.13 01.12 01.09 -9999.0 -9999.0
-9999.0 -9999.0 -9999.0 -9999.0 -9999.0 -9999.0 -9999.0 -9999.0 -9999.0 -9999.0 -9999.0 -9999.0 02.03 02.04 02.05 02.07 02.07 02.10 02.12 02.13 02.14 02.15 02.16 02.18 02.19 02.20 02.22 02.23 02.24 02.26 02.27 02.29 02.30 02.32 02.32 02.33 02.33 02.33 02.33 02.32 02.29 02.27 02.24 02.17 02.12 02.07 02.00 01.87 01.72 01.55 01.42 01.38 01.36 01.35 01.33 01.32 01.31 01.30 01.28 01.26 01.24 01.23 01.21 01.18 01.17 01.15 01.12 01.10 01.08 -9999.0 -9999.0
-9999.0 -9999.0 -9999.0 -9999.0 -9999.0 -9999.0 -9999.0 -9999.0 -9999.0 -9999.0 -9999.0 -9999.0 01.99 02.00 02.02 02.03 02.04 02.06 02.08 02.09 02.11 02.12 02.13 02.15 02.16 02.18 02.20 02.21 02.23 02.24 02.26 02.27 02.28 02.28 02.29 02.29 02.29 02.29 02.27 02.23 02.20 02.18 02.12 02.06 02.03 01.99 01.94 01.80 01.62 01.46 01.42 01.39 01.37 01.34 01.33 01.31 01.30 01.29 01.27 01.25 01.23 01.21 01.19 01.18 01.15 01.13 01.11 01.09 -9999.0 -9999.0 -9999.0
-9999.0 -9999.0 -9999.0 -9999.0 -9999.0 -9999.0 -9999.0 -9999.0 -9999.0 -9999.0 -9999.0 -9999.0 -9999.0 01.97 01.99 02.00 02.02 02.02 02.05 02.06 02.08 02.09 02.11 02.12 02.14 02.16 02.18 02.19 02.20 02.21 02.22 02.23 02.24 02.24 02.23 02.23 02.22 02.20 02.17 02.15 02.12 02.08 02.04 02.00 01.96 01.91 01.81 01.70 01.58 01.48 01.43 01.40 01.37 01.35 01.33 01.31 01.29 01.28 01.26 01.24 01.22 01.20 01.18 01.16 01.14 01.12 01.10 01.07 -9999.0 -9999.0 -9999.0
-9999.0 -9999.0 -9999.0 -9999.0 -9999.0 -9999.0 -9999.0 -9999.0 -9999.0 -9999.0 -9999.0 -9999.0 -9999.0 -9999.0 01.96 01.97 01.99 02.00 02.01 02.04 02.06 02.08 02.09 02.11 02.12 02.13 02.15 02.16 02.17 02.17 02.18 02.18 02.19 02.19 02.19 02.16 02.14 02.12 02.10 02.07 02.05 02.02 01.98 01.94 01.91 01.87 01.79 01.65 01.51 01.46 01.43 01.40 01.37 01.35 01.33 01.30 01.29 01.26 01.25 01.23 01.21 01.19 01.17 01.15 01.12 01.11 01.09 -9999.0 -9999.0 -9999.0 -9999.0
-9999.0 -9999.0 -9999.0 -9999.0 -9999.0 -9999.0 -9999.0 -9999.0 -9999.0 -9999.0 -9999.0 -9999.0 -9999.0 -9999.0 -9999.0 01.95 01.97 01.99 02.00 02.01 02.04 02.05 02.07 02.08 02.09 02.10 02.11 02.12 02.13 02.14 02.13 02.13 02.13 02.13 02.12 02.09 02.05 02.06 02.04 02.02 01.98 01.96 01.93 01.90 01.86 01.79 01.71 01.60 01.51 01.46 01.43 01.40 01.37 01.34 01.32 01.30 01.28 01.25 01.24 01.22 01.20 01.18 01.16 01.14 01.12 01.10 -9999.0 -9999.0 -9999.0 -9999.0 -9999.0
-9999.0 -9999.0 -9999.0 -9999.0 -9999.0 -9999.0 -9999.0 -9999.0 -9999.0 -9999.0 -9999.0 -9999.0 -9999.0 -9999.0 -9999.0 01.93 01.95 01.96 01.98 01.99 02.00 02.02 02.03 02.04 02.06 02.06 02.07 02.08 02.09 02.10 02.09 02.08 02.07 02.05 02.02 02.02 02.01 02.00 01.99 01.97 01.93 01.90 01.87 01.85 01.81 01.78 01.64 01.55 01.49 01.45 01.42 01.39 01.36 01.33 01.31 01.29 01.26 01.25 01.22 01.20 01.18 01.16 01.14 01.12 01.10 01.08 -9999.0 -9999.0 -9999.0 -9999.0 -9999.0
-9999.0 -9999.0 -9999.0 -9999.0 -9999.0 -9999.0 -9999.0 -9999.0 -9999.0 -9999.0 -9999.0 -9999.0 -9999.0 -9999.0 -9999.0 -9999.0 01.92 01.93 01.95 01.96 01.97 01.98 02.00 02.01 02.02 02.03 02.03 02.03 02.03 02.02 02.01 02.00 01.99 01.98 01.97 01.97 01.96 01.95 01.93 01.90 01.87 01.85 01.82 01.80 01.77 01.70 01.61 01.50 01.47 01.44 01.41 01.38 01.35 01.32 01.30 01.28 01.26 01.23 01.21 01.19 01.17 01.15 01.13 01.11 01.09 -9999.0 -9999.0 -9999.0 -9999.0 -9999.0 -9999.0
-9999.0 -9999.0 -9999.0 -9999.0 -9999.0 -9999.0 -9999.0 -9999.0 -9999.0 -9999.0 -9999.0 -9999.0 -9999.0 -9999.0 -9999.0 -9999.0 -9999.0 01.90 01.92 01.93 01.94 01.95 01.96 01.97 01.98 01.98 01.97 01.96 01.96 01.96 01.95 01.95 01.95 01.94 01.94 01.92 01.91 01.89 01.87 01.85 01.83 01.81 01.78 01.75 01.71 01.64 01.56 01.48 01.45 01.42 01.40 01.37 01.34 01.31 01.29 01.27 01.25 01.22 01.20 01.18 01.16 01.13 01.12 01.10 -9999.0 -9999.0 -9999.0 -9999.0 -9999.0 -9999.0 -9999.0
