examples/flatland/Outputs/centerIgnit/c_atmRAWS/singleWinds/flatland_centerIgnit_3mph120deg7hr_atmRAWS/flatland_centerIgnit_3mph120deg7hr_atmRAWS_Intensity.asc
NCOLS 100
NROWS 100
XLLCORNER 20000.000000
YLLCORNER 20000.000000
CELLSIZE 30.000000
NODATA_VALUE -9999.0
[rows 28 to 55 of 100, columns 0 to 62 of 100]
-9999.0 -9999.0 -9999.0 -9999.0 -9999.0 -9999.0 -9999.0 -9999.0 -9999.0 -9999.0 00041.988 00042.573 00043.103 00043.601 00044.070 00044.394 00044.887 00045.504 00045.969 00046.430 00046.874 00047.312 00047.536 00048.056 00048.433 00048.781 00049.090 00049.438 00049.684 00049.599 00049.556 00049.707 00049.760 00049.789 00049.696 00049.363 00049.042 00048.720 00048.426 00048.048 00047.456 00045.933 00044.239 00042.456 00040.757 00039.570 00038.592 00037.636 00036.467 00035.246 00034.239 00033.372 00032.548 00031.203 00030.202 00029.234 00028.504 00027.814 00027.221 00026.737 00026.282 00025.700 00024.993
-9999.0 -9999.0 -9999.0 -9999.0 -9999.0 -9999.0 -9999.0 -9999.0 -9999.0 -9999.0 00042.290 00042.855 00043.387 00043.888 00044.331 00044.525 00045.355 00045.820 00046.280 00046.743 00047.211 00047.522 00047.964 00048.439 00048.831 00049.226 00049.618 00049.995 00050.257 00050.473 00050.398 00050.346 00050.524 00050.590 00050.603 00050.446 00050.078 00049.710 00049.147 00048.619 00048.371 00047.453 00045.593 00043.540 00041.460 00040.143 00038.927 00038.131 00037.052 00035.734 00034.632 00033.666 00032.852 00031.312 00030.420 00029.592 00028.774 00028.088 00027.466 00027.091 00026.569 00025.968 00025.315
-9999.0 -9999.0 -9999.0 -9999.0 -9999.0 -9999.0 -9999.0 -9999.0 -9999.0 00041.869 00042.531 00043.132 00043.646 00044.134 00044.442 00045.169 00045.656 00046.135 00046.597 00047.059 00047.450 00047.776 00048.351 00048.778 00049.217 00049.667 00050.109 00050.471 00050.725 00051.053 00051.347 00051.269 00051.350 00051.417 00051.444 00051.451 00050.933 00050.269 00050.207 00049.791 00049.241 00048.721 00047.065 00044.737 00042.291 00040.706 00039.637 00038.697 00037.470 00036.005 00035.090 00034.003 00032.918 00031.591 00030.631 00029.796 00029.057 00028.352 00027.836 00027.336 00026.855 00026.206 00025.529
-9999.0 -9999.0 -9999.0 -9999.0 -9999.0 -9999.0 -9999.0 -9999.0 -9999.0 00042.022 00042.652 00043.260 00043.845 00044.324 00044.594 00045.427 00045.934 00046.422 00046.900 00047.379 00047.631 00048.207 00048.649 00049.110 00049.589 00050.071 00050.523 00050.824 00051.234 00051.573 00051.832 00052.028 00052.167 00052.254 00052.168 00051.834 00051.930 00051.499 00051.146 00050.770 00050.161 00049.590 00048.946 00046.286 00043.288 00041.267 00040.133 00039.164 00037.881 00036.445 00035.385 00034.286 00033.254 00032.035 00030.832 00030.009 00029.288 00028.685 00028.191 00027.666 00026.971 00026.440 00025.719
-9999.0 -9999.0 -9999.0 -9999.0 -9999.0 -9999.0 -9999.0 -9999.0 -9999.0 00042.184 00042.799 00043.372 00043.916 00044.304 00045.130 00045.659 00046.166 00046.674 00047.189 00047.545 00047.999 00048.512 00048.961 00049.431 00049.929 00050.453 00050.808 00051.237 00051.657 00052.043 00052.431 00052.693 00052.959 00052.879 00052.812 00052.859 00052.629 00052.346 00052.008 00051.633 00051.159 00050.450 00049.447 00048.008 00045.408 00041.684 00040.669 00039.371 00038.235 00036.800 00035.659 00034.558 00033.308 00032.210 00031.050 00030.216 00029.524 00029.021 00028.575 00027.937 00027.281 00026.518 00025.900
-9999.0 -9999.0 -9999.0 -9999.0 -9999.0 -9999.0 -9999.0 -9999.0 00041.654 00042.306 00042.918 00043.496 00044.041 00044.286 00045.216 00045.806 00046.372 00046.909 00047.387 00047.688 00048.342 00048.800 00049.278 00049.768 00050.282 00050.707 00051.120 00051.595 00052.025 00052.473 00052.906 00053.350 00053.470 00053.672 00053.698 00053.607 00053.489 00053.241 00052.926 00052.547 00052.132 00051.535 00050.793 00048.698 00046.480 00043.765 00041.374 00039.900 00038.643 00037.450 00035.984 00034.747 00033.567 00032.049 00031.299 00030.478 00029.809 00029.355 00028.854 00028.202 00027.479 00026.608 00025.909
-9999.0 -9999.0 -9999.0 -9999.0 -9999.0 -9999.0 -9999.0 -9999.0 00041.723 00042.412 00043.015 00043.581 00044.031 00044.654 00045.351 00045.916 00046.479 00047.051 00047.475 00048.041 00048.562 00049.069 00049.585 00050.107 00050.602 00050.963 00051.446 00051.901 00052.374 00052.859 00053.345 00053.727 00053.699 00054.299 00054.368 00054.400 00054.290 00054.158 00053.876 00053.527 00053.020 00052.357 00051.526 00050.336 00047.806 00044.684 00041.531 00040.136 00038.969 00037.794 00036.240 00034.923 00033.559 00032.176 00031.256 00030.756 00030.173 00029.712 00029.085 00028.462 00027.567 00026.665 00025.784
-9999.0 -9999.0 -9999.0 -9999.0 -9999.0 -9999.0 -9999.0 -9999.0 00041.711 00042.382 00043.019 00043.629 00044.010 00044.843 00045.428 00046.003 00046.581 00047.147 00047.484 00048.198 00048.755 00049.298 00049.840 00050.420 00050.832 00051.293 00051.762 00052.220 00052.703 00053.211 00053.743 00053.808 00054.406 00054.704 00055.006 00055.107 00055.128 00055.066 00054.876 00054.289 00053.735 00053.153 00052.473 00051.801 00049.475 00045.962 00041.865 00040.428 00039.166 00037.848 00036.392 00035.083 00033.479 00032.291 00031.575 00030.835 00030.572 00029.987 00029.326 00028.563 00027.645 00026.715 00025.892
-9999.0 -9999.0 -9999.0 -9999.0 -9999.0 -9999.0 -9999.0 00040.686 00041.679 00042.339 00042.965 00043.562 00043.884 00044.857 00045.493 00046.069 00046.648 00047.140 00047.644 00048.279 00048.843 00049.439 00050.072 00050.609 00051.051 00051.587 00052.057 00052.550 00053.049 00053.567 00053.829 00054.347 00054.698 00055.034 00055.370 00055.694 00055.885 00056.033 00055.631 00055.158 00054.558 00054.046 00053.356 00052.414 00050.499 00047.451 00043.958 00040.889 00039.333 00037.939 00036.312 00034.643 00033.282 00032.422 00031.718 00031.253 00030.787 00030.280 00029.570 00028.573 00027.591 00026.761 00025.923
-9999.0 -9999.0 -9999.0 -9999.0 -9999.0 -9999.0 -9999.0 00040.933 00041.628 00042.280 00042.896 00043.442 00043.911 00044.775 00045.400 00046.028 00046.672 00047.118 00047.775 00048.299 00048.902 00049.529 00050.172 00050.676 00051.256 00051.797 00052.323 00052.863 00053.391 00053.843 00053.865 00054.587 00054.955 00055.330 00055.695 00056.052 00056.322 00056.255 00056.345 00056.120 00055.479 00055.003 00054.344 00053.398 00051.628 00048.892 00045.427 00041.664 00039.335 00037.762 00036.122 00034.392 00033.390 00032.578 00031.911 00031.537 00031.060 00030.434 00029.667 00028.524 00027.594 00026.762 00025.987
-9999.0 -9999.0 -9999.0 -9999.0 -9999.0 -9999.0 -9999.0 00040.882 00041.565 00042.206 00042.813 00043.299 00044.040 00044.688 00045.303 00045.922 00046.554 00046.960 00047.728 00048.302 00048.911 00049.555 00050.203 00050.714 00051.320 00051.901 00052.516 00053.106 00053.698 00053.853 00054.482 00054.848 00055.206 00055.586 00055.982 00056.388 00056.531 00056.666 00056.664 00056.528 00056.315 00055.806 00055.226 00054.491 00053.679 00050.978 00047.315 00042.068 00039.326 00037.594 00035.991 00034.225 00033.330 00032.573 00032.214 00031.839 00031.184 00030.568 00029.554 00028.498 00027.551 00026.737 00026.055
-9999.0 -9999.0 -9999.0 -9999.0 -9999.0 -9999.0 -9999.0 00040.750 00041.439 00042.095 00042.727 00043.161 00043.973 00044.590 00045.201 00045.817 00046.398 00046.867 00047.612 00048.231 00048.869 00049.550 00050.146 00050.706 00051.329 00051.953 00052.579 00053.244 00053.787 00054.303 00054.684 00055.077 00055.478 00055.862 00056.250 00056.578 00056.624 00056.876 00056.975 00056.928 00056.814 00056.674 00056.126 00055.488 00054.943 00053.888 00049.502 00044.305 00039.545 00037.619 00035.788 00034.311 00033.141 00032.576 00032.379 00032.014 00031.257 00030.476 00029.398 00028.460 00027.496 00026.641 00025.933
-9999.0 -9999.0 -9999.0 -9999.0 -9999.0 -9999.0 -9999.0 00040.611 00041.249 00041.892 00042.517 00042.944 00043.829 00044.475 00045.093 00045.705 00046.238 00046.789 00047.509 00048.155 00048.794 00049.476 00050.030 00050.651 00051.284 00051.916 00052.579 00053.277 00053.592 00054.336 00054.871 00055.280 00055.673 00056.106 00056.544 00056.608 00056.849 00056.998 00057.148 00057.262 00057.317 00057.187 00057.153 00056.893 00056.517 00054.920 00051.899 00047.369 00041.708 00038.055 00035.666 00033.927 00033.008 00032.684 00032.542 00032.076 00031.301 00030.516 00029.284 00028.228 00027.429 00026.581 00025.763
-9999.0 -9999.0 -9999.0 -9999.0 -9999.0 -9999.0 -9999.0 00040.234 00040.943 00041.532 00042.183 00042.620 00043.581 00044.248 00044.885 00045.529 00046.055 00046.698 00047.329 00047.966 00048.642 00049.359 00049.899 00050.544 00051.163 00051.820 00052.515 00053.221 00053.362 00054.237 00054.766 00055.315 00055.864 00056.316 00056.575 00056.808 00056.964 00057.099 00057.250 00057.403 00057.549 00057.702 00057.977 00058.391 00058.364 00057.981 00055.490 00050.560 00042.159 00038.207 00035.757 00033.602 00032.946 00032.801 00032.545 00031.866 00031.026 00030.122 00028.969 00028.134 00027.371 00026.518 00025.752
-9999.0 -9999.0 -9999.0 -9999.0 -9999.0 -9999.0 -9999.0 00039.492 00040.372 00041.153 00041.781 00042.177 00043.132 00043.807 00044.489 00045.192 00045.756 00046.508 00047.128 00047.771 00048.429 00049.081 00049.646 00050.338 00051.011 00051.698 00052.390 00052.950 00053.569 00054.111 00054.658 00055.251 00055.798 00056.372 00056.545 00056.856 00057.035 00057.216 00057.360 00057.505 00057.661 00058.092 00058.767 00059.439 00059.740 00059.804 00057.519 00053.119 00046.273 00038.687 00035.676 00033.956 00033.183 00032.924 00032.535 00031.566 00030.710 00029.793 00028.751 00027.952 00027.152 00026.418 00025.594
-9999.0 -9999.0 -9999.0 -9999.0 -9999.0 -9999.0 -9999.0 00038.961 00039.697 00040.423 00041.077 00041.525 00042.504 00043.243 00043.982 00044.652 00044.982 00045.708 00046.464 00047.309 00048.172 00048.571 00049.219 00049.987 00050.728 00051.436 00052.185 00052.656 00053.365 00053.878 00054.444 00055.106 00055.731 00056.155 00056.472 00056.765 00057.079 00057.265 00057.449 00057.625 00057.916 00058.499 00059.298 00060.001 00060.718 00061.188 00061.481 00057.346 00049.072 00038.279 00035.335 00034.376 00033.730 00033.054 00032.195 00031.206 00030.293 00029.490 00028.542 00027.759 00026.998 00026.219 00025.424
-9999.0 -9999.0 -9999.0 -9999.0 -9999.0 -9999.0 -9999.0 00038.454 00039.122 00039.741 00040.320 00040.718 00041.532 00042.173 00042.827 00043.508 00044.125 00044.843 00045.476 00046.149 00047.044 00047.989 00048.616 00049.339 00050.080 00050.877 00051.669 00052.276 00053.117 00053.475 00054.057 00054.760 00055.413 00055.809 00056.247 00056.540 00056.828 00057.138 00057.499 00057.695 00058.257 00059.052 00059.759 00060.480 00061.224 00061.967 00062.667 00063.350 -9999.0 -9999.000 00035.634 00034.962 00034.305 00033.463 00031.815 00030.707 00029.806 00029.020 00028.318 00027.479 00026.676 00025.896 00025.283
-9999.0 -9999.0 -9999.0 -9999.0 -9999.0 -9999.0 -9999.0 00037.982 00038.644 00039.260 00039.838 00040.280 00041.029 00041.615 00042.192 00042.767 00043.344 00044.069 00044.682 00045.307 00046.009 00046.906 00047.558 00048.345 00049.193 00050.129 00050.535 00050.853 00051.871 00052.657 00053.295 00054.014 00054.781 00055.155 00055.883 00056.240 00056.427 00056.832 00057.203 00057.778 00058.690 00059.478 00060.241 00060.964 00061.724 00062.429 00063.155 -9999.000 -9999.0 -9999.0 -9999.000 00035.549 00034.872 00033.417 00031.550 00030.083 00029.294 00028.481 00027.978 00027.064 00026.157 00025.352 00024.532
-9999.0 -9999.0 -9999.0 -9999.0 -9999.0 -9999.0 -9999.0 -9999.0 00038.213 00038.828 00039.401 00039.893 00040.468 00041.134 00041.637 00042.214 00042.758 00043.289 00043.917 00044.496 00045.112 00045.746 00046.212 00046.790 00047.406 00048.076 00049.072 00049.586 00050.356 00051.407 00052.358 00053.191 00053.880 00053.600 00054.284 00054.980 00055.501 00055.926 00056.275 00057.489 00058.714 00059.356 00060.645 00061.466 00062.188 00062.903 -9999.000 -9999.0 -9999.0 -9999.0 -9999.0 -9999.000 00035.423 00033.054 00031.356 00029.207 00028.693 00027.578 00026.794 00026.069 00025.566 00024.756 00023.944
-9999.0 -9999.0 -9999.0 -9999.0 -9999.0 -9999.0 -9999.0 -9999.0 00037.707 00038.327 00038.904 00039.446 00039.727 00040.613 00041.078 00041.610 00042.170 00042.527 00043.188 00043.735 00044.317 00044.944 00045.420 00045.998 00046.559 00047.150 00047.864 00048.449 00049.049 00049.586 00050.167 00050.733 00051.336 00051.912 00052.369 00052.746 00054.321 00054.877 00054.453 00055.511 00057.175 00058.354 00059.066 00060.792 00062.686 00063.350 -9999.0 -9999.0 -9999.0 -9999.0 -9999.0 -9999.0 -9999.000 00032.081 00030.157 00028.136 00026.818 00026.499 00025.885 00025.280 00024.696 00024.136 00023.541
-9999.0 -9999.0 -9999.0 -9999.0 -9999.0 -9999.0 -9999.0 -9999.0 00037.106 00037.721 00038.291 00038.824 00039.148 00039.943 00040.496 00041.042 00041.584 00041.952 00042.575 00043.095 00043.647 00044.237 00044.741 00045.256 00045.681 00046.223 00046.819 00047.404 00047.853 00048.256 00048.654 00049.060 00049.460 00050.015 00050.442 00050.587 00050.871 00051.049 00051.949 00052.750 00054.246 00056.283 00057.231 00058.485 00059.975 -9999.000 -9999.0 -9999.0 -9999.0 -9999.0 -9999.0 -9999.0 -9999.000 00030.036 00028.156 00026.777 00025.731 00025.429 00025.106 00024.721 00024.198 00023.769 00023.210
-9999.0 -9999.0 -9999.0 -9999.0 -9999.0 -9999.0 -9999.0 -9999.0 00036.485 00037.095 00037.657 00038.181 00038.578 00039.249 00039.801 00040.434 00040.954 00041.378 00041.889 00042.400 00042.917 00043.468 00044.003 00044.442 00044.869 00045.310 00045.847 00046.414 00046.518 00047.179 00047.561 00047.950 00048.254 00048.601 00048.784 00048.831 00048.847 00048.809 00049.118 00049.607 00049.958 00049.824 00052.367 00052.771 00052.639 -9999.000 -9999.0 -9999.0 -9999.0 -9999.0 -9999.0 -9999.0 -9999.0 00027.652 00026.296 00025.485 00025.108 00024.888 00024.754 00024.375 00023.943 00023.521 00022.932
-9999.0 -9999.0 -9999.0 -9999.0 -9999.0 -9999.0 -9999.0 -9999.0 -9999.0 00036.529 00037.098 00037.624 00038.116 00038.390 00039.179 00039.694 00040.189 00040.681 00040.988 00041.568 00042.038 00042.535 00043.065 00043.441 00043.922 00044.451 00044.947 00045.470 00045.759 00046.243 00046.581 00046.923 00047.022 00047.267 00047.248 00047.365 00047.362 00047.338 00047.294 00047.283 00047.484 00047.868 00048.277 00048.392 00048.284 00048.486 -9999.000 -9999.0 -9999.0 -9999.0 -9999.0 -9999.0 -9999.000 00026.384 00025.640 00024.956 00024.799 00024.659 00024.491 00024.108 00023.702 00023.245 00022.681
-9999.0 -9999.0 -9999.0 -9999.0 -9999.0 -9999.0 -9999.0 -9999.0 -9999.0 00035.959 00036.533 00037.062 00037.501 00037.752 00038.450 00038.926 00039.391 00039.855 00040.168 00040.683 00041.108 00041.562 00042.052 00042.481 00042.876 00043.446 00043.909 00044.346 00044.807 00044.873 00045.318 00045.574 00045.780 00045.953 00046.087 00046.065 00045.985 00045.875 00045.742 00045.570 00045.492 00045.694 00046.009 00046.605 00047.261 00047.927 00048.605 -9999.0 -9999.0 -9999.0 -9999.0 -9999.000 00026.634 00025.891 00025.137 00024.749 00024.602 00024.468 00024.216 00023.811 00023.313 00022.940 00022.420
-9999.0 -9999.0 -9999.0 -9999.0 -9999.0 -9999.0 -9999.0 -9999.0 -9999.0 -9999.0 00035.968 00036.471 00036.910 00037.196 00037.636 00038.213 00038.645 00039.093 00039.508 00039.829 00040.329 00040.754 00041.205 00041.686 00042.005 00042.427 00042.803 00043.199 00043.559 00043.613 00043.899 00044.021 00044.120 00044.575 00044.890 00044.810 00044.749 00044.592 00044.398 00044.357 00044.403 00044.675 00045.332 00046.010 00046.689 00047.397 00048.063 -9999.000 -9999.0 -9999.0 -9999.0 00026.871 00026.139 00025.425 00024.800 00024.640 00024.491 00024.336 00023.941 00023.553 00023.183 00022.633 00022.127
-9999.0 -9999.0 -9999.0 -9999.0 -9999.0 -9999.0 -9999.0 -9999.0 -9999.0 -9999.0 00035.041 00035.538 00036.028 00036.578 00036.888 00037.567 00037.982 00038.380 00038.809 00039.084 00039.554 00039.935 00040.337 00040.763 00041.137 00041.456 00041.815 00042.166 00042.447 00042.604 00042.568 00043.013 00043.211 00043.409 00043.645 00043.802 00043.745 00043.855 00043.909 00044.050 00044.193 00044.338 00044.763 00045.487 00046.064 00046.725 00047.288 00047.449 -9999.000 -9999.0 -9999.000 00026.398 00025.665 00024.954 00024.700 00024.547 00024.335 00024.099 00023.696 00023.246 00022.874 00022.367 00021.881
-9999.0 -9999.0 -9999.0 -9999.0 -9999.0 -9999.0 -9999.0 -9999.0 -9999.0 -9999.0 -9999.0 00035.020 00035.524 00035.993 00036.436 00036.804 00037.410 00037.636 00038.027 00038.409 00038.648 00039.109 00039.472 00039.808 00040.143 00040.337 00040.564 00040.748 00041.015 00041.425 00041.971 00042.169 00042.383 00042.613 00042.852 00043.167 00043.505 00043.616 00043.787 00043.924 00044.023 00043.989 00043.998 00044.189 00044.265 00044.053 00043.648 00041.599 00038.891 -9999.000 00027.712 00026.100 00025.197 00024.763 00024.599 00024.448 00024.251 00023.847 00023.464 00023.090 00022.555 00022.081 00021.642
-9999.0 -9999.0 -9999.0 -9999.0 -9999.0 -9999.0 -9999.0 -9999.0 -9999.0 -9999.0 -9999.0 00034.447 00034.915 00035.319 00035.674 00035.845 00036.364 00036.747 00037.245 00037.582 00037.809 00038.118 00038.402 00038.666 00038.971 00039.377 00039.642 00040.013 00040.369 00040.747 00041.156 00041.414 00041.817 00042.151 00042.496 00042.847 00043.212 00043.388 00043.401 00043.272 00043.161 00042.930 00042.361 00041.898 00041.606 00041.045 00040.400 00039.110 00034.779 00030.075 00026.760 00025.778 00025.012 00024.731 00024.521 00024.335 00023.985 00023.602 00023.148 00022.759 00022.264 00021.799 00021.312
