examples/flatland/Outputs/centerIgnit/c_atmRAWS/singleWinds/flatland_centerIgnit_3mph120deg7hr_atmRAWS/flatland_centerIgnit_3mph120deg7hr_atmRAWS_ArrivalTime.asc
NCOLS 100
NROWS 100
XLLCORNER 20000.000000
YLLCORNER 20000.000000
CELLSIZE 30.000000
NODATA_VALUE -9999.0
[rows 28 to 55 of 100, columns 0 to 62 of 100]
-9999.0 -9999.0 -9999.0 -9999.0 -9999.0 -9999.0 -9999.0 -9999.0 -9999.0 -9999.0 00417.492 00407.036 00396.818 00386.705 00376.714 00367.011 00357.365 00347.849 00338.411 00329.043 00319.801 00310.628 00301.682 00293.004 00284.402 00276.042 00267.786 00259.568 00251.900 00245.095 00238.385 00231.767 00225.577 00219.445 00213.770 00208.865 00204.084 00199.605 00195.901 00192.406 00189.491 00187.053 00184.651 00186.360 00188.371 00191.322 00195.221 00199.565 00205.270 00211.290 00218.793 00226.969 00236.011 00245.329 00256.638 00268.812 00281.570 00294.864 00308.996 00323.384 00337.985 00352.823 00368.379
-9999.0 -9999.0 -9999.0 -9999.0 -9999.0 -9999.0 -9999.0 -9999.0 -9999.0 -9999.0 00411.713 00401.310 00390.999 00380.792 00370.798 00360.883 00351.174 00341.670 00332.246 00322.924 00313.678 00304.519 00295.445 00286.443 00277.832 00269.318 00260.939 00252.780 00244.664 00236.753 00230.038 00223.419 00216.868 00210.716 00204.654 00199.133 00194.315 00189.583 00185.431 00181.759 00178.568 00175.817 00173.344 00173.376 00175.394 00178.202 00181.914 00186.123 00191.783 00197.720 00205.313 00213.492 00222.523 00231.718 00243.710 00255.856 00268.640 00282.213 00296.256 00310.530 00325.015 00339.883 00355.414
-9999.0 -9999.0 -9999.0 -9999.0 -9999.0 -9999.0 -9999.0 -9999.0 -9999.0 00417.567 00406.412 00395.584 00385.327 00375.154 00365.062 00355.079 00345.295 00335.592 00326.173 00316.865 00307.644 00298.495 00289.413 00280.431 00271.518 00262.815 00254.408 00246.057 00237.960 00229.911 00221.901 00215.135 00208.601 00202.116 00196.024 00190.005 00184.672 00179.924 00175.234 00171.376 00167.733 00164.848 00162.195 00160.400 00162.536 00165.179 00168.708 00172.787 00178.429 00184.282 00191.959 00200.192 00209.134 00219.012 00230.900 00243.179 00255.970 00269.694 00283.661 00297.814 00312.175 00327.240 00342.783
-9999.0 -9999.0 -9999.0 -9999.0 -9999.0 -9999.0 -9999.0 -9999.0 -9999.0 00413.175 00402.030 00391.024 00380.099 00369.545 00359.483 00349.521 00339.641 00329.923 00320.330 00310.851 00301.664 00292.520 00283.479 00274.501 00265.591 00256.784 00248.035 00239.666 00231.398 00223.293 00215.323 00207.379 00200.364 00193.927 00187.525 00181.483 00175.523 00170.335 00165.653 00161.039 00157.420 00154.055 00151.237 00148.500 00149.693 00152.241 00155.599 00159.589 00165.177 00170.943 00178.737 00187.031 00195.863 00206.423 00218.226 00230.605 00243.704 00257.328 00271.184 00285.238 00299.671 00314.725 00330.329
-9999.0 -9999.0 -9999.0 -9999.0 -9999.0 -9999.0 -9999.0 -9999.0 -9999.0 00408.928 00397.751 00386.745 00375.836 00365.037 00354.293 00344.011 00334.172 00324.420 00314.752 00305.264 00295.846 00286.632 00277.600 00268.639 00259.754 00250.933 00242.214 00233.557 00225.081 00216.896 00208.777 00200.869 00192.991 00185.768 00179.397 00173.075 00167.062 00161.130 00156.119 00151.472 00147.153 00143.574 00140.480 00137.616 00136.804 00139.385 00142.574 00146.529 00152.009 00157.703 00165.620 00173.969 00182.707 00193.950 00205.828 00218.179 00231.540 00245.111 00258.835 00272.772 00287.420 00302.530 00317.988
-9999.0 -9999.0 -9999.0 -9999.0 -9999.0 -9999.0 -9999.0 -9999.0 00416.431 00405.054 00393.791 00382.632 00371.641 00360.857 00350.167 00339.570 00329.054 00319.011 00309.373 00299.818 00290.352 00281.043 00271.796 00262.832 00253.970 00245.191 00236.468 00227.797 00219.218 00210.689 00202.531 00194.484 00186.591 00178.760 00171.291 00164.992 00158.723 00152.744 00146.836 00142.006 00137.399 00133.377 00129.836 00126.910 00123.912 00126.600 00129.638 00133.556 00138.913 00144.708 00152.590 00160.981 00169.964 00181.617 00193.582 00206.237 00219.511 00232.995 00246.631 00260.652 00275.310 00290.429 00306.256
-9999.0 -9999.0 -9999.0 -9999.0 -9999.0 -9999.0 -9999.0 -9999.0 00412.995 00401.252 00389.975 00378.850 00367.821 00356.869 00346.059 00335.501 00325.027 00314.634 00304.323 00294.482 00285.039 00275.671 00266.411 00257.271 00248.240 00239.474 00230.764 00222.131 00213.548 00205.032 00196.590 00188.316 00180.350 00172.456 00164.665 00156.917 00150.680 00144.487 00138.527 00132.646 00128.001 00123.438 00119.704 00116.354 00113.233 00113.678 00116.786 00120.671 00125.914 00131.787 00139.647 00148.069 00157.789 00169.430 00181.444 00194.400 00207.612 00220.978 00234.530 00248.766 00263.435 00278.418 00295.591
-9999.0 -9999.0 -9999.0 -9999.0 -9999.0 -9999.0 -9999.0 -9999.0 00410.111 00398.404 00386.805 00375.308 00364.068 00353.152 00342.352 00331.647 00321.036 00310.655 00300.381 00290.173 00280.034 00270.403 00261.136 00251.960 00242.907 00233.926 00225.129 00216.503 00207.939 00199.435 00190.990 00182.633 00174.315 00166.333 00158.458 00150.682 00142.911 00136.477 00130.347 00124.426 00118.640 00114.088 00109.588 00106.093 00102.744 00100.620 00104.028 00107.833 00112.978 00118.959 00126.831 00135.237 00145.730 00157.452 00169.724 00182.687 00195.814 00209.087 00222.774 00237.037 00251.641 00267.779 00285.057
-9999.0 -9999.0 -9999.0 -9999.0 -9999.0 -9999.0 -9999.0 00419.248 00407.384 00395.645 00384.023 00372.529 00361.157 00349.882 00338.709 00328.004 00317.424 00306.934 00296.521 00286.291 00276.189 00266.157 00256.196 00246.772 00237.695 00228.689 00219.788 00210.947 00202.375 00193.893 00185.483 00177.113 00168.788 00160.529 00152.412 00144.601 00136.833 00129.077 00122.355 00116.300 00110.390 00104.750 00100.215 00095.990 00092.452 00088.847 00091.226 00095.035 00100.075 00106.182 00114.131 00122.443 00133.794 00145.545 00158.155 00171.080 00184.118 00197.296 00211.197 00225.449 00240.530 00257.479 00274.718
-9999.0 -9999.0 -9999.0 -9999.0 -9999.0 -9999.0 -9999.0 00417.227 00405.114 00393.127 00381.367 00369.872 00358.471 00347.192 00336.040 00324.993 00314.036 00303.351 00292.956 00282.657 00272.439 00262.354 00252.432 00242.582 00232.785 00223.544 00214.633 00205.799 00197.045 00188.392 00179.993 00171.644 00163.338 00155.067 00146.849 00138.675 00130.836 00123.112 00115.387 00108.253 00102.286 00096.392 00090.888 00086.380 00082.336 00078.557 00078.083 00082.213 00087.188 00093.434 00101.429 00110.334 00122.014 00133.947 00146.673 00159.540 00172.520 00185.880 00199.753 00213.914 00230.456 00247.284 00264.833
-9999.0 -9999.0 -9999.0 -9999.0 -9999.0 -9999.0 -9999.0 00415.338 00403.245 00391.277 00379.423 00367.677 00356.014 00344.586 00333.434 00322.384 00311.437 00300.600 00289.838 00279.154 00268.940 00258.826 00248.799 00238.870 00229.107 00219.399 00209.746 00200.681 00191.945 00183.281 00174.661 00166.206 00157.906 00149.653 00141.444 00133.272 00125.159 00117.165 00109.456 00101.740 00094.171 00088.280 00082.418 00077.063 00072.593 00068.520 00064.645 00069.291 00074.329 00080.727 00088.698 00098.612 00110.284 00122.603 00135.286 00148.075 00160.986 00174.602 00188.401 00203.927 00220.473 00237.597 00255.016
-9999.0 -9999.0 -9999.0 -9999.0 -9999.0 -9999.0 -9999.0 00413.978 00401.725 00389.598 00377.591 00365.862 00354.221 00342.712 00331.310 00320.012 00308.902 00298.064 00287.319 00276.659 00266.083 00255.592 00245.352 00235.425 00225.571 00215.788 00206.156 00196.595 00187.088 00178.214 00169.614 00161.060 00152.549 00144.274 00136.077 00127.924 00119.806 00111.711 00103.636 00095.847 00088.120 00080.366 00074.305 00068.481 00063.288 00058.849 00054.381 00056.290 00061.510 00068.059 00075.985 00086.938 00098.720 00111.311 00123.968 00136.689 00149.806 00163.373 00177.863 00194.157 00210.867 00227.963 00246.495
-9999.0 -9999.0 -9999.0 -9999.0 -9999.0 -9999.0 -9999.0 00412.908 00400.536 00388.342 00376.344 00364.455 00352.665 00341.004 00329.554 00318.272 00307.092 00295.995 00284.997 00274.164 00263.609 00253.141 00242.761 00232.449 00222.211 00212.388 00202.696 00193.080 00183.581 00174.141 00164.722 00156.045 00147.548 00139.094 00130.732 00122.599 00114.487 00106.391 00098.308 00090.250 00082.290 00074.558 00066.791 00060.359 00054.611 00049.537 00044.807 00042.858 00048.737 00055.434 00063.516 00075.303 00087.483 00100.066 00112.694 00125.370 00138.712 00152.195 00168.284 00184.655 00201.382 00219.559 00238.281
-9999.0 -9999.0 -9999.0 -9999.0 -9999.0 -9999.0 -9999.0 00412.158 00399.771 00387.526 00375.402 00363.396 00351.504 00339.802 00328.262 00316.829 00305.499 00294.282 00283.298 00272.400 00261.590 00250.871 00240.334 00230.042 00219.822 00209.672 00199.594 00189.712 00180.190 00170.721 00161.314 00151.953 00142.616 00134.113 00125.729 00117.386 00109.177 00101.087 00093.014 00084.954 00076.909 00068.879 00061.062 00053.312 00046.549 00040.909 00035.713 00030.299 00035.847 00042.915 00051.980 00063.763 00076.284 00088.847 00101.451 00114.375 00127.656 00142.708 00158.864 00175.309 00193.128 00211.500 00230.285
-9999.0 -9999.0 -9999.0 -9999.0 -9999.0 -9999.0 -9999.0 00412.020 00399.208 00386.756 00374.624 00362.609 00350.712 00338.947 00327.301 00315.773 00304.361 00293.092 00281.960 00270.917 00259.967 00249.234 00238.621 00228.081 00217.612 00207.314 00197.256 00187.271 00177.351 00167.482 00157.972 00148.617 00139.302 00130.028 00120.794 00112.409 00104.100 00095.822 00087.723 00079.670 00071.634 00063.610 00055.622 00047.738 00040.040 00032.884 00027.302 00021.461 00022.947 00030.540 00040.647 00052.654 00065.120 00077.656 00090.246 00103.370 00117.394 00133.440 00149.606 00167.164 00185.228 00203.921 00223.639
-9999.0 -9999.0 -9999.0 -9999.0 -9999.0 -9999.0 -9999.0 00413.641 00400.824 00388.137 00375.564 00363.100 00350.742 00338.506 00326.486 00314.946 00303.515 00292.166 00280.942 00269.835 00258.856 00248.005 00237.239 00226.563 00216.021 00205.641 00195.337 00185.110 00175.048 00165.192 00155.384 00145.623 00136.010 00126.760 00117.537 00108.325 00099.121 00090.823 00082.577 00074.398 00066.367 00058.359 00050.408 00042.511 00034.678 00026.974 00019.363 00013.270 00008.730 00018.156 00029.513 00041.674 00054.011 00066.491 00079.263 00092.345 00108.261 00124.270 00141.552 00159.374 00178.043 00197.407 00217.326
-9999.0 -9999.0 -9999.0 -9999.0 -9999.0 -9999.0 -9999.0 00415.478 00402.602 00389.867 00377.261 00364.777 00352.413 00340.204 00328.105 00316.110 00304.211 00292.389 00280.685 00269.076 00257.803 00246.893 00236.108 00225.413 00214.809 00204.299 00193.885 00183.574 00173.416 00163.308 00153.252 00143.361 00133.663 00124.011 00114.385 00105.096 00095.906 00086.722 00077.556 00069.340 00061.165 00053.131 00045.224 00037.371 00029.572 00021.829 00014.141 00006.510 0.0 00000.000 00018.735 00030.807 00043.013 00055.388 00068.256 00083.198 00099.168 00116.266 00133.879 00152.561 00171.657 00191.649 00212.041
-9999.0 -9999.0 -9999.0 -9999.0 -9999.0 -9999.0 -9999.0 00417.698 00404.746 00391.936 00379.257 00366.744 00354.341 00342.090 00329.959 00317.947 00306.050 00294.240 00282.534 00270.930 00259.426 00248.016 00236.674 00225.397 00214.181 00203.099 00192.653 00182.279 00171.990 00161.793 00151.702 00141.690 00131.756 00121.899 00112.178 00102.579 00092.986 00083.533 00074.371 00065.213 00056.128 00048.054 00040.069 00032.241 00024.476 00016.778 00009.130 00000.000 0.0 0.0 00000.000 00020.049 00032.133 00044.496 00058.236 00074.187 00091.151 00108.696 00127.427 00146.488 00166.261 00186.431 00207.129
-9999.0 -9999.0 -9999.0 -9999.0 -9999.0 -9999.0 -9999.0 -9999.0 00407.469 00394.623 00381.919 00369.340 00356.862 00344.526 00332.320 00320.233 00308.263 00296.393 00284.629 00272.966 00261.406 00249.957 00238.615 00227.361 00216.210 00205.131 00194.120 00183.172 00172.279 00161.439 00150.583 00140.097 00130.129 00120.207 00110.312 00100.503 00090.791 00081.178 00071.614 00062.132 00052.976 00043.933 00035.031 00027.171 00019.424 00011.754 00000.000 0.0 0.0 0.0 0.0 00000.000 00021.365 00033.646 00049.388 00066.079 00083.774 00102.278 00121.295 00140.954 00160.876 00183.405 00206.207
-9999.0 -9999.0 -9999.0 -9999.0 -9999.0 -9999.0 -9999.0 -9999.0 00410.636 00397.719 00384.939 00372.286 00359.754 00347.353 00335.076 00322.921 00310.884 00298.968 00287.151 00275.435 00263.826 00252.347 00240.976 00229.691 00218.497 00207.389 00196.370 00185.439 00174.574 00163.766 00152.999 00142.267 00131.569 00120.871 00110.199 00099.534 00088.870 00078.899 00069.236 00059.572 00050.097 00040.864 00031.801 00022.869 00014.386 00006.747 0.0 0.0 0.0 0.0 0.0 0.0 00000.000 00024.691 00040.857 00058.137 00076.625 00095.936 00118.555 00140.684 00163.014 00185.449 00208.088
-9999.0 -9999.0 -9999.0 -9999.0 -9999.0 -9999.0 -9999.0 -9999.0 00414.332 00401.378 00388.564 00375.880 00363.318 00350.874 00338.569 00326.383 00314.315 00302.362 00290.507 00278.764 00267.122 00255.585 00244.155 00232.812 00221.558 00210.386 00199.308 00188.321 00177.414 00166.570 00155.786 00145.063 00134.403 00123.805 00113.223 00102.649 00092.089 00081.497 00070.866 00060.216 00049.629 00038.915 00028.468 00019.276 00010.338 00000.000 0.0 0.0 0.0 0.0 0.0 0.0 00000.000 00014.856 00032.791 00055.625 00077.947 00099.890 00121.808 00143.736 00165.848 00188.217 00210.927
-9999.0 -9999.0 -9999.0 -9999.0 -9999.0 -9999.0 -9999.0 -9999.0 00418.219 00405.241 00392.406 00379.703 00367.124 00354.646 00342.322 00330.119 00318.031 00306.060 00294.181 00282.416 00270.760 00259.207 00247.762 00236.415 00225.153 00213.977 00202.889 00191.890 00180.982 00170.137 00159.352 00148.629 00137.966 00127.362 00116.805 00106.270 00095.757 00085.261 00074.790 00064.325 00053.908 00043.608 00033.514 00023.256 00013.124 00000.000 0.0 0.0 0.0 0.0 0.0 0.0 0.0 00019.010 00040.147 00061.234 00082.808 00104.366 00126.016 00147.837 00169.898 00192.218 00214.888
-9999.0 -9999.0 -9999.0 -9999.0 -9999.0 -9999.0 -9999.0 -9999.0 -9999.0 00410.093 00397.202 00384.448 00371.822 00359.317 00346.943 00334.694 00322.565 00310.558 00298.676 00286.893 00275.208 00263.624 00252.143 00240.767 00229.475 00218.270 00207.149 00196.116 00185.174 00174.305 00163.497 00152.748 00142.144 00131.652 00121.222 00110.820 00100.437 00090.074 00079.730 00069.404 00059.099 00048.880 00038.885 00029.293 00019.811 00010.447 00000.000 0.0 0.0 0.0 0.0 0.0 00000.000 00028.397 00047.561 00068.409 00089.395 00110.428 00131.531 00152.945 00175.078 00197.477 00220.236
-9999.0 -9999.0 -9999.0 -9999.0 -9999.0 -9999.0 -9999.0 -9999.0 -9999.0 00415.147 00402.220 00389.433 00376.776 00364.237 00351.809 00339.521 00327.353 00315.300 00303.362 00291.515 00279.782 00268.222 00256.824 00245.532 00234.330 00223.215 00212.180 00201.233 00190.376 00179.613 00168.914 00158.280 00147.715 00137.204 00126.739 00116.317 00105.918 00095.617 00085.665 00075.745 00065.859 00056.026 00046.315 00036.743 00027.256 00017.854 00008.531 0.0 0.0 0.0 0.0 00000.000 00022.220 00040.271 00058.796 00077.786 00097.177 00118.279 00139.474 00160.830 00182.468 00204.425 00226.765
-9999.0 -9999.0 -9999.0 -9999.0 -9999.0 -9999.0 -9999.0 -9999.0 -9999.0 -9999.0 00407.365 00394.622 00382.031 00369.566 00357.208 00344.990 00332.895 00320.924 00309.067 00297.314 00285.664 00274.114 00262.665 00251.321 00240.083 00228.956 00217.937 00206.999 00196.143 00185.367 00174.652 00163.986 00153.391 00143.227 00133.116 00123.064 00113.052 00103.073 00093.124 00083.276 00073.478 00063.700 00053.971 00044.333 00034.779 00025.309 00015.924 00000.000 0.0 0.0 0.0 00016.182 00034.126 00052.375 00070.928 00089.653 00108.824 00128.166 00147.719 00169.059 00190.730 00212.647 00234.916
-9999.0 -9999.0 -9999.0 -9999.0 -9999.0 -9999.0 -9999.0 -9999.0 -9999.0 -9999.0 00413.860 00401.074 00388.430 00375.913 00363.511 00351.224 00339.075 00327.044 00315.151 00303.417 00291.770 00280.233 00268.793 00257.450 00246.207 00235.052 00223.978 00212.982 00202.339 00191.862 00181.485 00171.170 00160.914 00150.715 00140.576 00130.528 00120.629 00110.753 00100.899 00091.067 00081.254 00071.461 00061.689 00051.975 00042.356 00032.820 00023.381 00014.019 00000.000 0.0 00000.000 00028.029 00046.177 00064.633 00083.269 00101.978 00120.768 00139.981 00159.610 00179.475 00199.600 00221.415 00243.808
-9999.0 -9999.0 -9999.0 -9999.0 -9999.0 -9999.0 -9999.0 -9999.0 -9999.0 -9999.0 -9999.0 00407.594 00394.952 00382.447 00370.065 00357.786 00345.641 00333.617 00321.704 00309.906 00298.210 00286.611 00275.106 00263.957 00252.980 00242.108 00231.319 00220.623 00210.026 00199.519 00189.094 00178.744 00168.565 00158.459 00148.408 00138.414 00128.477 00118.588 00108.720 00098.872 00089.045 00079.240 00069.453 00059.753 00050.207 00040.684 00031.171 00023.456 00015.114 00000.000 00024.947 00040.506 00058.461 00076.965 00095.641 00114.396 00133.236 00152.267 00171.546 00191.518 00211.793 00232.449 00253.493
-9999.0 -9999.0 -9999.0 -9999.0 -9999.0 -9999.0 -9999.0 -9999.0 -9999.0 -9999.0 -9999.0 00414.674 00401.978 00389.417 00376.974 00364.643 00352.410 00340.309 00328.573 00317.025 00305.589 00294.241 00283.007 00271.871 00260.851 00249.962 00239.168 00228.448 00217.861 00207.429 00197.076 00186.804 00176.609 00166.469 00156.381 00146.347 00136.367 00126.448 00116.574 00106.717 00096.975 00087.381 00077.766 00068.128 00058.484 00050.663 00042.937 00035.604 00028.058 00030.783 00042.127 00054.781 00071.730 00089.733 00108.078 00126.849 00145.799 00164.946 00184.292 00203.902 00224.083 00244.813 00265.941
